PPSORT,CMA,AGE,SEX,RACE,KOL,WORKLANG,MARST,DWEL,MOBL
359002,933,f,a55_59,eo_eeo_Russian,official_lang,work.official_lang,married,other.attached,non.movers
718549,933,f,a10_14,eo_eeo_Russian,official_lang,work.official_lang,no.married,other.attached,non.movers
556933,933,f,a55_59,ao_esao_Chinese,official_lang,work.no.official_lang,married,other.attached,non.movers
155043,933,m,a70_74,eo_bio_English,official_lang,work.official_lang,married,other.attached,non.movers
125653,933,f,a85_,eo_bio_Scottish,official_lang,work.official_lang,married,other.attached,non.movers
90993,933,f,a15_19,eo_bio_Scottish,official_lang,work.official_lang,married,other.attached,non.movers
260215,933,m,a45_49,eo_eeo_Ukrainian,official_lang,work.official_lang,married,other.attached,non.movers
373339,933,f,a45_49,eo_oweo,official_lang,work.no.official_lang,no.married,other.attached,non.movers
428185,933,f,a35_39,eo_obio,official_lang,work.official_lang,married,other.attached,non.movers
878907,933,f,a55_59,eo_neo,official_lang,work.official_lang,no.married,other.attached,other.movers
181442,933,m,a20_24,ao_oesao,official_lang,work.no.official_lang,no.married,single.detached.house,non.movers
623049,933,m,a50_54,eo_oweo,official_lang,work.no.official_lang,no.married,other.attached,non.movers
175126,933,m,a60_64,eo_weo_Dutch,official_lang,work.no.official_lang,married,single.detached.house,non.movers
829364,933,f,a50_54,eo_weo_Dutch,official_lang,work.official_lang,married,single.detached.house,non.movers
85071,933,m,a55_59,eo_bio_Scottish,official_lang,work.official_lang,married,single.detached.house,non.movers
396811,933,f,a40_44,eo_bio_English,official_lang,work.official_lang,married,other.attached,non.movers
464446,933,f,a10_14,ao_esao_Chinese,official_lang,work.official_lang,no.married,other.attached,non.movers
682514,933,m,a50_54,eo_neo,official_lang,work.official_lang,widowed,single.detached.house,non.movers
557859,933,f,a10_14,eo_eeo_Russian,official_lang,work.official_lang,married,single.detached.house,non.movers
802543,933,f,a20_24,naao,official_lang,work.official_lang,married,single.detached.house,non.movers
342545,933,f,a50_54,eo_eeo_Ukrainian,official_lang,work.no.official_lang,no.married,single.detached.house,non.movers
430921,933,m,a45_49,eo_bio_English,official_lang,work.no.official_lang,no.married,other.attached,non.movers
365301,933,f,a55_59,eo_bio_Irish,official_lang,work.official_lang,married,other.attached,non.movers
704618,933,f,a15_19,eo_bio_English,official_lang,work.official_lang,no.married,single.detached.house,non.movers
318740,933,f,a55_59,ao_sao_ei,official_lang,work.no.official_lang,married,other.attached,non.movers
847778,933,f,a45_49,eo_bio_Scottish,official_lang,work.official_lang,no.married,other.attached,non.movers
881135,933,m,a55_59,naao,official_lang,work.official_lang,married,other.attached,other.movers
772261,933,f,a20_24,eo_eeo_Russian,official_lang,work.no.official_lang,no.married,single.detached.house,non.movers
633401,933,m,a35_39,eo_oeeo,official_lang,work.no.official_lang,living.common.law,single.detached.house,non.movers
697314,933,f,a5_9,eo_eeo_Ukrainian,official_lang,work.official_lang,separated,other.attached,non.movers
560479,933,f,a40_44,onao_Canadian,official_lang,work.no.official_lang,married,single.detached.house,non.movers
163552,933,m,a10_14,eo_eeo_Polish,official_lang,work.official_lang,married,other.attached,non.movers
668097,933,f,a15_19,onao_Canadian,official_lang,work.official_lang,living.common.law,single.detached.house,non.movers
6426,933,m,a5_9,onao_Canadian,official_lang,work.official_lang,married,single.detached.house,non.movers
883785,933,f,a85_,naao,official_lang,work.official_lang,no.married,single.detached.house,non.movers
647003,933,f,a15_19,oo,official_lang,work.official_lang,married,single.detached.house,non.movers
532137,933,f,a40_44,eo_obio,official_lang,work.official_lang,no.married,other.attached,non.movers
334403,933,m,a35_39,eo_oweo,official_lang,work.no.official_lang,married,other.attached,other.movers
807730,933,f,a40_44,eo_neo,official_lang,work.no.official_lang,no.married,other.attached,non.movers
587576,933,m,a50_54,eo_eeo_Ukrainian,official_lang,work.official_lang,no.married,other.attached,non.movers
462142,933,m,a50_54,eo_weo_German,official_lang,work.official_lang,married,other.attached,non.movers
107584,933,f,a60_64,eo_bio_English,official_lang,work.no.official_lang,no.married,other.attached,non.movers
188363,933,f,a45_49,eo_weo_German,official_lang,work.no.official_lang,married,other.attached,non.movers
497112,933,f,a20_24,onao_Canadian,official_lang,work.no.official_lang,no.married,single.detached.house,non.movers
450913,933,m,a60_64,ao_esao_Chinese,official_lang,work.official_lang,widowed,single.detached.house,non.movers
316704,933,f,a10_14,eo_neo,official_lang,work.official_lang,married,other.attached,non.movers
804962,933,m,a45_49,eo_obio,official_lang,work.no.official_lang,married,other.attached,non.movers
345497,933,m,a55_59,onao_Canadian,official_lang,work.no.official_lang,living.common.law,single.detached.house,non.movers
446368,933,m,a10_14,naao,official_lang,work.no.official_lang,married,single.detached.house,non.movers
300158,933,f,a45_49,eo_weo_Dutch,official_lang,work.official_lang,married,single.detached.house,non.movers
179862,933,f,a10_14,eo_oweo,official_lang,work.no.official_lang,no.married,single.detached.house,non.movers
861817,933,f,a20_24,eo_bio_Irish,official_lang,work.official_lang,no.married,other.attached,non.movers
200980,933,f,a65_69,eo_bio_Scottish,official_lang,work.official_lang,married,other.attached,other.movers
351882,933,f,a85_,eo_neo,official_lang,work.official_lang,no.married,other.attached,other.movers
217532,933,m,a20_24,eo_fo,official_lang,work.no.official_lang,no.married,single.detached.house,non.movers
779142,933,m,a35_39,onao_Canadian,official_lang,work.official_lang,no.married,other.attached,non.movers
804686,933,f,a50_54,eo_bio_Scottish,official_lang,work.official_lang,no.married,single.detached.house,non.movers
25756,933,m,a55_59,ao_sao_ei,official_lang,work.official_lang,no.married,other.attached,non.movers
16355,933,m,a50_54,eo_bio_Scottish,official_lang,work.official_lang,no.married,other.attached,non.movers
828141,933,m,a60_64,ao_esao_Chinese,official_lang,work.official_lang,no.married,other.attached,non.movers
734098,933,m,a55_59,eo_weo_German,official_lang,work.no.official_lang,no.married,other.attached,non.movers
686521,933,m,a40_44,eo_weo_German,official_lang,work.no.official_lang,married,single.detached.house,non.movers
17850,933,f,a10_14,ao_esao_Chinese,official_lang,work.no.official_lang,living.common.law,other.attached,non.movers
77421,933,m,a50_54,eo_bio_Scottish,official_lang,work.no.official_lang,married,other.attached,non.movers
451735,933,m,a65_69,naao,official_lang,work.official_lang,married,other.attached,non.movers
884090,933,m,a10_14,ao_esao_Chinese,official_lang,work.no.official_lang,married,other.attached,non.movers
390505,933,f,a30_34,onao_Canadian,official_lang,work.no.official_lang,no.married,other.attached,non.movers
770820,933,m,a65_69,eo_eeo_Ukrainian,official_lang,work.official_lang,no.married,single.detached.house,non.movers
214684,933,m,a55_59,eo_neo,official_lang,work.official_lang,married,other.attached,non.movers
651560,933,f,a10_14,eo_bio_Irish,official_lang,work.no.official_lang,no.married,other.attached,non.movers
6552,933,m,a0_4,onao_Canadian,official_lang,work.official_lang,no.married,other.attached,non.movers
259467,933,m,a10_14,eo_eeo_Polish,official_lang,work.no.official_lang,married,other.attached,non.movers
781175,933,m,a15_19,eo_neo,official_lang,work.official_lang,married,other.attached,non.movers
864385,933,m,a40_44,naao,official_lang,work.official_lang,no.married,single.detached.house,non.movers
348030,933,f,a50_54,eo_obio,official_lang,work.official_lang,no.married,other.attached,non.movers
375515,933,m,a60_64,eo_bio_Scottish,official_lang,work.no.official_lang,no.married,other.attached,non.movers
268137,933,m,a60_64,onao_Canadian,official_lang,work.no.official_lang,married,other.attached,non.movers
738877,933,m,a25_29,naao,official_lang,work.official_lang,married,other.attached,non.movers
281331,933,f,a45_49,eo_weo_Dutch,official_lang,work.official_lang,married,other.attached,non.movers
273939,933,f,a60_64,naao,official_lang,work.official_lang,living.common.law,other.attached,non.movers
350651,933,m,a55_59,eo_bio_Scottish,official_lang,work.no.official_lang,married,other.attached,non.movers
626766,933,f,a5_9,eo_neo,official_lang,work.no.official_lang,no.married,single.detached.house,non.movers
415317,933,m,a50_54,onao,official_lang,work.no.official_lang,married,single.detached.house,non.movers
458720,933,f,a10_14,onao,official_lang,work.no.official_lang,no.married,other.attached,non.movers
55259,933,m,a55_59,onao_Canadian,official_lang,work.official_lang,married,single.detached.house,non.movers
144928,933,f,a55_59,eo_seo_Italian,official_lang,work.no.official_lang,married,other.attached,non.movers
707828,933,f,a65_69,onao_Canadian,official_lang,work.no.official_lang,married,other.attached,non.movers
326350,933,m,a50_54,onao_Canadian,official_lang,work.no.official_lang,married,other.attached,non.movers
396028,933,f,a0_4,eo_eeo_Russian,official_lang,work.no.official_lang,no.married,other.attached,non.movers
668680,933,f,a70_74,ao_oesao,official_lang,work.no.official_lang,living.common.law,other.attached,non.movers
106590,933,m,a45_49,eo_obio,official_lang,work.official_lang,no.married,single.detached.house,non.movers
206492,933,m,a60_64,eo_eeo_Ukrainian,official_lang,work.no.official_lang,married,other.attached,non.movers
677523,933,m,a50_54,eo_neo,official_lang,work.no.official_lang,no.married,other.attached,non.movers
569424,933,f,a40_44,eo_eeo_Ukrainian,official_lang,work.no.official_lang,married,single.detached.house,non.movers
367698,933,m,a15_19,eo_weo_Dutch,official_lang,work.official_lang,married,single.detached.house,non.movers
494422,933,f,a40_44,ao_esao_Chinese,official_lang,work.official_lang,widowed,other.attached,non.movers
613604,933,m,a10_14,onao_Canadian,official_lang,work.no.official_lang,living.common.law,single.detached.house,non.movers
348812,933,m,a0_4,eo_seo_Italian,official_lang,work.official_lang,married,other.attached,non.movers
98345,933,m,a70_74,eo_bio_Irish,official_lang,work.no.official_lang,married,other.attached,non.movers
718342,933,f,a65_69,eo_fo,official_lang,work.official_lang,married,single.detached.house,non.movers
55373,933,f,a55_59,eo_eeo_Russian,official_lang,work.official_lang,married,other.attached,non.movers
59440,933,m,a60_64,eo_bio_Scottish,official_lang,work.official_lang,married,other.attached,non.movers
529791,933,m,a15_19,naao,official_lang,work.no.official_lang,married,single.detached.house,non.movers
219097,933,m,a55_59,eo_bio_English,official_lang,work.official_lang,no.married,other.attached,non.movers
453315,933,m,a25_29,onao_Canadian,official_lang,work.official_lang,no.married,single.detached.house,non.movers
383255,933,f,a30_34,eo_neo,official_lang,work.official_lang,no.married,other.attached,other.movers
762693,933,f,a15_19,eo_weo_German,official_lang,work.no.official_lang,married,other.attached,non.movers
645007,933,f,a55_59,onao,official_lang,work.official_lang,married,other.attached,non.movers
73275,933,m,a40_44,eo_eeo_Polish,official_lang,work.official_lang,married,single.detached.house,non.movers
758873,933,m,a20_24,onao_Canadian,official_lang,work.official_lang,married,single.detached.house,non.movers
487006,933,f,a0_4,onao_Canadian,official_lang,work.no.official_lang,married,other.attached,non.movers
143154,933,m,a20_24,onao_Canadian,official_lang,work.official_lang,married,other.attached,non.movers
683986,933,f,a10_14,eo_weo_German,official_lang,work.official_lang,no.married,other.attached,non.movers
476141,933,f,a40_44,naao,official_lang,work.official_lang,no.married,other.attached,non.movers
329546,933,f,a65_69,eo_bio_Scottish,official_lang,work.no.official_lang,married,other.attached,other.movers
39593,933,f,a70_74,eo_bio_English,official_lang,work.no.official_lang,no.married,other.attached,non.movers
434798,933,f,a0_4,eo_eeo_Ukrainian,official_lang,work.no.official_lang,married,single.detached.house,non.movers
59728,933,f,a60_64,eo_bio_English,official_lang,work.official_lang,married,single.detached.house,non.movers
722752,933,f,a10_14,naao,no.official_lang,work.no.official_lang,married,single.detached.house,non.movers
9107,933,f,a5_9,onao_Canadian,official_lang,work.official_lang,married,other.attached,non.movers
909635,933,f,a45_49,eo_neo,official_lang,work.official_lang,married,other.attached,non.movers
864065,933,f,a45_49,eo_bio_English,official_lang,work.official_lang,married,other.attached,non.movers
693507,933,f,a55_59,eo_bio_English,official_lang,work.official_lang,no.married,other.attached,non.movers
193210,933,m,a85_,eo_neo,official_lang,work.official_lang,married,other.attached,non.movers
850821,933,m,a55_59,eo_seo_Italian,official_lang,work.official_lang,married,other.attached,non.movers
929787,933,m,a10_14,ao_esao_Chinese,official_lang,work.no.official_lang,married,other.attached,non.movers
34352,933,f,a60_64,ao_sao_ei,official_lang,work.official_lang,married,other.attached,non.movers
813527,933,f,a60_64,eo_eeo_Russian,official_lang,work.official_lang,no.married,single.detached.house,non.movers
547175,933,f,a65_69,onao_Canadian,official_lang,work.official_lang,married,other.attached,non.movers
730604,933,f,a50_54,eo_eeo_Ukrainian,official_lang,work.no.official_lang,married,other.attached,non.movers
927663,933,f,a10_14,eo_oweo,official_lang,work.official_lang,married,other.attached,non.movers
730857,933,m,a10_14,eo_fo,official_lang,work.official_lang,no.married,other.attached,other.movers
141385,933,m,a85_,naao,official_lang,work.no.official_lang,married,other.attached,non.movers
365816,933,m,a50_54,naao,official_lang,work.no.official_lang,married,other.attached,non.movers
355562,933,f,a85_,naao,official_lang,work.official_lang,married,other.attached,non.movers
564270,933,f,a10_14,onao,official_lang,work.official_lang,married,other.attached,non.movers
78784,933,m,a70_74,eo_bio_Irish,official_lang,work.no.official_lang,married,other.attached,non.movers
816912,933,f,a60_64,eo_weo_German,official_lang,work.official_lang,no.married,other.attached,non.movers
631286,933,f,a50_54,onao_Canadian,official_lang,work.no.official_lang,married,other.attached,non.movers
449056,933,m,a40_44,eo_bio_English,official_lang,work.no.official_lang,married,single.detached.house,non.movers
201812,933,f,a60_64,eo_bio_Scottish,official_lang,work.official_lang,married,other.attached,non.movers
35716,933,m,a20_24,eo_bio_Irish,official_lang,work.official_lang,separated,other.attached,other.movers
512756,933,f,a20_24,eo_eeo_Ukrainian,official_lang,work.official_lang,married,other.attached,non.movers
52279,933,m,a70_74,eo_seo_Italian,official_lang,work.official_lang,no.married,other.attached,external.movers
373080,933,m,a45_49,naao,official_lang,work.no.official_lang,married,other.attached,non.movers
319440,933,m,a40_44,eo_neo,official_lang,work.official_lang,married,other.attached,non.movers
465469,933,m,a65_69,eo_bio_Irish,official_lang,work.no.official_lang,married,other.attached,non.movers
469083,933,m,a5_9,eo_bio_Irish,official_lang,work.no.official_lang,married,single.detached.house,non.movers
221809,933,m,a20_24,eo_neo,official_lang,work.official_lang,no.married,other.attached,non.movers
735412,933,f,a45_49,onao_Canadian,official_lang,work.official_lang,widowed,other.attached,non.movers
145965,933,f,a55_59,eo_seo_Italian,official_lang,work.no.official_lang,married,other.attached,non.movers
306442,933,f,a60_64,eo_bio_Irish,official_lang,work.official_lang,no.married,other.attached,non.movers
882740,933,f,a30_34,naao,official_lang,work.official_lang,no.married,other.attached,non.movers
487914,933,f,a10_14,eo_eeo_Ukrainian,official_lang,work.no.official_lang,living.common.law,other.attached,non.movers
181631,933,m,a30_34,onao_Canadian,official_lang,work.official_lang,married,other.attached,non.movers
311990,933,m,a15_19,eo_oweo,official_lang,work.official_lang,no.married,other.attached,non.movers
580474,933,m,a5_9,ao_esao_Chinese,official_lang,work.official_lang,no.married,single.detached.house,non.movers
738107,933,f,a65_69,eo_weo_Dutch,official_lang,work.no.official_lang,married,other.attached,non.movers
652015,933,m,a55_59,naao,official_lang,work.official_lang,married,other.attached,non.movers
515615,933,f,a10_14,ao_sao_ei,official_lang,work.no.official_lang,no.married,other.attached,non.movers
5498,933,f,a20_24,eo_eeo_Ukrainian,official_lang,work.official_lang,married,single.detached.house,non.movers
724034,933,f,a10_14,eo_eeo_Polish,official_lang,work.official_lang,separated,other.attached,non.movers
210694,933,f,a25_29,onao_Canadian,official_lang,work.official_lang,no.married,single.detached.house,non.movers
778485,933,m,a10_14,eo_bio_Scottish,official_lang,work.no.official_lang,no.married,other.attached,non.movers
217686,933,f,a10_14,onao_Canadian,official_lang,work.official_lang,married,single.detached.house,non.movers
445698,933,f,a60_64,eo_eeo_Russian,official_lang,work.no.official_lang,no.married,other.attached,non.movers
750709,933,f,a50_54,eo_weo_German,official_lang,work.official_lang,married,other.attached,non.movers
383684,933,m,a10_14,eo_bio_Scottish,official_lang,work.official_lang,living.common.law,other.attached,non.movers
4539,933,m,a20_24,eo_bio_English,official_lang,work.official_lang,married,single.detached.house,non.movers
722359,933,f,a65_69,eo_bio_Scottish,official_lang,work.official_lang,living.common.law,other.attached,non.movers
481160,933,m,a5_9,eo_weo_German,official_lang,work.official_lang,married,other.attached,non.movers
535593,933,f,a60_64,eo_neo,official_lang,work.no.official_lang,no.married,single.detached.house,non.movers
414298,933,f,a50_54,eo_bio_Irish,official_lang,work.official_lang,married,other.attached,non.movers
288676,933,f,a20_24,eo_neo,official_lang,work.official_lang,married,single.detached.house,non.movers
364781,933,f,a15_19,eo_bio_Scottish,official_lang,work.official_lang,married,other.attached,non.movers
85700,933,f,a5_9,eo_bio_Scottish,official_lang,work.no.official_lang,no.married,other.attached,non.movers
863158,933,m,a10_14,eo_eeo_Russian,official_lang,work.no.official_lang,no.married,other.attached,non.movers
246298,933,m,a55_59,eo_bio_English,official_lang,work.official_lang,married,other.attached,non.movers
4289,933,m,a80_84,ao_sao_ei,official_lang,work.official_lang,no.married,other.attached,non.movers
111145,933,f,a10_14,ao_sao_ei,official_lang,work.official_lang,married,other.attached,non.movers
48156,933,m,a5_9,eo_weo_Dutch,official_lang,work.no.official_lang,no.married,single.detached.house,non.movers
402957,933,f,a45_49,eo_bio_Scottish,official_lang,work.official_lang,married,other.attached,non.movers
293655,933,f,a20_24,eo_bio_Scottish,official_lang,work.official_lang,no.married,other.attached,non.movers
545174,933,f,a65_69,eo_eeo_Russian,official_lang,work.no.official_lang,no.married,other.attached,non.movers
109232,933,f,a50_54,naao,official_lang,work.no.official_lang,no.married,other.attached,non.movers
235377,933,f,a55_59,naao,official_lang,work.official_lang,no.married,other.attached,non.movers
867095,933,m,a70_74,eo_bio_English,official_lang,work.no.official_lang,no.married,other.attached,non.movers
541523,933,m,a65_69,eo_eeo_Ukrainian,official_lang,work.official_lang,no.married,other.attached,non.movers
569787,933,f,a70_74,eo_bio_Scottish,official_lang,work.no.official_lang,married,other.attached,non.movers
739023,933,m,a15_19,eo_fo,official_lang,work.no.official_lang,married,single.detached.house,non.movers
659920,933,m,a40_44,naao,official_lang,work.no.official_lang,married,other.attached,non.movers
140026,933,m,a60_64,ao_oesao,official_lang,work.no.official_lang,divorced,single.detached.house,non.movers
586140,933,f,a30_34,eo_eeo_Russian,official_lang,work.official_lang,married,other.attached,non.movers
285818,933,m,a55_59,ao_esao_Chinese,official_lang,work.no.official_lang,married,other.attached,non.movers
760661,933,m,a60_64,naao,official_lang,work.official_lang,married,other.attached,non.movers
11352,933,m,a45_49,eo_eeo_Ukrainian,official_lang,work.no.official_lang,no.married,other.attached,non.movers
189726,933,f,a10_14,onao,official_lang,work.official_lang,divorced,single.detached.house,non.movers
273483,933,f,a45_49,eo_seo_Italian,official_lang,work.official_lang,no.married,other.attached,non.movers
742935,933,m,a40_44,eo_neo,official_lang,work.official_lang,married,other.attached,non.movers
123192,933,f,a60_64,eo_neo,official_lang,work.official_lang,married,other.attached,non.movers
813344,933,m,a0_4,naao,official_lang,work.official_lang,married,other.attached,non.movers
118636,933,f,a10_14,eo_bio_Scottish,official_lang,work.no.official_lang,married,other.attached,non.movers
289474,933,m,a40_44,eo_weo_German,official_lang,work.official_lang,no.married,other.attached,non.movers
360480,933,f,a10_14,eo_oweo,official_lang,work.official_lang,married,other.attached,non.movers
559900,933,m,a10_14,eo_seo_Italian,official_lang,work.official_lang,no.married,single.detached.house,non.movers
555181,933,m,a40_44,eo_bio_Scottish,official_lang,work.official_lang,no.married,single.detached.house,non.movers
656302,933,f,a50_54,eo_weo_Dutch,official_lang,work.no.official_lang,no.married,other.attached,non.movers
438144,933,f,a60_64,eo_bio_Irish,official_lang,work.official_lang,married,other.attached,non.movers
214046,933,m,a50_54,ao_esao_Chinese,official_lang,work.official_lang,married,other.attached,non.movers
42568,933,m,a20_24,eo_bio_Scottish,official_lang,work.official_lang,married,other.attached,non.movers
698023,933,f,a20_24,eo_bio_English,official_lang,work.official_lang,married,other.attached,non.movers
435182,933,m,a60_64,eo_bio_Irish,official_lang,work.official_lang,married,single.detached.house,non.movers
869144,933,m,a20_24,eo_obio,official_lang,work.no.official_lang,married,other.attached,non.movers
267904,933,m,a15_19,eo_fo,official_lang,work.official_lang,no.married,other.attached,non.movers
295922,933,m,a35_39,eo_neo,official_lang,work.no.official_lang,divorced,other.attached,non.movers
72963,933,f,a65_69,eo_fo,official_lang,work.official_lang,no.married,other.attached,other.movers
414076,933,m,a10_14,eo_oeeo,official_lang,work.no.official_lang,married,single.detached.house,non.movers
446722,933,m,a10_14,eo_neo,official_lang,work.official_lang,married,other.attached,non.movers
802196,933,f,a55_59,ao_esao_Chinese,official_lang,work.no.official_lang,no.married,other.attached,non.movers
684461,933,m,a20_24,eo_eeo_Ukrainian,official_lang,work.official_lang,no.married,other.attached,non.movers
736132,933,f,a40_44,eo_weo_German,official_lang,work.official_lang,married,other.attached,other.movers
371277,933,m,a25_29,eo_obio,official_lang,work.no.official_lang,living.common.law,single.detached.house,non.movers
852678,933,m,a10_14,onao_Canadian,official_lang,work.no.official_lang,married,other.attached,non.movers
753695,933,m,a65_69,eo_neo,official_lang,work.official_lang,no.married,other.attached,non.movers
848112,933,m,a5_9,ao_esao_Chinese,official_lang,work.official_lang,married,single.detached.house,non.movers
183439,933,m,a65_69,naao,official_lang,work.no.official_lang,married,other.attached,non.movers
690101,933,f,a5_9,eo_bio_English,official_lang,work.official_lang,divorced,single.detached.house,non.movers
172501,933,m,a25_29,naao,official_lang,work.official_lang,no.married,other.attached,non.movers
596922,933,f,a55_59,eo_bio_Irish,official_lang,work.no.official_lang,married,other.attached,non.movers
865821,933,f,a5_9,eo_neo,official_lang,work.official_lang,no.married,other.attached,non.movers
224683,933,m,a60_64,eo_oweo,official_lang,work.no.official_lang,married,single.detached.house,non.movers
307599,933,f,a20_24,eo_bio_English,official_lang,work.official_lang,married,other.attached,other.movers
594819,933,f,a50_54,eo_bio_Scottish,official_lang,work.no.official_lang,divorced,other.attached,non.movers
364619,933,m,a50_54,eo_obio,official_lang,work.official_lang,married,single.detached.house,non.movers
567377,933,m,a15_19,eo_oweo,official_lang,work.no.official_lang,no.married,other.attached,other.movers
318182,933,f,a50_54,eo_eeo_Ukrainian,official_lang,work.no.official_lang,married,other.attached,non.movers
88684,933,f,a50_54,lcsao,official_lang,work.no.official_lang,married,other.attached,external.movers
872190,933,m,a0_4,eo_seo_Italian,official_lang,work.official_lang,married,other.attached,non.movers
451116,933,m,a10_14,naao,official_lang,work.official_lang,living.common.law,other.attached,non.movers
721914,933,m,a65_69,eo_neo,official_lang,work.official_lang,married,other.attached,other.movers
477686,933,f,a60_64,eo_bio_English,official_lang,work.no.official_lang,no.married,other.attached,non.movers
274004,933,f,a65_69,eo_bio_Scottish,official_lang,work.no.official_lang,widowed,other.attached,non.movers
307596,933,m,a55_59,eo_weo_Dutch,official_lang,work.official_lang,no.married,other.attached,non.movers
905400,933,f,a40_44,eo_weo_Dutch,official_lang,work.official_lang,no.married,other.attached,non.movers
285456,933,m,a45_49,onao,official_lang,work.no.official_lang,married,other.attached,non.movers
172357,933,f,a35_39,eo_bio_Scottish,official_lang,work.no.official_lang,married,single.detached.house,non.movers
249668,933,f,a15_19,eo_weo_German,official_lang,work.no.official_lang,married,other.attached,non.movers
221769,933,f,a35_39,eo_weo_Dutch,official_lang,work.no.official_lang,no.married,other.attached,non.movers
538019,933,m,a60_64,eo_weo_German,official_lang,work.official_lang,no.married,other.attached,non.movers
202826,933,f,a40_44,eo_weo_German,official_lang,work.official_lang,married,other.attached,non.movers
79017,933,f,a0_4,eo_neo,official_lang,work.no.official_lang,married,single.detached.house,non.movers
345849,933,m,a35_39,eo_neo,official_lang,work.official_lang,widowed,other.attached,non.movers
632446,933,m,a0_4,eo_fo,official_lang,work.official_lang,married,single.detached.house,non.movers
353305,933,f,a60_64,eo_weo_German,official_lang,work.official_lang,married,other.attached,non.movers
304097,933,m,a40_44,eo_eeo_Russian,official_lang,work.official_lang,married,other.attached,non.movers
817019,933,f,a45_49,onao_Canadian,official_lang,work.official_lang,married,single.detached.house,non.movers
115722,933,m,a50_54,eo_eeo_Russian,official_lang,work.official_lang,no.married,single.detached.house,non.movers
917903,933,f,a55_59,eo_oeeo,no.official_lang,work.official_lang,married,other.attached,non.movers
678606,933,f,a10_14,eo_eeo_Polish,no.official_lang,work.official_lang,no.married,other.attached,non.movers
294161,933,f,a40_44,eo_weo_Dutch,official_lang,work.no.official_lang,married,single.detached.house,non.movers
28612,933,m,a50_54,eo_bio_Scottish,official_lang,work.official_lang,no.married,single.detached.house,non.movers
223651,933,m,a80_84,eo_obio,official_lang,work.official_lang,no.married,other.attached,non.movers
189625,933,m,a55_59,eo_oweo,official_lang,work.no.official_lang,no.married,other.attached,non.movers
781221,933,m,a35_39,eo_bio_English,official_lang,work.no.official_lang,no.married,other.attached,non.movers
473574,933,f,a65_69,eo_bio_Scottish,official_lang,work.official_lang,no.married,other.attached,non.movers
599801,933,f,a65_69,eo_obio,official_lang,work.no.official_lang,no.married,other.attached,non.movers
137835,933,f,a15_19,eo_bio_English,official_lang,work.official_lang,married,other.attached,non.movers
358891,933,f,a55_59,eo_bio_Scottish,official_lang,work.official_lang,married,other.attached,non.movers
630018,933,f,a15_19,ao_esao_Chinese,official_lang,work.no.official_lang,no.married,other.attached,non.movers
794596,933,f,a65_69,eo_eeo_Ukrainian,official_lang,work.official_lang,married,other.attached,external.movers
127786,933,m,a50_54,ao_oesao,official_lang,work.official_lang,no.married,other.attached,non.movers
305098,933,m,a45_49,eo_weo_German,official_lang,work.no.official_lang,no.married,other.attached,other.movers
689662,933,m,a30_34,onao_Canadian,official_lang,work.no.official_lang,no.married,other.attached,non.movers
763502,933,f,a45_49,eo_eeo_Russian,official_lang,work.official_lang,no.married,other.attached,non.movers
716308,933,m,a50_54,ao_esao_Chinese,official_lang,work.official_lang,married,other.attached,non.movers
558734,933,f,a55_59,eo_bio_Irish,official_lang,work.no.official_lang,married,other.attached,non.movers
387738,933,f,a55_59,onao_Canadian,official_lang,work.official_lang,no.married,other.attached,non.movers
864791,933,f,a45_49,eo_bio_Scottish,official_lang,work.no.official_lang,no.married,other.attached,non.movers
250230,933,f,a5_9,naao,official_lang,work.official_lang,no.married,other.attached,non.movers
67809,933,m,a40_44,eo_neo,official_lang,work.official_lang,living.common.law,other.attached,non.movers
420772,933,f,a15_19,eo_seo_Italian,official_lang,work.no.official_lang,married,other.attached,non.movers
52958,933,f,a60_64,eo_obio,official_lang,work.no.official_lang,no.married,other.attached,other.movers
547424,933,m,a5_9,lcsao,official_lang,work.official_lang,no.married,other.attached,other.movers
301404,933,m,a25_29,ao_esao_Chinese,official_lang,work.official_lang,no.married,other.attached,non.movers
633886,933,f,a45_49,eo_obio,official_lang,work.official_lang,married,other.attached,non.movers
74744,933,m,a10_14,eo_eeo_Russian,official_lang,work.no.official_lang,no.married,other.attached,non.movers
597246,933,f,a0_4,eo_bio_Scottish,official_lang,work.no.official_lang,no.married,other.attached,non.movers
217134,933,f,a85_,eo_bio_Irish,official_lang,work.official_lang,married,other.attached,non.movers
83565,933,m,a40_44,eo_bio_Scottish,official_lang,work.official_lang,married,single.detached.house,non.movers
849441,933,f,a10_14,eo_weo_German,official_lang,work.official_lang,married,other.attached,other.movers
712501,933,m,a70_74,eo_fo,official_lang,work.official_lang,no.married,other.attached,non.movers
339824,933,m,a35_39,eo_obio,official_lang,work.official_lang,no.married,other.attached,non.movers
149385,933,f,a5_9,naao,official_lang,work.no.official_lang,married,single.detached.house,non.movers
662407,933,f,a60_64,eo_neo,official_lang,work.official_lang,married,other.attached,non.movers
372220,933,f,a50_54,onao_Canadian,official_lang,work.official_lang,married,other.attached,non.movers
784851,933,m,a10_14,eo_weo_German,official_lang,work.official_lang,no.married,other.attached,non.movers
336934,933,m,a65_69,onao_Canadian,official_lang,work.no.official_lang,married,other.attached,other.movers
743109,933,m,a25_29,eo_bio_English,official_lang,work.no.official_lang,no.married,single.detached.house,non.movers
629090,933,f,a55_59,eo_neo,official_lang,work.official_lang,living.common.law,other.attached,non.movers
141614,933,f,a55_59,oo,official_lang,work.official_lang,no.married,single.detached.house,non.movers
396386,933,f,a40_44,eo_neo,official_lang,work.official_lang,married,other.attached,non.movers
461165,933,f,a70_74,eo_eeo_Ukrainian,official_lang,work.official_lang,married,other.attached,non.movers
109706,933,f,a40_44,eo_fo,official_lang,work.official_lang,no.married,other.attached,non.movers
293493,933,f,a20_24,eo_bio_Irish,official_lang,work.no.official_lang,no.married,single.detached.house,non.movers
412211,933,m,a40_44,eo_weo_Dutch,official_lang,work.official_lang,no.married,single.detached.house,non.movers
78487,933,m,a50_54,eo_bio_Irish,official_lang,work.official_lang,married,single.detached.house,non.movers
152378,933,f,a5_9,onao_Canadian,official_lang,work.official_lang,no.married,other.attached,non.movers
838848,933,m,a60_64,ao_sao_ei,official_lang,work.official_lang,married,other.attached,non.movers
7974,933,m,a40_44,onao,official_lang,work.official_lang,no.married,other.attached,other.movers
4156,933,m,a65_69,eo_eeo_Ukrainian,official_lang,work.no.official_lang,married,other.attached,non.movers
530761,933,f,a15_19,eo_fo,official_lang,work.no.official_lang,no.married,other.attached,other.movers
910039,933,m,a20_24,eo_bio_English,official_lang,work.official_lang,no.married,single.detached.house,non.movers
609662,933,f,a60_64,eo_seo_Italian,official_lang,work.no.official_lang,married,single.detached.house,non.movers
6143,933,m,a10_14,naao,official_lang,work.official_lang,married,other.attached,non.movers
833979,933,m,a35_39,eo_bio_Scottish,official_lang,work.no.official_lang,living.common.law,other.attached,non.movers
413169,933,f,a40_44,eo_eeo_Ukrainian,official_lang,work.no.official_lang,married,other.attached,non.movers
450140,933,m,a15_19,eo_eeo_Ukrainian,official_lang,work.official_lang,married,other.attached,non.movers
750906,933,f,a20_24,eo_fo,official_lang,work.no.official_lang,married,other.attached,non.movers
175332,933,f,a60_64,eo_bio_Scottish,official_lang,work.official_lang,no.married,single.detached.house,non.movers
312864,933,m,a40_44,eo_bio_English,official_lang,work.official_lang,no.married,other.attached,non.movers
191184,933,f,a45_49,naao,official_lang,work.official_lang,no.married,single.detached.house,non.movers
582821,933,m,a50_54,eo_neo,official_lang,work.no.official_lang,married,single.detached.house,non.movers
646213,933,m,a45_49,ao_sao_ei,official_lang,work.official_lang,married,other.attached,non.movers
232344,933,m,a45_49,ao_esao_Chinese,official_lang,work.official_lang,no.married,single.detached.house,non.movers
222044,933,m,a0_4,eo_bio_Scottish,official_lang,work.no.official_lang,no.married,other.attached,non.movers
868108,933,m,a60_64,eo_bio_English,official_lang,work.no.official_lang,living.common.law,other.attached,non.movers
583709,933,f,a55_59,eo_weo_Dutch,official_lang,work.official_lang,married,other.attached,non.movers
262106,933,m,a40_44,onao_Canadian,official_lang,work.no.official_lang,no.married,single.detached.house,non.movers
642715,933,m,a10_14,eo_eeo_Ukrainian,official_lang,work.official_lang,widowed,single.detached.house,non.movers
46710,933,m,a60_64,eo_neo,official_lang,work.official_lang,no.married,other.attached,non.movers
441245,933,f,a30_34,eo_fo,official_lang,work.no.official_lang,married,other.attached,non.movers
621602,933,f,a10_14,onao_Canadian,official_lang,work.no.official_lang,married,other.attached,non.movers
50204,933,m,a45_49,eo_neo,official_lang,work.official_lang,married,other.attached,non.movers
383857,933,f,a45_49,eo_oeeo,official_lang,work.no.official_lang,married,other.attached,other.movers
523973,933,m,a15_19,eo_obio,official_lang,work.no.official_lang,living.common.law,other.attached,non.movers
879728,933,m,a50_54,lcsao,official_lang,work.official_lang,married,single.detached.house,non.movers
819893,933,m,a50_54,eo_bio_Irish,official_lang,work.no.official_lang,living.common.law,other.attached,non.movers
506225,933,m,a40_44,eo_fo,official_lang,work.official_lang,no.married,other.attached,non.movers
58823,933,f,a5_9,eo_neo,official_lang,work.no.official_lang,married,other.attached,non.movers
398166,933,f,a55_59,ao_sao_ei,official_lang,work.no.official_lang,married,other.attached,non.movers
365152,933,m,a55_59,eo_fo,official_lang,work.official_lang,married,single.detached.house,non.movers
708184,933,m,a0_4,eo_fo,official_lang,work.official_lang,no.married,other.attached,non.movers
108677,933,m,a40_44,eo_oweo,official_lang,work.official_lang,married,other.attached,non.movers
452522,933,f,a25_29,naao,official_lang,work.no.official_lang,married,other.attached,non.movers
716355,933,m,a50_54,eo_bio_Irish,official_lang,work.official_lang,no.married,other.attached,non.movers
391087,933,f,a20_24,eo_obio,official_lang,work.official_lang,married,other.attached,non.movers
871210,933,f,a15_19,onao_Canadian,official_lang,work.no.official_lang,widowed,other.attached,non.movers
146778,933,m,a15_19,eo_weo_Dutch,official_lang,work.official_lang,no.married,other.attached,non.movers
538673,933,m,a20_24,onao_Canadian,official_lang,work.no.official_lang,married,other.attached,non.movers
601730,933,m,a10_14,eo_weo_German,official_lang,work.no.official_lang,no.married,other.attached,non.movers
66455,933,f,a45_49,eo_eeo_Polish,official_lang,work.no.official_lang,married,other.attached,non.movers
916516,933,m,a10_14,eo_bio_Irish,official_lang,work.official_lang,married,other.attached,non.movers
535206,933,f,a60_64,eo_oeeo,official_lang,work.official_lang,married,other.attached,other.movers
576821,933,m,a60_64,onao_Canadian,official_lang,work.official_lang,living.common.law,other.attached,non.movers
239988,933,f,a40_44,eo_bio_English,official_lang,work.official_lang,married,single.detached.house,non.movers
471371,933,f,a15_19,eo_weo_German,official_lang,work.official_lang,no.married,other.attached,non.movers
744977,933,m,a65_69,eo_weo_German,official_lang,work.official_lang,no.married,single.detached.house,non.movers
644485,933,f,a60_64,eo_bio_English,official_lang,work.no.official_lang,married,other.attached,non.movers
311364,933,f,a80_84,eo_weo_Dutch,official_lang,work.official_lang,married,other.attached,non.movers
76150,933,m,a50_54,eo_weo_Dutch,official_lang,work.no.official_lang,separated,single.detached.house,non.movers
277992,933,m,a5_9,eo_neo,official_lang,work.official_lang,no.married,other.attached,non.movers
799739,933,m,a10_14,naao,official_lang,work.no.official_lang,married,other.attached,non.movers
290903,933,f,a35_39,onao_Canadian,official_lang,work.official_lang,married,other.attached,non.movers
267453,933,f,a55_59,eo_obio,official_lang,work.no.official_lang,no.married,single.detached.house,non.movers
690343,933,f,a50_54,onao,official_lang,work.official_lang,no.married,other.attached,non.movers
113594,933,m,a45_49,eo_bio_Scottish,official_lang,work.no.official_lang,no.married,other.attached,non.movers
424528,933,m,a5_9,eo_oweo,official_lang,work.official_lang,no.married,other.attached,non.movers
407450,933,f,a50_54,onao_Canadian,official_lang,work.no.official_lang,married,single.detached.house,non.movers
339234,933,m,a35_39,onao_Canadian,official_lang,work.no.official_lang,married,single.detached.house,non.movers
297048,933,f,a35_39,eo_bio_English,official_lang,work.no.official_lang,no.married,other.attached,non.movers
389688,933,f,a85_,eo_weo_German,official_lang,work.official_lang,married,other.attached,non.movers
671666,933,f,a45_49,naao,official_lang,work.official_lang,no.married,other.attached,non.movers
728235,933,m,a60_64,eo_weo_Dutch,official_lang,work.official_lang,no.married,other.attached,non.movers
252469,933,f,a5_9,naao,official_lang,work.no.official_lang,married,other.attached,non.movers
21164,933,f,a50_54,eo_obio,official_lang,work.official_lang,married,other.attached,non.movers
898320,933,f,a10_14,eo_bio_Scottish,official_lang,work.official_lang,living.common.law,single.detached.house,non.movers
345583,933,m,a60_64,ao_esao_Chinese,official_lang,work.no.official_lang,married,other.attached,non.movers
858338,933,f,a55_59,eo_eeo_Russian,official_lang,work.official_lang,no.married,other.attached,non.movers
929335,933,f,a50_54,eo_obio,official_lang,work.official_lang,no.married,other.attached,external.movers
184632,933,m,a50_54,eo_bio_Scottish,no.official_lang,work.official_lang,married,other.attached,non.movers
567962,933,f,a50_54,eo_bio_Scottish,official_lang,work.official_lang,no.married,other.attached,non.movers
167008,933,m,a15_19,eo_neo,official_lang,work.no.official_lang,married,other.attached,non.movers
902196,933,m,a5_9,eo_weo_Dutch,official_lang,work.no.official_lang,no.married,other.attached,non.movers
272185,933,f,a10_14,ao_esao_Chinese,official_lang,work.no.official_lang,no.married,other.attached,non.movers
176001,933,m,a10_14,eo_bio_English,official_lang,work.official_lang,no.married,single.detached.house,non.movers
21756,933,m,a10_14,eo_neo,official_lang,work.official_lang,married,other.attached,non.movers
95666,933,m,a60_64,eo_weo_Dutch,official_lang,work.official_lang,divorced,other.attached,non.movers
530491,933,f,a15_19,eo_obio,official_lang,work.official_lang,married,other.attached,non.movers
293955,933,f,a45_49,eo_eeo_Polish,official_lang,work.official_lang,no.married,other.attached,non.movers
115049,933,f,a45_49,eo_eeo_Russian,official_lang,work.no.official_lang,no.married,single.detached.house,non.movers
684389,933,f,a20_24,eo_eeo_Russian,official_lang,work.official_lang,married,other.attached,non.movers
63342,933,f,a40_44,eo_bio_Irish,official_lang,work.official_lang,no.married,single.detached.house,non.movers
127504,933,f,a45_49,onao_Canadian,official_lang,work.no.official_lang,married,other.attached,other.movers
517500,933,m,a10_14,ao_esao_Chinese,official_lang,work.no.official_lang,no.married,other.attached,non.movers
8440,933,f,a10_14,eo_bio_Scottish,official_lang,work.official_lang,married,other.attached,non.movers
677619,933,f,a10_14,eo_bio_Irish,official_lang,work.no.official_lang,married,single.detached.house,non.movers
672718,933,m,a10_14,onao,official_lang,work.official_lang,living.common.law,single.detached.house,non.movers
780978,933,m,a40_44,eo_oweo,official_lang,work.official_lang,married,other.attached,other.movers
45039,933,m,a45_49,eo_fo,official_lang,work.official_lang,married,single.detached.house,non.movers
154716,933,f,a5_9,eo_obio,official_lang,work.official_lang,no.married,single.detached.house,non.movers
196971,933,m,a10_14,eo_seo_Italian,official_lang,work.no.official_lang,no.married,other.attached,non.movers
22935,933,m,a40_44,eo_obio,official_lang,work.official_lang,married,other.attached,non.movers
539783,933,f,a60_64,eo_bio_Scottish,official_lang,work.official_lang,no.married,other.attached,other.movers
526892,933,m,a55_59,eo_oweo,official_lang,work.no.official_lang,married,other.attached,non.movers
537834,933,m,a60_64,eo_eeo_Ukrainian,official_lang,work.official_lang,married,other.attached,other.movers
799603,933,m,a60_64,onao_Canadian,official_lang,work.official_lang,married,other.attached,non.movers
661600,933,f,a10_14,eo_eeo_Ukrainian,official_lang,work.official_lang,married,other.attached,non.movers
448235,933,m,a50_54,eo_eeo_Russian,official_lang,work.official_lang,married,other.attached,non.movers
29577,933,f,a10_14,lcsao,official_lang,work.official_lang,living.common.law,other.attached,other.movers
752088,933,m,a10_14,naao,official_lang,work.no.official_lang,no.married,other.attached,other.movers
145341,933,m,a60_64,eo_obio,official_lang,work.official_lang,married,single.detached.house,non.movers
226045,933,m,a50_54,naao,official_lang,work.official_lang,married,other.attached,non.movers
159229,933,m,a10_14,eo_obio,official_lang,work.official_lang,married,single.detached.house,non.movers
524448,933,f,a20_24,eo_bio_English,official_lang,work.no.official_lang,living.common.law,other.attached,non.movers
872165,933,m,a0_4,eo_eeo_Ukrainian,official_lang,work.official_lang,married,other.attached,non.movers
499544,933,f,a35_39,eo_bio_Scottish,official_lang,work.no.official_lang,married,other.attached,non.movers
313100,933,m,a35_39,onao_Canadian,official_lang,work.no.official_lang,no.married,other.attached,non.movers
554704,933,f,a40_44,eo_eeo_Ukrainian,official_lang,work.official_lang,no.married,other.attached,non.movers
284160,933,f,a10_14,eo_weo_Dutch,official_lang,work.no.official_lang,no.married,single.detached.house,non.movers
506166,933,m,a55_59,eo_bio_Scottish,official_lang,work.no.official_lang,no.married,single.detached.house,non.movers
332066,933,m,a35_39,eo_bio_English,official_lang,work.official_lang,no.married,single.detached.house,non.movers
284624,933,m,a60_64,eo_obio,official_lang,work.official_lang,married,other.attached,non.movers
821682,933,m,a40_44,eo_eeo_Russian,official_lang,work.no.official_lang,married,single.detached.house,non.movers
124583,933,f,a0_4,eo_weo_Dutch,official_lang,work.no.official_lang,married,other.attached,non.movers
477374,933,f,a50_54,eo_weo_German,official_lang,work.no.official_lang,no.married,other.attached,non.movers
283276,933,m,a70_74,eo_neo,official_lang,work.official_lang,no.married,other.attached,non.movers
239440,933,f,a65_69,eo_bio_Irish,official_lang,work.no.official_lang,married,other.attached,non.movers
355445,933,m,a35_39,eo_bio_Irish,official_lang,work.official_lang,no.married,single.detached.house,non.movers
736649,933,f,a60_64,eo_bio_Irish,official_lang,work.official_lang,married,other.attached,non.movers
160114,933,m,a25_29,ao_esao_Chinese,official_lang,work.official_lang,no.married,single.detached.house,non.movers
356740,933,m,a60_64,eo_fo,official_lang,work.no.official_lang,married,single.detached.house,non.movers
305575,933,f,a30_34,onao_Canadian,official_lang,work.official_lang,no.married,other.attached,non.movers
577165,933,m,a45_49,eo_eeo_Ukrainian,official_lang,work.no.official_lang,married,other.attached,non.movers
815365,933,m,a20_24,eo_fo,official_lang,work.no.official_lang,married,other.attached,non.movers
593764,933,m,a50_54,eo_seo_Italian,official_lang,work.official_lang,no.married,other.attached,non.movers
373794,933,m,a40_44,eo_eeo_Polish,official_lang,work.no.official_lang,no.married,single.detached.house,non.movers
297749,933,f,a15_19,eo_fo,official_lang,work.official_lang,no.married,other.attached,non.movers
366887,933,f,a45_49,eo_bio_Irish,official_lang,work.no.official_lang,married,other.attached,other.movers
365849,933,f,a40_44,eo_bio_Scottish,official_lang,work.official_lang,married,other.attached,non.movers
261241,933,m,a30_34,eo_bio_English,official_lang,work.no.official_lang,married,other.attached,other.movers
83257,933,m,a55_59,eo_oweo,official_lang,work.official_lang,no.married,other.attached,non.movers
28899,933,m,a50_54,eo_oweo,official_lang,work.official_lang,married,other.attached,non.movers
119855,933,f,a20_24,eo_bio_English,official_lang,work.official_lang,married,other.attached,non.movers
207905,933,m,a50_54,ao_sao_ei,official_lang,work.no.official_lang,married,single.detached.house,non.movers
562755,933,m,a40_44,lcsao,official_lang,work.official_lang,married,other.attached,non.movers
766250,933,m,a0_4,eo_eeo_Russian,official_lang,work.no.official_lang,divorced,single.detached.house,non.movers
829682,933,f,a15_19,eo_bio_Scottish,official_lang,work.official_lang,married,other.attached,other.movers
573956,933,f,a10_14,naao,official_lang,work.official_lang,married,single.detached.house,non.movers
502322,933,m,a65_69,eo_neo,official_lang,work.no.official_lang,married,single.detached.house,non.movers
290028,933,m,a85_,eo_seo_Italian,official_lang,work.official_lang,married,other.attached,other.movers
138354,933,m,a60_64,eo_bio_Scottish,official_lang,work.no.official_lang,married,other.attached,non.movers
101442,933,f,a85_,eo_bio_Scottish,official_lang,work.no.official_lang,married,single.detached.house,non.movers
841201,933,f,a60_64,naao,official_lang,work.official_lang,married,other.attached,non.movers
77152,933,m,a50_54,ao_esao_Chinese,official_lang,work.official_lang,no.married,single.detached.house,non.movers
682796,933,f,a60_64,eo_bio_Irish,official_lang,work.official_lang,no.married,single.detached.house,non.movers
244362,933,m,a20_24,eo_bio_Irish,official_lang,work.official_lang,married,other.attached,non.movers
64027,933,f,a35_39,eo_eeo_Ukrainian,official_lang,work.no.official_lang,no.married,single.detached.house,non.movers
789437,933,f,a10_14,eo_neo,official_lang,work.official_lang,married,other.attached,non.movers
832728,933,m,a25_29,eo_eeo_Ukrainian,official_lang,work.official_lang,no.married,single.detached.house,non.movers
162304,933,m,a10_14,naao,official_lang,work.official_lang,married,other.attached,non.movers
743375,933,f,a25_29,onao_Canadian,official_lang,work.no.official_lang,no.married,other.attached,other.movers
12154,933,f,a70_74,eo_weo_German,official_lang,work.no.official_lang,no.married,other.attached,non.movers
627867,933,f,a65_69,eo_eeo_Russian,official_lang,work.official_lang,no.married,other.attached,non.movers
770395,933,m,a65_69,eo_eeo_Ukrainian,official_lang,work.official_lang,divorced,single.detached.house,non.movers
507660,933,m,a60_64,eo_fo,official_lang,work.official_lang,no.married,single.detached.house,non.movers
537678,933,f,a15_19,ao_esao_Chinese,official_lang,work.no.official_lang,no.married,single.detached.house,non.movers
166050,933,f,a5_9,eo_bio_Scottish,official_lang,work.official_lang,married,single.detached.house,non.movers
928454,933,f,a15_19,eo_bio_Scottish,official_lang,work.no.official_lang,married,other.attached,other.movers
386994,933,f,a40_44,eo_bio_Irish,official_lang,work.official_lang,no.married,other.attached,non.movers
690364,933,m,a55_59,naao,official_lang,work.official_lang,married,other.attached,non.movers
501637,933,f,a5_9,eo_eeo_Russian,official_lang,work.no.official_lang,married,other.attached,non.movers
675704,933,f,a15_19,eo_neo,official_lang,work.official_lang,no.married,other.attached,non.movers
739785,933,f,a20_24,ao_esao_Chinese,official_lang,work.official_lang,married,other.attached,non.movers
52861,933,f,a60_64,eo_weo_German,official_lang,work.official_lang,married,other.attached,non.movers
776420,933,f,a30_34,eo_neo,official_lang,work.official_lang,married,other.attached,non.movers
17612,933,m,a55_59,eo_eeo_Russian,official_lang,work.official_lang,married,other.attached,non.movers
795542,933,m,a45_49,eo_seo_Italian,official_lang,work.no.official_lang,no.married,single.detached.house,non.movers
145028,933,m,a40_44,ao_sao_ei,official_lang,work.official_lang,married,other.attached,non.movers
742532,933,f,a35_39,eo_eeo_Russian,official_lang,work.official_lang,no.married,other.attached,non.movers
8607,933,f,a15_19,eo_obio,official_lang,work.no.official_lang,no.married,other.attached,non.movers
748207,933,f,a55_59,eo_bio_English,official_lang,work.official_lang,married,other.attached,non.movers
755360,933,f,a55_59,onao_Canadian,official_lang,work.no.official_lang,married,other.attached,non.movers
820701,933,f,a55_59,eo_neo,official_lang,work.official_lang,married,other.attached,non.movers
398561,933,f,a55_59,ao_esao_Chinese,official_lang,work.official_lang,married,single.detached.house,non.movers
337188,933,m,a30_34,eo_neo,official_lang,work.no.official_lang,no.married,other.attached,non.movers
572376,933,f,a70_74,onao_Canadian,official_lang,work.official_lang,married,other.attached,non.movers
548983,933,m,a65_69,eo_neo,official_lang,work.official_lang,married,other.attached,non.movers
457581,933,m,a10_14,eo_bio_English,official_lang,work.official_lang,no.married,other.attached,non.movers
858445,933,m,a20_24,eo_eeo_Russian,official_lang,work.official_lang,married,other.attached,non.movers
923749,933,f,a5_9,eo_fo,official_lang,work.official_lang,no.married,other.attached,non.movers
357152,933,f,a40_44,onao_Canadian,official_lang,work.official_lang,no.married,single.detached.house,non.movers
181851,933,m,a10_14,eo_seo_Italian,official_lang,work.no.official_lang,no.married,single.detached.house,non.movers
861692,933,f,a55_59,eo_bio_English,official_lang,work.no.official_lang,living.common.law,other.attached,non.movers
390854,933,m,a50_54,eo_oweo,official_lang,work.official_lang,married,other.attached,non.movers
861152,933,m,a50_54,naao,official_lang,work.no.official_lang,married,single.detached.house,non.movers
7531,933,m,a65_69,naao,official_lang,work.official_lang,married,other.attached,non.movers
652023,933,f,a70_74,eo_bio_Scottish,official_lang,work.no.official_lang,married,other.attached,non.movers
748730,933,f,a5_9,onao_Canadian,official_lang,work.official_lang,no.married,single.detached.house,non.movers
168103,933,m,a20_24,eo_eeo_Ukrainian,official_lang,work.no.official_lang,married,other.attached,non.movers
397503,933,m,a50_54,eo_bio_Scottish,official_lang,work.no.official_lang,married,single.detached.house,non.movers
109136,933,f,a60_64,eo_eeo_Polish,official_lang,work.no.official_lang,no.married,other.attached,other.movers
8141,933,m,a35_39,eo_eeo_Ukrainian,official_lang,work.official_lang,no.married,other.attached,non.movers
114332,933,m,a65_69,onao_Canadian,official_lang,work.official_lang,married,other.attached,non.movers
201506,933,m,a65_69,ao_esao_Chinese,official_lang,work.no.official_lang,married,other.attached,non.movers
544622,933,m,a25_29,eo_bio_Scottish,official_lang,work.official_lang,no.married,other.attached,non.movers
845750,933,m,a40_44,eo_eeo_Russian,official_lang,work.no.official_lang,married,single.detached.house,non.movers
822109,933,m,a45_49,eo_eeo_Ukrainian,no.official_lang,work.no.official_lang,married,other.attached,non.movers
714390,933,f,a20_24,eo_bio_Scottish,official_lang,work.official_lang,no.married,other.attached,non.movers
287096,933,f,a70_74,eo_fo,official_lang,work.official_lang,married,other.attached,non.movers
217240,933,m,a65_69,eo_obio,official_lang,work.no.official_lang,divorced,other.attached,non.movers
156173,933,f,a45_49,eo_weo_Dutch,official_lang,work.official_lang,living.common.law,other.attached,non.movers
107523,933,f,a20_24,eo_weo_German,official_lang,work.official_lang,married,other.attached,non.movers
171340,933,f,a45_49,eo_bio_Irish,official_lang,work.official_lang,married,other.attached,non.movers
614815,933,f,a10_14,eo_bio_English,official_lang,work.official_lang,no.married,single.detached.house,non.movers
90711,933,m,a50_54,eo_fo,official_lang,work.official_lang,married,other.attached,non.movers
280292,933,f,a0_4,eo_eeo_Ukrainian,official_lang,work.no.official_lang,no.married,other.attached,non.movers
500763,933,m,a15_19,eo_oeeo,official_lang,work.official_lang,no.married,other.attached,non.movers
522661,933,m,a0_4,eo_bio_English,official_lang,work.no.official_lang,no.married,other.attached,other.movers
751169,933,m,a45_49,eo_oeeo,official_lang,work.no.official_lang,no.married,other.attached,non.movers
164204,933,m,a65_69,eo_eeo_Ukrainian,official_lang,work.official_lang,no.married,other.attached,non.movers
877209,933,m,a50_54,ao_esao_Chinese,official_lang,work.official_lang,no.married,other.attached,non.movers
878665,933,f,a45_49,eo_bio_English,official_lang,work.no.official_lang,divorced,other.attached,non.movers
659450,933,f,a25_29,eo_obio,official_lang,work.no.official_lang,no.married,single.detached.house,non.movers
850367,933,f,a50_54,eo_bio_Scottish,official_lang,work.no.official_lang,no.married,single.detached.house,non.movers
413445,933,m,a50_54,onao_Canadian,official_lang,work.no.official_lang,widowed,other.attached,non.movers
714395,933,f,a45_49,eo_bio_English,official_lang,work.no.official_lang,married,other.attached,non.movers
214924,933,m,a0_4,eo_bio_English,official_lang,work.no.official_lang,no.married,single.detached.house,non.movers
123603,933,m,a20_24,eo_bio_Irish,official_lang,work.official_lang,no.married,other.attached,non.movers
627713,933,f,a5_9,eo_fo,official_lang,work.official_lang,no.married,other.attached,non.movers
281023,933,f,a50_54,naao,official_lang,work.official_lang,no.married,other.attached,non.movers
679865,933,f,a10_14,eo_bio_Irish,official_lang,work.no.official_lang,no.married,other.attached,non.movers
916702,933,f,a40_44,eo_bio_Scottish,official_lang,work.official_lang,married,other.attached,non.movers
575947,933,m,a65_69,eo_bio_Scottish,official_lang,work.no.official_lang,married,single.detached.house,non.movers
245715,933,m,a50_54,eo_bio_Scottish,official_lang,work.official_lang,married,single.detached.house,non.movers
581867,933,m,a50_54,eo_weo_German,official_lang,work.official_lang,no.married,other.attached,other.movers
753477,933,f,a60_64,eo_seo_Italian,official_lang,work.official_lang,married,other.attached,non.movers
570527,933,f,a15_19,eo_neo,official_lang,work.official_lang,married,other.attached,non.movers
132349,933,m,a45_49,onao_Canadian,official_lang,work.official_lang,no.married,other.attached,non.movers
343845,933,f,a60_64,eo_bio_English,official_lang,work.no.official_lang,married,single.detached.house,non.movers
133537,933,f,a50_54,eo_neo,official_lang,work.official_lang,widowed,other.attached,non.movers
668126,933,m,a35_39,onao_Canadian,official_lang,work.official_lang,no.married,single.detached.house,non.movers
202147,933,f,a10_14,onao_Canadian,official_lang,work.official_lang,married,single.detached.house,non.movers
915916,933,f,a0_4,eo_seo_Italian,official_lang,work.no.official_lang,married,other.attached,non.movers
101317,933,f,a50_54,eo_bio_English,official_lang,work.official_lang,married,other.attached,other.movers
17185,933,f,a50_54,eo_seo_Italian,official_lang,work.no.official_lang,married,single.detached.house,non.movers
116267,933,m,a40_44,onao_Canadian,official_lang,work.no.official_lang,divorced,single.detached.house,non.movers
808320,933,f,a60_64,eo_bio_Irish,official_lang,work.official_lang,living.common.law,other.attached,non.movers
426763,933,f,a50_54,onao_Canadian,official_lang,work.no.official_lang,no.married,other.attached,non.movers
629099,933,m,a30_34,eo_eeo_Russian,official_lang,work.official_lang,married,other.attached,non.movers
380889,933,f,a55_59,eo_weo_German,official_lang,work.official_lang,no.married,single.detached.house,non.movers
373636,933,m,a60_64,eo_eeo_Russian,official_lang,work.official_lang,married,other.attached,other.movers
758365,933,f,a10_14,eo_weo_German,official_lang,work.official_lang,no.married,other.attached,non.movers
356537,933,f,a45_49,lcsao,official_lang,work.official_lang,married,other.attached,non.movers
232795,933,f,a10_14,naao,official_lang,work.no.official_lang,married,single.detached.house,non.movers
386060,933,m,a15_19,eo_bio_Scottish,official_lang,work.official_lang,no.married,single.detached.house,non.movers
581707,933,f,a70_74,eo_bio_Irish,official_lang,work.official_lang,no.married,other.attached,other.movers
126685,933,m,a20_24,eo_seo_Italian,official_lang,work.official_lang,married,other.attached,non.movers
157707,933,m,a5_9,onao_Canadian,official_lang,work.no.official_lang,married,other.attached,other.movers
918921,933,m,a5_9,naao,official_lang,work.official_lang,no.married,other.attached,non.movers
717223,933,m,a65_69,ao_sao_ei,official_lang,work.no.official_lang,married,other.attached,non.movers
569479,933,m,a5_9,eo_obio,official_lang,work.official_lang,no.married,other.attached,non.movers
709944,933,m,a40_44,eo_bio_Scottish,official_lang,work.official_lang,married,other.attached,non.movers
66862,933,m,a25_29,eo_eeo_Russian,official_lang,work.official_lang,married,other.attached,non.movers
303109,933,f,a35_39,eo_bio_English,official_lang,work.official_lang,no.married,other.attached,non.movers
616087,933,f,a15_19,eo_bio_Scottish,official_lang,work.no.official_lang,married,single.detached.house,non.movers
338077,933,m,a0_4,onao_Canadian,official_lang,work.official_lang,no.married,other.attached,non.movers
528107,933,m,a55_59,eo_neo,official_lang,work.official_lang,married,single.detached.house,non.movers
588250,933,m,a5_9,eo_bio_Scottish,official_lang,work.official_lang,married,other.attached,other.movers
917060,933,f,a50_54,onao_Canadian,official_lang,work.official_lang,no.married,other.attached,non.movers
667820,933,f,a40_44,eo_bio_Scottish,official_lang,work.official_lang,no.married,other.attached,non.movers
430197,933,f,a45_49,eo_bio_Irish,official_lang,work.official_lang,married,other.attached,non.movers
86455,933,m,a40_44,onao_Canadian,official_lang,work.official_lang,married,other.attached,non.movers
724814,933,m,a55_59,eo_eeo_Ukrainian,official_lang,work.official_lang,no.married,single.detached.house,non.movers
878072,933,m,a40_44,eo_bio_English,official_lang,work.official_lang,no.married,other.attached,non.movers
448044,933,m,a35_39,eo_seo_Italian,official_lang,work.no.official_lang,married,other.attached,other.movers
902426,933,f,a75_79,eo_weo_German,official_lang,work.no.official_lang,married,single.detached.house,non.movers
191401,933,f,a35_39,eo_bio_Scottish,official_lang,work.no.official_lang,married,other.attached,non.movers
432530,933,m,a50_54,eo_bio_Scottish,official_lang,work.official_lang,married,other.attached,non.movers
47021,933,f,a50_54,eo_bio_English,official_lang,work.no.official_lang,married,single.detached.house,non.movers
203133,933,m,a55_59,eo_bio_Scottish,official_lang,work.no.official_lang,married,single.detached.house,non.movers
834091,933,m,a50_54,eo_eeo_Ukrainian,official_lang,work.no.official_lang,no.married,single.detached.house,non.movers
194553,933,f,a45_49,eo_bio_English,official_lang,work.no.official_lang,married,single.detached.house,non.movers
70442,933,m,a10_14,eo_neo,official_lang,work.official_lang,no.married,other.attached,non.movers
396693,933,m,a10_14,naao,official_lang,work.official_lang,living.common.law,single.detached.house,non.movers
197730,933,m,a55_59,onao_Canadian,official_lang,work.official_lang,married,other.attached,other.movers
721988,933,m,a50_54,eo_eeo_Russian,official_lang,work.official_lang,married,single.detached.house,non.movers
889472,933,f,a50_54,naao,official_lang,work.official_lang,no.married,other.attached,non.movers
202198,933,f,a25_29,eo_eeo_Ukrainian,official_lang,work.no.official_lang,married,other.attached,non.movers
829601,933,f,a20_24,lcsao,official_lang,work.official_lang,married,single.detached.house,non.movers
117998,933,f,a30_34,eo_fo,official_lang,work.no.official_lang,married,other.attached,non.movers
735662,933,m,a80_84,eo_weo_German,official_lang,work.official_lang,no.married,other.attached,non.movers
43637,933,m,a40_44,eo_bio_English,official_lang,work.no.official_lang,married,other.attached,non.movers
857352,933,f,a65_69,ao_sao_ei,official_lang,work.no.official_lang,no.married,other.attached,non.movers
122054,933,f,a25_29,eo_weo_German,official_lang,work.official_lang,separated,other.attached,non.movers
732623,933,m,a40_44,eo_bio_Scottish,official_lang,work.official_lang,no.married,other.attached,non.movers
743226,933,m,a65_69,onao_Canadian,official_lang,work.official_lang,married,single.detached.house,non.movers
298196,933,f,a50_54,eo_bio_English,official_lang,work.official_lang,no.married,single.detached.house,non.movers
112633,933,f,a60_64,ao_esao_Chinese,official_lang,work.no.official_lang,no.married,other.attached,non.movers
612298,933,f,a5_9,lcsao,official_lang,work.official_lang,married,single.detached.house,non.movers
214654,933,f,a45_49,eo_bio_English,official_lang,work.official_lang,divorced,single.detached.house,non.movers
668754,933,m,a0_4,eo_neo,official_lang,work.official_lang,married,other.attached,non.movers
290275,933,m,a10_14,eo_fo,official_lang,work.no.official_lang,married,single.detached.house,non.movers
907285,933,m,a45_49,eo_eeo_Ukrainian,official_lang,work.official_lang,married,other.attached,non.movers
711823,933,f,a40_44,eo_eeo_Russian,official_lang,work.official_lang,married,single.detached.house,non.movers
180101,933,f,a30_34,eo_obio,official_lang,work.official_lang,no.married,other.attached,non.movers
887151,933,m,a50_54,onao_Canadian,official_lang,work.no.official_lang,no.married,other.attached,non.movers
63228,933,m,a15_19,ao_sao_ei,official_lang,work.official_lang,divorced,other.attached,non.movers
67684,933,m,a50_54,eo_bio_Irish,official_lang,work.official_lang,no.married,other.attached,non.movers
409304,933,f,a10_14,onao_Canadian,official_lang,work.official_lang,married,single.detached.house,non.movers
866268,933,m,a55_59,naao,official_lang,work.official_lang,married,other.attached,other.movers
820059,933,f,a45_49,onao_Canadian,official_lang,work.official_lang,married,other.attached,non.movers
631882,933,f,a60_64,eo_eeo_Russian,official_lang,work.official_lang,married,single.detached.house,non.movers
568428,933,f,a80_84,ao_esao_Chinese,official_lang,work.no.official_lang,no.married,other.attached,non.movers
159198,933,m,a65_69,eo_bio_English,official_lang,work.official_lang,married,other.attached,non.movers
81771,933,f,a0_4,eo_bio_Irish,official_lang,work.official_lang,married,other.attached,other.movers
523922,933,f,a55_59,eo_seo_Italian,official_lang,work.official_lang,married,other.attached,non.movers
923225,933,f,a20_24,lcsao,official_lang,work.official_lang,married,other.attached,non.movers
331889,933,m,a5_9,naao,official_lang,work.official_lang,widowed,other.attached,non.movers
276144,933,f,a40_44,onao_Canadian,official_lang,work.official_lang,married,other.attached,non.movers
407248,933,f,a10_14,eo_seo_Italian,official_lang,work.no.official_lang,no.married,single.detached.house,non.movers
337897,933,f,a15_19,oo,official_lang,work.no.official_lang,no.married,single.detached.house,non.movers
542708,933,m,a45_49,eo_bio_English,official_lang,work.official_lang,married,other.attached,other.movers
184257,933,f,a20_24,eo_bio_Irish,official_lang,work.official_lang,no.married,other.attached,non.movers
661330,933,m,a40_44,eo_bio_English,official_lang,work.no.official_lang,married,other.attached,non.movers
486537,933,m,a55_59,eo_weo_Dutch,official_lang,work.official_lang,married,other.attached,non.movers
238696,933,f,a35_39,eo_eeo_Ukrainian,official_lang,work.official_lang,married,single.detached.house,non.movers
391556,933,f,a60_64,onao_Canadian,official_lang,work.no.official_lang,married,single.detached.house,non.movers
666579,933,m,a50_54,eo_seo_Italian,official_lang,work.official_lang,no.married,other.attached,non.movers
212101,933,f,a15_19,ao_esao_Chinese,official_lang,work.no.official_lang,married,single.detached.house,non.movers
333554,933,m,a40_44,lcsao,official_lang,work.official_lang,married,single.detached.house,non.movers
742135,933,f,a55_59,onao_Canadian,official_lang,work.no.official_lang,divorced,other.attached,non.movers
76942,933,m,a10_14,eo_obio,official_lang,work.official_lang,no.married,single.detached.house,non.movers
928199,933,m,a45_49,eo_seo_Italian,official_lang,work.official_lang,married,other.attached,non.movers
115944,933,m,a55_59,eo_bio_Scottish,official_lang,work.no.official_lang,married,single.detached.house,non.movers
540118,933,f,a55_59,eo_eeo_Russian,official_lang,work.official_lang,married,other.attached,non.movers
