PPSORT,CMA,AGE,SEX,RACE
849568,933,a55_59,m,eo_neo
269017,933,a10_14,m,ao_sao_ei
834997,933,a25_29,f,ao_wcameo
2913,933,a20_24,m,ao_esao_Chinese
256744,933,a65_69,m,ao_esao_Chinese
699303,933,a45_49,f,eo_bio_English
842035,933,a35_39,f,ao_esao_Filipino
183716,933,a5_9,f,ao_esao_Chinese
107321,933,a50_54,f,ao_esao_Chinese
674388,933,a0_4,m,ao_oesao
13317,933,a30_34,f,ao_oesao
330133,933,a45_49,m,eo_eeo_Russian
590091,933,a25_29,f,ao_sao_ei
460222,933,a50_54,f,eo_eeo_Polish
722967,933,a0_4,f,ao_esao_Chinese
292000,933,a55_59,f,ao_esao_Chinese
135781,933,a5_9,m,ao_esao_Chinese
684927,933,a55_59,f,ao_osao
597428,933,a70_74,f,eo_seo_Spanish
508016,933,a65_69,m,eo_weo_Dutch
84933,933,a15_19,f,oo
487552,933,a65_69,m,ao_oesao
386219,933,a55_59,f,eo_fo
802292,933,a10_14,f,ao_wcameo
861501,933,a10_14,m,ao_esao_Chinese
414636,933,a65_69,m,eo_bio_Scottish
639792,933,a50_54,m,ao_esao_Chinese
341333,933,a40_44,f,ao_oesao
799688,933,a75_79,f,ao_sao_ei
175143,933,a65_69,f,ao_esao_Chinese
770475,933,a55_59,m,ao_esao_Chinese
656624,933,a85_,f,eo_eeo_Hungarian
590546,933,a80_84,f,ao_esao_Filipino
242639,933,a70_74,f,ao
275318,933,a75_79,m,eo_bio_Scottish
904407,933,a70_74,m,eo_bio_English
406906,933,a50_54,m,ao_esao_Chinese
570423,933,a35_39,m,ao_esao_Chinese
880804,933,a20_24,f,ao_esao_Chinese
548757,933,a50_54,f,ao_esao_Chinese
70853,933,a15_19,f,lcsao
895786,933,a40_44,f,ao_oesao
228531,933,a15_19,m,eo_bio_English
868256,933,a50_54,f,eo_oseo
779759,933,a55_59,f,ao_esao_Chinese
426089,933,a50_54,f,eo_bio_Scottish
108553,933,a50_54,m,ao_esao_Chinese
165454,933,a20_24,m,ao_sao_ei
786282,933,a45_49,f,ao_esao_Chinese
5257,933,a55_59,m,eo_weo_German
342097,933,a15_19,f,ao_esao_Chinese
703745,933,a5_9,m,ao_esao_Chinese
763325,933,a60_64,m,eo_bio_English
296763,933,a55_59,m,eo_eeo_Russian
103020,933,a5_9,f,onao_Canadian
917236,933,a5_9,f,onao_Canadian
400944,933,a55_59,f,ao_esao_Chinese
319313,933,a25_29,f,ao_wcameo
748113,933,a10_14,m,ao_esao_Chinese
671797,933,a50_54,m,eo_weo_German
129959,933,a70_74,m,eo_bio_English
686899,933,a20_24,m,ao_esao_Filipino
222192,933,a20_24,m,ao_wcameo
479355,933,a35_39,m,eo_bio_English
705592,933,a25_29,m,ao_wcameo
520734,933,a20_24,f,ao_esao_Chinese
143943,933,a10_14,m,ao
73721,933,a75_79,m,ao_esao_Chinese
244774,933,a40_44,m,eo_eeo_Hungarian
80003,933,a20_24,m,ao_esao_Chinese
265448,933,a80_84,m,eo_bio_Scottish
236972,933,a10_14,f,ao_esao_Chinese
697496,933,a55_59,f,ao_esao_Chinese
510497,933,a20_24,m,ao_sao_ei
52352,933,a60_64,f,ao_esao_Chinese
278787,933,a55_59,m,ao_esao_Chinese
626384,933,a45_49,f,ao_oesao
152371,933,a10_14,m,ao_oesao
15130,933,a80_84,f,eo_bio_Irish
520172,933,a60_64,f,ao_esao_Chinese
631847,933,a70_74,m,ao_oesao
162192,933,a45_49,f,ao_esao_Chinese
391793,933,a20_24,f,ao_esao_Chinese
643807,933,a65_69,m,eo_bio_Scottish
35550,933,a15_19,m,ao
266014,933,a40_44,f,ao_esao_Chinese
535957,933,a20_24,m,ao_esao_Chinese
714534,933,a20_24,f,ao_oesao
904162,933,a85_,m,eo_oeo
331964,933,a20_24,f,ao_sao_ei
557690,933,a50_54,f,eo_bio_Scottish
306917,933,a70_74,f,eo_eeo_Polish
607751,933,a15_19,f,ao
748636,933,a15_19,f,ao_esao_Chinese
426934,933,a60_64,f,eo_weo_Dutch
801448,933,a25_29,m,ao_wcameo
813312,933,a80_84,m,ao_esao_Chinese
81171,933,a45_49,f,ao_esao_Chinese
238141,933,a10_14,f,ao
753681,933,a35_39,m,ao_sao_ei
471217,933,a25_29,m,ao_sao_ei
158015,933,a70_74,f,ao_esao_Chinese
341114,933,a20_24,f,onao_Canadian
466609,933,a30_34,f,eo_bio_Irish
586670,933,a25_29,m,eo_seo_Spanish
440172,933,a50_54,f,ao_esao_Chinese
368306,933,a35_39,f,eo_eeo_Russian
386757,933,a15_19,f,ao_wcameo
681272,933,a35_39,m,ao_esao_Chinese
95271,933,a0_4,m,ao
519981,933,a65_69,m,ao_esao_Chinese
453722,933,a50_54,m,ao_oesao
644466,933,a60_64,m,ao_wcameo
238914,933,a50_54,m,ao_oesao
183653,933,a85_,m,eo_fo
104941,933,a5_9,m,ao_wcameo
753142,933,a20_24,m,ao_sao_ei
516303,933,a70_74,m,eo_bio_English
172676,933,a50_54,m,eo_bio_Irish
124212,933,a80_84,f,ao_esao_Chinese
125132,933,a5_9,m,eo_oseo
693306,933,a45_49,f,ao_sao_ei
382129,933,a50_54,f,ao_esao_Chinese
451434,933,a70_74,f,eo_seo_Italian
591348,933,a20_24,m,ao_esao_Chinese
135286,933,a70_74,f,ao
33102,933,a10_14,m,eo_bio_Irish
722081,933,a15_19,f,eo_oeo
831508,933,a55_59,m,eo_eeo_Polish
297595,933,a55_59,m,onao_Canadian
452131,933,a40_44,m,oo
709700,933,a60_64,m,ao_esao_Chinese
17945,933,a80_84,f,eo_eeo_Ukrainian
368924,933,a0_4,m,ao_esao_Chinese
228620,933,a60_64,m,ao_wcameo
216746,933,a60_64,m,eo_oseo
159092,933,a0_4,f,ao_esao_Chinese
451201,933,a40_44,m,eo_weo_Dutch
176230,933,a50_54,m,ao_esao_Chinese
203015,933,a60_64,f,eo_bio_English
695000,933,a35_39,f,eo_seo_Italian
560474,933,a15_19,m,ao_wcameo
353691,933,a20_24,m,ao_oesao
651560,933,a60_64,m,eo_weo_Dutch
806770,933,a45_49,m,eo_eeo_Ukrainian
82818,933,a15_19,m,ao_esao_Chinese
570774,933,a40_44,f,ao_esao_Chinese
121558,933,a80_84,f,ao_esao_Chinese
35278,933,a55_59,m,eo_weo_German
433689,933,a55_59,f,eo_bio_English
130316,933,a60_64,m,ao_oesao
700435,933,a75_79,f,eo_bio_Irish
348627,933,a75_79,m,ao_osao
647048,933,a20_24,f,ao_sao_ei
732250,933,a20_24,m,ao_esao_Chinese
515266,933,a75_79,m,eo_eeo_Ukrainian
338152,933,a45_49,f,ao_esao_Chinese
760432,933,a50_54,f,ao_esao_Chinese
477066,933,a15_19,m,ao_esao_Chinese
370846,933,a25_29,m,ao_sao_ei
101419,933,a20_24,m,eo_weo_German
554902,933,a70_74,m,ao_esao_Chinese
299881,933,a10_14,f,ao_esao_Chinese
58620,933,a50_54,m,ao_sao_ei
647806,933,a25_29,f,onao_Canadian
834568,933,a60_64,f,ao_sao_ei
550041,933,a55_59,m,ao_esao_Chinese
179146,933,a15_19,m,ao_oesao
878421,933,a35_39,f,ao_esao_Chinese
677564,933,a20_24,f,ao_esao_Filipino
779759,933,a55_59,f,ao_esao_Chinese
68976,933,a65_69,m,eo_bio_Scottish
437053,933,a65_69,f,ao_oesao
416315,933,a20_24,f,ao_esao_Chinese
609108,933,a40_44,f,ao_esao_Chinese
412130,933,a55_59,f,ao_esao_Filipino
52253,933,a25_29,f,ao_oesao
881845,933,a65_69,m,ao_wcameo
753360,933,a40_44,m,ao_sao_ei
238308,933,a60_64,f,eo_eeo_Ukrainian
667518,933,a20_24,f,ao_esao_Chinese
154290,933,a55_59,m,ao_esao_Chinese
856771,933,a25_29,f,eo_bio_Scottish
298133,933,a65_69,f,eo_bio_Scottish
488708,933,a60_64,m,eo_seo_Italian
360123,933,a50_54,m,eo_bio_English
196865,933,a60_64,f,ao_esao_Chinese
303644,933,a30_34,m,eo_eeo_Ukrainian
129946,933,a50_54,f,ao_esao_Chinese
377226,933,a20_24,m,ao_esao_Chinese
491915,933,a20_24,f,ao_oesao
561969,933,a50_54,f,ao_esao_Chinese
168772,933,a50_54,f,ao_esao_Chinese
112633,933,a15_19,m,lcsao
413872,933,a45_49,m,eo_oseo
416802,933,a15_19,m,ao_esao_Chinese
244311,933,a50_54,m,ao_oesao
396437,933,a25_29,f,ao_oesao
816852,933,a50_54,f,ao_esao_Chinese
815272,933,a50_54,m,eo_weo_German
696883,933,a40_44,m,ao_osao
28552,933,a15_19,m,ao_esao_Chinese
228917,933,a15_19,f,ao_wcameo
325563,933,a55_59,m,ao_esao_Chinese
559126,933,a40_44,m,eo_bio_English
573797,933,a55_59,m,eo_seo_Italian
581844,933,a70_74,f,eo_bio_English
462830,933,a65_69,f,eo_weo_German
273065,933,a60_64,m,lcsao
539582,933,a5_9,f,ao_oesao
763440,933,a40_44,m,ao_esao_Chinese
686906,933,a75_79,m,eo_oeeo
763658,933,a20_24,m,ao_esao_Filipino
161528,933,a55_59,f,ao_esao_Chinese
200807,933,a70_74,m,ao_esao_Chinese
620843,933,a45_49,f,eo_seo_Portuguese
30997,933,a35_39,f,ao_esao_Chinese
431342,933,a40_44,m,eo_oseo
365443,933,a65_69,f,ao_esao_Chinese
570434,933,a40_44,m,ao_oesao
874500,933,a5_9,m,ao_oesao
253572,933,a25_29,f,eo_bio_Irish
199831,933,a25_29,m,lcsao
290308,933,a40_44,f,ao_esao_Chinese
381376,933,a5_9,m,onao_Canadian
308391,933,a35_39,m,ao_esao_Chinese
779852,933,a55_59,f,ao_esao_Chinese
485593,933,a40_44,m,ao_esao_Chinese
834836,933,a10_14,m,ao_sao_ei
900264,933,a25_29,m,ao_esao_Chinese
905917,933,a20_24,f,ao_esao_Chinese
830710,933,a25_29,f,ao_esao_Chinese
54671,933,a60_64,f,ao_esao_Chinese
908807,933,a65_69,m,eo_bio_Scottish
483671,933,a15_19,f,eo_eeo_Russian
216866,933,a20_24,m,ao_oesao
524798,933,a10_14,m,ao_oesao
343865,933,a25_29,m,eo_fo
697147,933,a20_24,m,ao_oesao
405610,933,a35_39,f,ao_wcameo
337057,933,a0_4,f,ao_esao_Chinese
542582,933,a80_84,m,eo_eeo_Ukrainian
362427,933,a75_79,f,ao_sao_ei
729020,933,a80_84,f,ao_esao_Chinese
311114,933,a65_69,f,eo_seo_Greek
143077,933,a35_39,f,eo_bio_English
710970,933,a50_54,f,ao_esao_Chinese
360187,933,a20_24,f,ao_oesao
600070,933,a45_49,f,naao
854116,933,a75_79,m,ao_esao_Chinese
252855,933,a40_44,m,lcsao
408508,933,a80_84,m,ao_esao_Chinese
699718,933,a5_9,f,ao_esao_Chinese
589361,933,a20_24,f,ao_oesao
142357,933,a50_54,f,ao_esao_Chinese
919380,933,a20_24,m,ao_wcameo
167642,933,a85_,m,eo_neo
267829,933,a50_54,m,ao_esao_Chinese
500707,933,a45_49,m,ao_esao_Chinese
506057,933,a50_54,f,eo_fo
135248,933,a50_54,m,ao_sao_ei
140770,933,a40_44,f,onao_Canadian
77971,933,a50_54,m,ao_esao_Chinese
114506,933,a50_54,m,ao
333492,933,a50_54,m,eo_seo_Italian
655273,933,a40_44,f,onao_Canadian
730422,933,a50_54,f,ao_esao_Chinese
532137,933,a75_79,f,ao_sao_ei
853351,933,a0_4,m,onao_Canadian
526917,933,a15_19,f,ao_esao_Chinese
217529,933,a50_54,f,ao_esao_Chinese
641058,933,a20_24,f,onao_Canadian
84808,933,a25_29,m,ao_esao_Chinese
746940,933,a5_9,m,ao_sao_ei
348043,933,a15_19,f,ao_oesao
124550,933,a45_49,f,ao
727893,933,a45_49,f,ao_sao_ei
288519,933,a45_49,f,ao_esao_Chinese
803471,933,a5_9,f,ao_esao_Chinese
828924,933,a40_44,m,eo_eeo_Russian
179719,933,a40_44,m,ao_wcameo
40070,933,a15_19,m,ao_wcameo
548206,933,a35_39,f,ao_oesao
518062,933,a35_39,f,ao_esao_Chinese
107869,933,a25_29,m,ao_oesao
591340,933,a65_69,m,eo_bio_English
699849,933,a65_69,f,eo_weo_German
22768,933,a60_64,m,ao_esao_Chinese
427590,933,a15_19,f,ao_oesao
453631,933,a65_69,m,ao_esao_Chinese
264966,933,a55_59,m,eo_eeo_Ukrainian
361274,933,a45_49,f,ao_esao_Chinese
316213,933,a45_49,m,ao_esao_Chinese
397081,933,a5_9,f,ao_sao_ei
88602,933,a80_84,f,eo_weo_Dutch
857778,933,a0_4,f,ao_esao_Chinese
416932,933,a70_74,m,eo_bio_English
85707,933,a10_14,f,ao_esao_Chinese
471049,933,a45_49,m,lcsao
169560,933,a55_59,f,ao_esao_Chinese
90981,933,a70_74,m,eo_eeo_Polish
312293,933,a75_79,m,eo_oseo
601772,933,a50_54,f,eo_bio_English
467431,933,a80_84,f,onao_Canadian
358195,933,a75_79,f,ao_esao_Chinese
813851,933,a80_84,m,eo_bio_Scottish
781563,933,a70_74,f,eo_bio_English
709602,933,a55_59,m,ao_esao_Chinese
138921,933,a55_59,m,eo_seo_Portuguese
203374,933,a40_44,f,eo_eeo_Russian
643621,933,a45_49,m,ao_wcameo
47021,933,a25_29,f,ao_esao_Chinese
326489,933,a25_29,f,ao_esao_Chinese
604193,933,a55_59,m,eo_bio_English
397376,933,a50_54,f,eo_bio_Irish
353517,933,a25_29,f,ao_esao_Chinese
809441,933,a20_24,m,ao_esao_Chinese
606970,933,a60_64,m,ao_esao_Chinese
851328,933,a40_44,m,eo_bio_Irish
77402,933,a0_4,f,eo_bio_English
866869,933,a20_24,f,lcsao
9216,933,a25_29,m,ao_esao_Chinese
250426,933,a70_74,f,ao_esao_Chinese
304637,933,a45_49,f,lcsao
736132,933,a25_29,f,ao_esao_Chinese
603260,933,a85_,m,eo_bio_English
543435,933,a60_64,f,ao_esao_Chinese
919824,933,a55_59,m,eo_bio_English
62295,933,a5_9,m,ao_oesao
286143,933,a40_44,m,ao_esao_Chinese
195952,933,a40_44,m,ao_esao_Chinese
93850,933,a65_69,f,eo_seo_Portuguese
130236,933,a85_,f,ao_esao_Chinese
607740,933,a45_49,f,eo_oseo
64819,933,a20_24,m,eo_weo_German
825996,933,a50_54,m,ao_esao_Chinese
458899,933,a10_14,m,eo_seo_Portuguese
606348,933,a55_59,m,ao_esao_Chinese
229779,933,a5_9,m,onao_Canadian
376943,933,a60_64,f,eo_weo_German
875531,933,a65_69,m,ao_esao_Chinese
151482,933,a60_64,f,ao_oesao
238146,933,a25_29,m,ao_esao_Filipino
260346,933,a15_19,f,ao_esao_Chinese
255484,933,a80_84,m,eo_oweo
214308,933,a20_24,f,oo
573406,933,a10_14,m,eo_oseo
107869,933,a25_29,m,ao_oesao
673500,933,a40_44,m,ao_oesao
761778,933,a45_49,m,eo_eeo_Russian
865642,933,a10_14,m,eo_obio
338787,933,a50_54,f,ao_wcameo
589508,933,a25_29,f,eo_neo
91901,933,a25_29,m,ao_sao_ei
827925,933,a85_,f,eo_bio_English
128928,933,a25_29,f,eo_weo_German
88281,933,a20_24,f,ao_esao_Chinese
495535,933,a10_14,f,ao_esao_Chinese
844759,933,a25_29,m,ao_esao_Chinese
567144,933,a60_64,m,ao_sao_ei
270421,933,a60_64,f,eo_seo_Italian
238527,933,a60_64,m,ao_wcameo
52637,933,a60_64,f,eo_bio_English
636215,933,a60_64,f,ao_esao_Chinese
305805,933,a65_69,f,ao_esao_Chinese
373955,933,a25_29,m,eo_oeeo
211597,933,a55_59,m,ao
615270,933,a75_79,m,eo_eeo_Ukrainian
148908,933,a60_64,f,eo_oseo
241095,933,a20_24,m,ao_oesao
351245,933,a50_54,f,ao_sao_ei
545315,933,a45_49,f,ao_oesao
144151,933,a10_14,f,ao_wcameo
650135,933,a20_24,m,ao_esao_Chinese
903441,933,a20_24,f,eo_weo_German
418792,933,a70_74,f,eo_eeo_Polish
244957,933,a50_54,m,eo_oseo
706575,933,a20_24,f,ao_wcameo
546466,933,a50_54,m,ao_oesao
109442,933,a80_84,f,ao_esao_Chinese
389439,933,a10_14,m,ao_oesao
233391,933,a20_24,m,eo_neo
263493,933,a70_74,f,ao_esao_Chinese
869808,933,a5_9,f,ao_esao_Chinese
356532,933,a5_9,m,oco
730876,933,a55_59,m,ao_esao_Chinese
225228,933,a65_69,f,ao_esao_Chinese
51209,933,a20_24,f,ao_oesao
484770,933,a50_54,f,ao_esao_Chinese
61509,933,a50_54,m,ao_esao_Chinese
466405,933,a20_24,f,ao_oesao
928481,933,a0_4,m,ao_oesao
483870,933,a65_69,m,eo_seo_Spanish
619421,933,a35_39,m,ao_esao_Chinese
607764,933,a65_69,f,ao_oesao
674537,933,a50_54,f,lcsao
868180,933,a25_29,m,ao_wcameo
858725,933,a45_49,f,ao_esao_Chinese
429108,933,a30_34,f,ao_esao_Chinese
612981,933,a75_79,m,ao_esao_Chinese
480220,933,a60_64,m,ao_esao_Chinese
63176,933,a5_9,f,eo_seo_Portuguese
920899,933,a65_69,m,eo_bio_English
5843,933,a30_34,f,eo_bio_Scottish
883067,933,a15_19,f,ao_esao_Chinese
930395,933,a70_74,f,eo_weo_German
724396,933,a55_59,m,ao_wcameo
761098,933,a25_29,f,ao_wcameo
542911,933,a15_19,m,onao_Canadian
410605,933,a80_84,m,eo_neo
873993,933,a25_29,m,eo_bio_Irish
715826,933,a45_49,f,eo_weo_German
471005,933,a25_29,f,ao_esao_Chinese
176970,933,a75_79,f,eo_bio_English
349889,933,a75_79,m,eo_oweo
827838,933,a60_64,f,eo_bio_English
147550,933,a70_74,f,eo_neo
207261,933,a85_,f,eo_bio_English
151564,933,a80_84,m,ao_esao_Chinese
897786,933,a10_14,f,ao_oesao
865530,933,a30_34,m,lcsao
723861,933,a15_19,f,ao_esao_Chinese
587850,933,a60_64,m,eo_bio_Scottish
583906,933,a70_74,m,ao_esao_Chinese
337648,933,a75_79,f,ao_esao_Chinese
285364,933,a60_64,m,onao_Canadian
64819,933,a20_24,m,eo_weo_German
149726,933,a15_19,f,ao_esao_Chinese
688305,933,a25_29,f,ao_esao_Chinese
276519,933,a5_9,m,eo_obio
802192,933,a55_59,f,ao_oesao
173360,933,a25_29,m,ao_esao_Chinese
766919,933,a20_24,m,ao_oesao
706148,933,a20_24,f,ao_esao_Chinese
660376,933,a20_24,m,ao_wcameo
384119,933,a25_29,f,ao_esao_Chinese
297066,933,a55_59,m,eo_bio_English
911644,933,a10_14,m,ao_esao_Chinese
95004,933,a55_59,f,onao_Canadian
354074,933,a50_54,m,ao_oesao
839992,933,a25_29,m,eo_bio_Irish
426340,933,a15_19,m,ao_sao_ei
29241,933,a85_,m,eo_bio_Irish
217168,933,a50_54,f,ao_esao_Chinese
324287,933,a15_19,m,ao_esao_Chinese
705744,933,a25_29,m,ao_esao_Chinese
304751,933,a85_,f,ao_oesao
354825,933,a25_29,f,ao_esao_Chinese
749763,933,a40_44,f,lcsao
511068,933,a65_69,f,ao_esao_Chinese
388812,933,a70_74,f,ao_sao_ei
706559,933,a65_69,m,eo_seo_Italian
390505,933,a70_74,m,eo_weo_German
48841,933,a20_24,m,ao_oesao
348976,933,a75_79,m,eo_oseo
888179,933,a40_44,m,eo_fo
106625,933,a20_24,m,ao
365558,933,a75_79,f,eo_bio_Scottish
723468,933,a45_49,f,ao_wcameo
394790,933,a50_54,m,eo_weo_Dutch
96918,933,a60_64,m,eo_fo
577366,933,a55_59,f,eo_weo_German
629440,933,a55_59,f,ao_esao_Chinese
211570,933,a10_14,m,eo_oseo
913956,933,a70_74,f,eo_weo_German
820412,933,a10_14,f,ao_esao_Chinese
853249,933,a30_34,m,ao_esao_Chinese
655614,933,a75_79,m,ao_esao_Chinese
836363,933,a50_54,m,eo_bio_English
285373,933,a5_9,m,ao_esao_Chinese
214623,933,a85_,f,eo_bio_English
271353,933,a80_84,f,ao_sao_ei
424958,933,a15_19,m,ao_oesao
439049,933,a20_24,m,ao_esao_Chinese
857784,933,a70_74,f,eo_oweo
734444,933,a75_79,m,eo_bio_Scottish
388537,933,a75_79,f,eo_eeo_Russian
283738,933,a45_49,f,eo_oseo
60488,933,a20_24,m,ao_esao_Chinese
527879,933,a40_44,m,eo_eeo_Ukrainian
106625,933,a20_24,m,ao
108481,933,a70_74,f,eo_weo_German
849037,933,a35_39,m,ao_oesao
659823,933,a10_14,m,ao_esao_Chinese
677183,933,a65_69,f,eo_seo_Italian
370987,933,a50_54,m,ao_esao_Chinese
357152,933,a40_44,m,ao_oesao
167169,933,a55_59,f,ao_esao_Chinese
844340,933,a70_74,f,eo_weo_German
416863,933,a60_64,m,ao_sao_ei
494671,933,a25_29,f,ao_oesao
705277,933,a35_39,m,lcsao
6109,933,a55_59,m,ao_esao_Chinese
660068,933,a15_19,m,ao_esao_Filipino
579485,933,a50_54,m,eo_bio_English
118896,933,a25_29,m,ao_esao_Chinese
102929,933,a20_24,m,ao_esao_Chinese
278162,933,a70_74,m,ao_wcameo
784397,933,a45_49,m,eo_bio_English
403516,933,a85_,m,eo_bio_English
671564,933,a35_39,f,ao_esao_Chinese
701705,933,a55_59,f,eo_oseo
170475,933,a25_29,f,eo_oeeo
114590,933,a50_54,m,ao_esao_Chinese
117993,933,a5_9,m,onao_Canadian
855350,933,a20_24,m,ao_esao_Chinese
869012,933,a50_54,f,eo_seo_Italian
870069,933,a80_84,m,eo_bio_Scottish
697789,933,a20_24,m,ao_sao_ei
183975,933,a30_34,m,oo
198720,933,a10_14,m,eo_bio_English
777531,933,a75_79,f,eo_weo_German
20817,933,a5_9,f,ao_oesao
141784,933,a50_54,f,lcsao
632106,933,a50_54,f,ao_esao_Chinese
494794,933,a65_69,m,eo_bio_English
369394,933,a45_49,m,ao_esao_Chinese
509401,933,a65_69,f,ao_wcameo
534491,933,a35_39,m,ao_esao_Chinese
132,933,a40_44,f,ao_esao_Chinese
594610,933,a55_59,f,ao_esao_Chinese
495547,933,a5_9,m,ao_oesao
674861,933,a60_64,f,oco
812099,933,a25_29,f,ao_esao_Chinese
600841,933,a50_54,f,ao_oesao
558315,933,a35_39,m,ao_esao_Chinese
99713,933,a0_4,f,eo_eeo_Ukrainian
399160,933,a35_39,m,eo_bio_Scottish
143950,933,a70_74,f,eo_eeo_Russian
551283,933,a20_24,f,ao_esao_Filipino
562713,933,a80_84,m,ao_esao_Chinese
462599,933,a35_39,m,eo_bio_Irish
101436,933,a50_54,m,eo_neo
358176,933,a70_74,m,eo_seo_Spanish
754709,933,a70_74,m,eo_bio_Irish
514922,933,a70_74,f,eo_bio_English
452852,933,a55_59,f,ao_oesao
900267,933,a50_54,f,onao
396658,933,a35_39,f,eo_oseo
472210,933,a65_69,m,eo_bio_English
847154,933,a15_19,f,ao_esao_Filipino
327935,933,a0_4,m,onao_Canadian
158799,933,a85_,f,eo_bio_English
446984,933,a60_64,m,ao_wcameo
686089,933,a70_74,f,lcsao
313167,933,a45_49,m,eo_bio_English
212317,933,a45_49,f,ao_esao_Chinese
368350,933,a60_64,f,eo_oeeo
598156,933,a55_59,m,eo_bio_Scottish
706619,933,a35_39,m,eo_seo_Portuguese
49434,933,a5_9,f,ao_esao_Chinese
324037,933,a55_59,f,ao_esao_Chinese
32907,933,a80_84,m,eo_seo_Portuguese
855731,933,a25_29,m,ao_esao_Chinese
698975,933,a30_34,m,eo_weo_German
820966,933,a70_74,m,ao_esao_Chinese
462924,933,a60_64,f,eo_oseo
667822,933,a50_54,m,ao_oesao
356747,933,a20_24,m,eo_bio_English
347471,933,a60_64,f,ao_esao_Chinese
567661,933,a45_49,m,eo_fo
759666,933,a40_44,f,ao_esao_Chinese
244257,933,a60_64,f,ao_esao_Chinese
286809,933,a20_24,m,ao_oesao
258040,933,a15_19,m,ao_sao_ei
240739,933,a55_59,m,eo_bio_English
667392,933,a70_74,f,eo_neo
757798,933,a80_84,f,ao_esao_Chinese
197294,933,a45_49,m,eo_eeo_Polish
827441,933,a80_84,f,ao_osao
117942,933,a20_24,f,ao_esao_Chinese
96654,933,a35_39,m,ao_oesao
282173,933,a50_54,f,ao_oesao
369263,933,a40_44,f,ao_osao
523834,933,a65_69,f,eo_bio_English
295096,933,a50_54,m,ao_wcameo
294438,933,a5_9,f,eo_oseo
812289,933,a35_39,m,eo_weo_Dutch
275229,933,a35_39,m,ao_esao_Chinese
335327,933,a55_59,m,ao_esao_Chinese
748740,933,a50_54,m,eo_weo_German
515282,933,a20_24,m,ao
820,933,a70_74,f,eo_bio_English
205372,933,a30_34,m,ao_esao_Chinese
694820,933,a10_14,m,ao_esao_Chinese
255795,933,a60_64,m,ao_esao_Chinese
378798,933,a30_34,m,ao_wcameo
610666,933,a20_24,f,eo_bio_Scottish
543327,933,a55_59,f,ao_esao_Chinese
813777,933,a50_54,f,ao
78479,933,a35_39,f,ao_oesao
311990,933,a65_69,f,ao_esao_Chinese
13368,933,a60_64,m,eo_bio_Scottish
744441,933,a65_69,f,ao_wcameo
43370,933,a20_24,f,ao_esao_Chinese
130548,933,a30_34,f,ao_oesao
173360,933,a25_29,m,ao_esao_Chinese
583286,933,a10_14,f,eo_oeo
836080,933,a50_54,f,eo_fo
178832,933,a45_49,m,ao_esao_Chinese
185633,933,a55_59,f,ao_esao_Chinese
904746,933,a55_59,m,ao_oesao
571034,933,a10_14,m,ao_wcameo
869908,933,a50_54,f,eo_fo
673458,933,a65_69,f,eo_bio_English
155723,933,a60_64,f,ao_esao_Chinese
95373,933,a35_39,f,ao_esao_Filipino
264282,933,a75_79,m,ao_sao_ei
147550,933,a70_74,f,eo_neo
57736,933,a60_64,f,ao_sao_ei
278,933,a60_64,m,eo_bio_English
818159,933,a40_44,f,eo_seo_Portuguese
818790,933,a55_59,f,eo_oeo
387903,933,a25_29,m,ao_oesao
707514,933,a75_79,m,ao_oesao
81351,933,a0_4,m,ao_oesao
495733,933,a55_59,m,ao_oesao
323770,933,a30_34,f,ao_esao_Chinese
569431,933,a45_49,f,eo_weo_German
833654,933,a20_24,f,ao_oesao
99442,933,a25_29,f,eo_eeo_Russian
363276,933,a45_49,m,ao_esao_Chinese
483324,933,a25_29,f,ao_esao_Chinese
69439,933,a50_54,m,ao_esao_Chinese
86593,933,a25_29,f,onao_Canadian
700574,933,a0_4,f,eo_oeeo
715705,933,a40_44,f,ao
164485,933,a55_59,f,ao_esao_Chinese
196971,933,a70_74,f,eo_eeo_Polish
457560,933,a5_9,m,ao_esao_Chinese
339150,933,a70_74,f,eo_eeo_Ukrainian
48156,933,a70_74,f,eo_bio_English
219910,933,a20_24,m,ao_sao_ei
887207,933,a50_54,f,ao_esao_Chinese
874452,933,a45_49,f,ao_esao_Chinese
93002,933,a55_59,m,ao_wcameo
236309,933,a25_29,m,ao_esao_Chinese
693110,933,a40_44,f,ao_esao_Chinese
143426,933,a70_74,m,eo_oweo
601694,933,a5_9,m,ao
842185,933,a55_59,m,ao_esao_Chinese
34815,933,a40_44,f,eo_eeo_Russian
117583,933,a45_49,f,ao_oesao
856048,933,a25_29,f,ao_esao_Chinese
129176,933,a10_14,m,ao_esao_Chinese
83118,933,a25_29,m,lcsao
851528,933,a25_29,m,ao_esao_Chinese
683480,933,a30_34,m,ao_esao_Chinese
744905,933,a50_54,m,ao_esao_Chinese
805374,933,a60_64,m,ao_wcameo
190456,933,a55_59,m,eo_oeeo
650377,933,a70_74,f,ao_oesao
178138,933,a85_,m,eo_bio_English
474932,933,a70_74,f,ao_esao_Chinese
756625,933,a5_9,f,ao_esao_Chinese
871859,933,a30_34,m,ao_wcameo
663398,933,a25_29,f,ao_wcameo
863104,933,a25_29,m,eo_fo
279496,933,a20_24,m,ao_esao_Chinese
312566,933,a75_79,f,ao_esao_Chinese
922306,933,a50_54,m,ao
27356,933,a30_34,f,ao_esao_Chinese
600961,933,a55_59,m,ao_esao_Chinese
253499,933,a50_54,m,eo_weo_German
835213,933,a30_34,m,ao_esao_Chinese
309070,933,a85_,m,eo_bio_Scottish
41004,933,a0_4,m,ao_esao_Chinese
490272,933,a40_44,f,ao_esao_Chinese
272609,933,a20_24,m,ao_oesao
786398,933,a75_79,m,ao_oesao
759980,933,a45_49,f,ao_esao_Chinese
311674,933,a60_64,f,ao_esao_Chinese
17476,933,a40_44,f,ao_esao_Chinese
360898,933,a30_34,m,ao_esao_Chinese
79643,933,a55_59,f,ao_oesao
655935,933,a30_34,f,ao_wcameo
723451,933,a5_9,f,ao_esao_Chinese
838870,933,a25_29,f,ao_sao_ei
18363,933,a30_34,m,ao_oesao
297491,933,a55_59,f,ao_sao_ei
801431,933,a75_79,m,ao_sao_ei
503942,933,a60_64,m,eo_weo_German
157825,933,a85_,f,ao_esao_Chinese
285593,933,a25_29,f,ao_esao_Chinese
854258,933,a60_64,f,eo_bio_Scottish
479152,933,a80_84,f,eo_bio_English
39034,933,a50_54,m,lcsao
854923,933,a25_29,f,ao_esao_Chinese
697374,933,a15_19,m,ao_oesao
596777,933,a10_14,m,ao_oesao
765961,933,a50_54,m,ao_esao_Chinese
758687,933,a75_79,f,ao_esao_Chinese
130250,933,a20_24,m,ao_esao_Chinese
899209,933,a15_19,f,ao_esao_Chinese
896680,933,a35_39,f,ao_esao_Chinese
57247,933,a70_74,m,eo_bio_English
788219,933,a50_54,m,eo_eeo_Polish
871340,933,a40_44,f,ao_sao_ei
650160,933,a20_24,f,ao_esao_Chinese
29139,933,a20_24,f,ao_sao_ei
690132,933,a55_59,f,ao_esao_Chinese
638434,933,a50_54,f,ao_esao_Chinese
448688,933,a75_79,f,ao_esao_Chinese
257951,933,a80_84,m,eo_bio_Irish
391117,933,a60_64,f,eo_obio
