PPSORT,CMA,AGE,SEX,RACE
101546,933,a55_59,m,ao
640843,933,a45_49,m,eo_bio_English
842948,933,a50_54,m,eo_eeo_Ukrainian
681055,933,a50_54,m,eo_weo_German
889993,933,a55_59,m,eo_bio_Scottish
863699,933,a25_29,m,eo_seo_Italian
812181,933,a40_44,f,eo_seo_Portuguese
132428,933,a55_59,m,ao_esao_Chinese
365879,933,a30_34,m,onao_Canadian
399737,933,a50_54,m,naao
254423,933,a55_59,m,eo_neo
251326,933,a70_74,f,eo_weo_German
47038,933,a25_29,f,ao_oesao
133786,933,a65_69,f,eo_bio_English
898077,933,a55_59,m,onao_Canadian
166465,933,a35_39,m,ao_esao_Chinese
24343,933,a40_44,m,eo_bio_Irish
730223,933,a40_44,f,naao
220379,933,a75_79,m,eo_oeo
145600,933,a45_49,m,eo_eeo_Hungarian
820244,933,a15_19,f,ao_sao_ei
298196,933,a30_34,m,eo_weo_Dutch
682579,933,a30_34,f,naao
856598,933,a50_54,f,eo_bio_Irish
217830,933,a50_54,f,eo_weo_German
244311,933,a50_54,m,ao_oesao
534678,933,a60_64,m,eo_weo_German
702561,933,a35_39,f,eo_fo
562773,933,a30_34,m,eo_eeo_Polish
639459,933,a25_29,m,ao_oesao
781643,933,a75_79,f,eo_weo_German
760446,933,a65_69,f,eo_bio_English
263926,933,a25_29,m,eo_weo_German
204729,933,a65_69,m,eo_fo
792604,933,a30_34,f,eo_oseo
358030,933,a30_34,m,lcsao
717904,933,a55_59,f,ao_sao_ei
237660,933,a5_9,f,lcsao
145265,933,a35_39,m,ao_sao_ei
27329,933,a5_9,m,onao_Canadian
2875,933,a35_39,m,lcsao
374113,933,a35_39,f,ao_esao_Chinese
742265,933,a35_39,m,eo_bio_Irish
629502,933,a50_54,m,ao_oesao
553726,933,a80_84,f,eo_eeo_Ukrainian
616531,933,a65_69,m,eo_bio_English
18388,933,a35_39,m,onao_Canadian
662976,933,a10_14,m,onao_Canadian
399192,933,a55_59,f,eo_fo
473966,933,a10_14,m,ao
553226,933,a25_29,m,eo_bio_Scottish
480371,933,a35_39,m,onao_Canadian
906036,933,a35_39,f,eo_neo
588147,933,a30_34,m,eo_bio_Irish
78389,933,a35_39,f,ao_esao_Chinese
545697,933,a35_39,m,ao_esao_Filipino
209435,933,a65_69,m,eo_bio_English
777572,933,a50_54,f,eo_bio_Scottish
38250,933,a55_59,f,onao_Canadian
269930,933,a20_24,f,ao_oesao
787181,933,a30_34,m,onao_Canadian
215647,933,a85_,f,eo_weo_German
886704,933,a30_34,m,eo_fo
905467,933,a45_49,f,onao
209538,933,a60_64,f,eo_bio_English
191264,933,a25_29,f,eo_fo
165648,933,a25_29,m,lcsao
34525,933,a55_59,m,eo_seo_Italian
736287,933,a10_14,f,ao_oesao
355056,933,a50_54,f,ao_esao_Filipino
440525,933,a80_84,f,eo_weo_German
571221,933,a30_34,m,ao_esao_Filipino
591796,933,a40_44,f,ao_sao_ei
730925,933,a5_9,f,lcsao
670583,933,a20_24,f,lcsao
449413,933,a5_9,m,eo_bio_English
690919,933,a20_24,m,oo
111094,933,a30_34,f,ao_sao_ei
577399,933,a20_24,f,eo_obio
734560,933,a5_9,m,ao_esao_Chinese
312309,933,a45_49,m,eo_eeo_Russian
735670,933,a50_54,f,ao_osao
547968,933,a20_24,m,ao_oesao
32380,933,a30_34,f,lcsao
822283,933,a70_74,m,eo_bio_Irish
73550,933,a30_34,f,naao
685256,933,a25_29,m,ao
371294,933,a25_29,m,eo_neo
178964,933,a40_44,f,naao
396358,933,a30_34,m,eo_obio
857217,933,a15_19,f,oo
191676,933,a50_54,m,eo_eeo_Ukrainian
43725,933,a50_54,m,oo
824238,933,a25_29,m,eo_seo_Italian
300416,933,a40_44,m,ao_esao_Filipino
807932,933,a35_39,f,ao
226717,933,a80_84,f,eo_weo_German
612298,933,a50_54,f,eo_neo
430123,933,a0_4,f,ao_osao
691474,933,a25_29,f,eo_obio
483463,933,a55_59,m,eo_bio_English
119038,933,a35_39,m,eo_bio_English
434168,933,a50_54,m,ao_esao_Chinese
872676,933,a70_74,f,eo_weo_German
76066,933,a50_54,f,eo_eeo_Hungarian
788170,933,a30_34,m,onao_Canadian
22713,933,a45_49,m,eo_bio_Irish
873974,933,a35_39,f,ao_esao_Filipino
625957,933,a50_54,m,eo_eeo_Polish
486752,933,a35_39,f,ao_oesao
94475,933,a20_24,m,ao_oesao
910936,933,a30_34,f,eo_obio
492919,933,a45_49,m,eo_bio_English
211354,933,a30_34,f,lcsao
42341,933,a50_54,m,eo_bio_English
692670,933,a75_79,f,eo_weo_German
501373,933,a65_69,m,eo_neo
436982,933,a20_24,m,eo_bio_English
816443,933,a35_39,f,eo_seo_Greek
714174,933,a25_29,m,eo_obio
369284,933,a65_69,m,eo_seo_Italian
865457,933,a70_74,m,eo_seo_Greek
213942,933,a30_34,f,naao
866534,933,a25_29,f,ao_esao_Chinese
158145,933,a25_29,f,naao
202879,933,a20_24,f,onao_Canadian
560249,933,a45_49,f,eo_bio_English
418720,933,a25_29,m,eo_oweo
59925,933,a55_59,m,eo_weo_German
715826,933,a45_49,f,eo_weo_German
422531,933,a55_59,m,eo_bio_Scottish
196024,933,a65_69,f,eo_neo
182426,933,a30_34,m,eo_bio_Scottish
821901,933,a45_49,f,ao_esao_Chinese
579343,933,a40_44,m,eo_seo_Greek
210819,933,a45_49,m,eo_weo_Dutch
245614,933,a65_69,m,onao_Canadian
551998,933,a85_,f,eo_bio_English
119365,933,a65_69,f,eo_eeo_Hungarian
242325,933,a50_54,m,eo_bio_English
306844,933,a55_59,f,eo_bio_Scottish
180113,933,a40_44,m,eo_neo
668649,933,a20_24,f,eo_bio_Irish
496221,933,a30_34,f,eo_fo
93956,933,a30_34,f,eo_seo_Greek
210457,933,a30_34,f,ao_oesao
310835,933,a20_24,m,ao_oesao
642905,933,a20_24,m,onao_Canadian
865873,933,a50_54,m,eo_weo_German
738337,933,a35_39,m,onao_Canadian
280812,933,a30_34,m,eo_bio_Irish
420766,933,a25_29,m,eo_bio_Irish
856396,933,a60_64,f,eo_eeo_Ukrainian
859069,933,a20_24,f,naao
548144,933,a30_34,m,eo_eeo_Russian
392860,933,a65_69,f,ao_oesao
521505,933,a55_59,m,eo_bio_Scottish
630255,933,a35_39,m,ao_sao_ei
423972,933,a35_39,f,eo_oeeo
448628,933,a45_49,m,ao_sao_ei
676132,933,a30_34,m,oo
601545,933,a40_44,f,eo_fo
585131,933,a25_29,f,onao_Canadian
502879,933,a30_34,f,onao_Canadian
581840,933,a15_19,f,onao_Canadian
808749,933,a60_64,m,eo_oseo
65063,933,a40_44,m,eo_weo_German
287471,933,a50_54,m,eo_oeeo
704497,933,a50_54,f,eo_seo_Italian
131093,933,a60_64,f,eo_weo_German
85560,933,a45_49,m,onao_Canadian
190621,933,a35_39,f,ao_esao_Chinese
674030,933,a30_34,f,eo_bio_English
724048,933,a50_54,f,naao
77903,933,a10_14,m,naao
428337,933,a55_59,m,eo_bio_English
59902,933,a40_44,f,eo_fo
604774,933,a45_49,f,ao_esao_Chinese
584475,933,a25_29,f,eo_neo
817089,933,a25_29,f,onao_Canadian
232101,933,a60_64,m,eo_bio_Scottish
709105,933,a5_9,f,ao_sao_ei
150350,933,a60_64,f,ao_esao_Chinese
763658,933,a20_24,m,ao_esao_Filipino
241568,933,a30_34,m,naao
459698,933,a60_64,m,eo_eeo_Polish
912208,933,a35_39,m,eo_bio_Irish
919617,933,a80_84,f,eo_seo_Italian
726473,933,a55_59,f,eo_oseo
52746,933,a45_49,f,ao_esao_Chinese
465583,933,a55_59,m,eo_bio_English
722783,933,a20_24,f,eo_bio_English
89564,933,a10_14,m,eo_oseo
47370,933,a45_49,f,lcsao
365879,933,a30_34,m,onao_Canadian
573303,933,a15_19,m,onao_Canadian
308597,933,a50_54,m,onao_Canadian
492570,933,a75_79,m,eo_eeo_Hungarian
416932,933,a70_74,m,eo_bio_English
441870,933,a20_24,f,ao_sao_ei
872825,933,a20_24,f,ao_esao_Chinese
429409,933,a45_49,f,ao_esao_Filipino
140282,933,a65_69,m,eo_bio_English
727239,933,a60_64,f,eo_eeo_Ukrainian
98029,933,a30_34,f,ao_esao_Filipino
406204,933,a40_44,f,lcsao
359305,933,a65_69,f,onao_Canadian
532264,933,a5_9,f,ao_oesao
113820,933,a0_4,m,eo_weo_German
546079,933,a55_59,m,eo_neo
125517,933,a35_39,m,ao_esao_Chinese
91645,933,a50_54,f,eo_obio
725057,933,a25_29,f,lcsao
806719,933,a40_44,f,naao
822904,933,a45_49,f,ao_esao_Filipino
342814,933,a20_24,f,eo_oeo
644725,933,a5_9,f,onao_Canadian
318475,933,a40_44,m,eo_bio_English
318986,933,a25_29,m,onao_Canadian
240619,933,a35_39,f,ao_sao_ei
136120,933,a50_54,f,eo_seo_Greek
575241,933,a30_34,m,eo_seo_Italian
115349,933,a40_44,f,oo
898477,933,a25_29,f,onao_Canadian
519525,933,a25_29,f,ao_esao_Chinese
477104,933,a60_64,m,eo_seo_Italian
896947,933,a55_59,m,eo_bio_English
676514,933,a30_34,f,lcsao
66875,933,a70_74,m,ao_esao_Chinese
255289,933,a45_49,m,eo_eeo_Ukrainian
359410,933,a55_59,f,onao_Canadian
410273,933,a35_39,m,eo_bio_English
538497,933,a55_59,f,eo_bio_Irish
568428,933,a35_39,f,eo_eeo_Ukrainian
670583,933,a20_24,f,lcsao
405083,933,a35_39,m,eo_bio_Irish
474575,933,a45_49,m,eo_weo_German
278466,933,a45_49,f,ao_esao_Chinese
25563,933,a25_29,f,onao_Canadian
506140,933,a50_54,m,eo_bio_Irish
911162,933,a55_59,m,eo_weo_German
56280,933,a25_29,m,onao_Canadian
741370,933,a45_49,m,onao_Canadian
260600,933,a15_19,m,onao_Canadian
296817,933,a75_79,m,eo_bio_English
245285,933,a15_19,m,ao_oesao
262302,933,a45_49,m,eo_obio
861605,933,a15_19,f,eo_bio_English
824765,933,a55_59,f,eo_weo_German
532239,933,a50_54,f,eo_weo_German
915930,933,a40_44,m,eo_weo_German
266644,933,a40_44,m,eo_fo
809322,933,a5_9,f,onao_Canadian
283588,933,a45_49,m,eo_seo_Spanish
31778,933,a50_54,m,onao_Canadian
757877,933,a55_59,m,eo_eeo_Russian
264186,933,a55_59,m,eo_fo
921688,933,a20_24,f,ao_oesao
523972,933,a40_44,f,eo_seo_Spanish
813733,933,a10_14,f,onao_Canadian
537801,933,a5_9,m,onao_Canadian
104664,933,a60_64,f,ao_esao_Chinese
433730,933,a70_74,f,ao_sao_ei
226739,933,a50_54,m,eo_bio_Irish
556429,933,a40_44,m,ao_oesao
658709,933,a55_59,f,eo_bio_Irish
71255,933,a55_59,f,ao_esao_Chinese
426080,933,a65_69,m,eo_oeeo
307660,933,a65_69,f,eo_fo
560910,933,a35_39,f,eo_weo_German
762474,933,a15_19,f,ao_sao_ei
162305,933,a65_69,m,eo_bio_Scottish
768004,933,a50_54,f,ao_esao_Filipino
650002,933,a50_54,m,ao_esao_Chinese
303937,933,a60_64,f,eo_neo
94348,933,a15_19,f,ao_esao_Filipino
487401,933,a30_34,f,eo_obio
210738,933,a35_39,m,ao_esao_Chinese
248677,933,a0_4,m,eo_oseo
626081,933,a60_64,f,naao
243911,933,a30_34,f,eo_bio_English
179222,933,a25_29,f,ao_oesao
702181,933,a50_54,f,eo_obio
188840,933,a45_49,f,ao_sao_ei
729348,933,a60_64,f,eo_bio_English
182061,933,a30_34,f,onao_Canadian
462830,933,a65_69,f,eo_weo_German
364528,933,a30_34,f,eo_bio_Irish
877745,933,a20_24,m,eo_bio_Irish
287407,933,a60_64,m,eo_bio_Irish
311982,933,a55_59,m,eo_bio_English
607565,933,a30_34,m,eo_obio
101055,933,a50_54,m,eo_neo
414809,933,a0_4,m,naao
112614,933,a35_39,m,ao
172970,933,a15_19,f,ao_esao_Chinese
476026,933,a25_29,f,eo_bio_Irish
921724,933,a25_29,f,eo_seo_Spanish
780545,933,a50_54,f,lcsao
640492,933,a55_59,f,eo_eeo_Polish
587708,933,a40_44,m,ao_sao_ei
204752,933,a45_49,m,eo_eeo_Ukrainian
637769,933,a70_74,m,eo_neo
520125,933,a35_39,m,onao_Canadian
179895,933,a10_14,m,ao_oesao
463888,933,a25_29,f,eo_weo_German
471951,933,a30_34,f,onao_Canadian
181697,933,a25_29,m,onao_Canadian
630196,933,a35_39,m,ao_esao_Filipino
770975,933,a25_29,f,ao_esao_Chinese
832365,933,a35_39,m,eo_oseo
314741,933,a40_44,f,naao
900270,933,a30_34,f,eo_obio
596778,933,a40_44,f,ao
505466,933,a15_19,m,onao_Canadian
413872,933,a45_49,m,eo_oseo
58851,933,a35_39,m,eo_seo_Greek
755224,933,a55_59,f,eo_fo
769530,933,a10_14,f,onao_Canadian
491902,933,a45_49,m,eo_obio
690378,933,a60_64,f,eo_bio_English
622203,933,a40_44,f,eo_weo_German
632334,933,a45_49,f,ao_esao_Chinese
531723,933,a65_69,m,oo
17741,933,a55_59,f,ao_esao_Chinese
693486,933,a5_9,f,onao_Canadian
823667,933,a30_34,m,ao_esao_Filipino
695692,933,a50_54,m,eo_eeo_Ukrainian
633007,933,a20_24,f,lcsao
315884,933,a50_54,f,eo_seo_Greek
292506,933,a55_59,m,eo_obio
869127,933,a45_49,m,eo_neo
623707,933,a30_34,m,onao_Canadian
213342,933,a60_64,f,eo_seo_Italian
327770,933,a45_49,f,eo_seo_Italian
607758,933,a35_39,m,eo_weo_German
847317,933,a45_49,f,ao_esao_Chinese
160889,933,a70_74,m,ao_esao_Chinese
347536,933,a0_4,m,onao_Canadian
395543,933,a45_49,f,eo_eeo_Russian
360516,933,a30_34,m,eo_weo_German
415921,933,a35_39,m,eo_obio
450905,933,a35_39,f,ao_wcameo
471941,933,a45_49,f,eo_bio_Scottish
175783,933,a40_44,f,ao_oesao
804248,933,a25_29,f,ao_esao_Chinese
615270,933,a75_79,m,eo_eeo_Ukrainian
7182,933,a35_39,m,eo_obio
127186,933,a60_64,m,eo_bio_English
569309,933,a55_59,f,onao_Canadian
268841,933,a15_19,m,eo_bio_English
678559,933,a30_34,m,eo_eeo_Polish
17904,933,a50_54,f,eo_obio
439596,933,a25_29,f,ao_wcameo
232823,933,a55_59,f,eo_seo_Greek
350697,933,a50_54,f,ao_esao_Chinese
420732,933,a30_34,m,eo_eeo_Russian
85488,933,a65_69,f,ao_esao_Filipino
332304,933,a40_44,m,eo_fo
563906,933,a35_39,f,naao
231002,933,a40_44,m,ao_esao_Chinese
651422,933,a10_14,f,onao_Canadian
444775,933,a35_39,f,ao_oesao
290275,933,a40_44,f,lcsao
472410,933,a60_64,f,ao
141382,933,a50_54,f,ao_esao_Chinese
133336,933,a20_24,m,naao
526071,933,a50_54,f,ao_esao_Chinese
485008,933,a70_74,m,eo_bio_English
1423,933,a35_39,f,eo_oeo
601772,933,a50_54,f,eo_bio_English
892141,933,a30_34,m,eo_bio_Irish
646917,933,a45_49,f,eo_bio_Scottish
247846,933,a25_29,f,eo_bio_Scottish
578106,933,a40_44,m,eo_weo_German
16114,933,a60_64,f,eo_seo_Spanish
438611,933,a65_69,m,ao_esao_Chinese
68253,933,a50_54,m,onao_Canadian
726865,933,a20_24,m,eo_eeo_Ukrainian
39715,933,a75_79,f,eo_seo_Greek
74736,933,a60_64,m,eo_eeo_Russian
212427,933,a65_69,f,eo_neo
142239,933,a60_64,f,eo_obio
579656,933,a15_19,m,ao_sao_ei
452706,933,a15_19,m,onao_Canadian
659530,933,a40_44,m,eo_seo_Spanish
907332,933,a70_74,f,eo_neo
147510,933,a60_64,m,eo_fo
253832,933,a35_39,m,oco
859253,933,a35_39,f,ao_oesao
870992,933,a10_14,m,eo_bio_English
176505,933,a50_54,f,ao_esao_Chinese
920741,933,a70_74,f,ao_sao_ei
435027,933,a30_34,f,lcsao
365354,933,a60_64,f,ao_esao_Chinese
358448,933,a25_29,f,eo_eeo_Ukrainian
795014,933,a70_74,f,eo_eeo_Ukrainian
421540,933,a25_29,f,ao_esao_Filipino
706079,933,a25_29,f,ao_sao_ei
290780,933,a25_29,f,ao_osao
154053,933,a35_39,m,eo_fo
840216,933,a30_34,m,onao_Canadian
364528,933,a30_34,f,eo_bio_Irish
492016,933,a30_34,m,onao_Canadian
203075,933,a65_69,m,eo_bio_Irish
38645,933,a65_69,m,eo_obio
153032,933,a50_54,f,ao_esao_Filipino
714390,933,a30_34,m,eo_weo_German
269312,933,a25_29,m,eo_bio_Scottish
314302,933,a65_69,f,eo_bio_Scottish
394130,933,a65_69,f,eo_oseo
124862,933,a30_34,m,naao
190994,933,a25_29,m,ao_sao_ei
24437,933,a35_39,f,ao_esao_Chinese
228188,933,a35_39,m,eo_weo_German
218011,933,a60_64,f,onao_Canadian
674040,933,a0_4,m,eo_neo
217400,933,a35_39,f,ao_sao_ei
478602,933,a65_69,m,eo_obio
850848,933,a50_54,m,onao_Canadian
114796,933,a15_19,f,naao
621148,933,a40_44,f,onao_Canadian
129558,933,a70_74,m,eo_weo_German
172357,933,a35_39,f,ao_esao_Chinese
706282,933,a55_59,f,eo_bio_English
498714,933,a70_74,f,eo_bio_Scottish
411220,933,a30_34,f,eo_weo_German
377264,933,a40_44,f,ao_esao_Chinese
12424,933,a30_34,f,lcsao
407116,933,a25_29,m,naao
322830,933,a25_29,m,onao_Canadian
125140,933,a25_29,m,eo_weo_German
20100,933,a65_69,f,eo_fo
744989,933,a30_34,m,lcsao
685256,933,a25_29,m,ao
108372,933,a50_54,m,eo_bio_Irish
487927,933,a20_24,f,eo_bio_English
435386,933,a45_49,m,onao_Canadian
32879,933,a35_39,m,onao_Canadian
765470,933,a35_39,m,eo_bio_Irish
741838,933,a20_24,m,eo_eeo_Hungarian
900654,933,a60_64,f,eo_bio_Irish
663116,933,a35_39,f,eo_oseo
43538,933,a30_34,f,onao_Canadian
341333,933,a40_44,f,ao_oesao
126324,933,a30_34,f,ao_esao_Filipino
29686,933,a15_19,f,onao_Canadian
129167,933,a20_24,f,ao_oesao
243172,933,a65_69,m,eo_obio
352308,933,a75_79,m,eo_oseo
325607,933,a25_29,f,eo_eeo_Russian
862372,933,a20_24,m,ao_oesao
553226,933,a25_29,m,eo_bio_Scottish
740859,933,a30_34,m,onao_Canadian
328555,933,a20_24,f,ao_esao_Chinese
615587,933,a55_59,f,eo_obio
450953,933,a5_9,m,ao_oesao
923532,933,a50_54,m,ao_sao_ei
899560,933,a50_54,m,eo_bio_Scottish
277716,933,a80_84,m,eo_bio_Irish
159492,933,a70_74,f,lcsao
424529,933,a70_74,f,eo_bio_Irish
874865,933,a30_34,m,eo_bio_Irish
571869,933,a0_4,m,oo
702726,933,a35_39,m,ao_oesao
894180,933,a45_49,f,ao_oesao
744961,933,a50_54,f,ao_esao_Chinese
730857,933,a40_44,f,ao_esao_Chinese
883148,933,a55_59,m,naao
422726,933,a25_29,f,eo_bio_English
502834,933,a15_19,f,ao_esao_Chinese
109809,933,a30_34,m,ao_sao_ei
798381,933,a20_24,m,onao_Canadian
594060,933,a35_39,f,eo_bio_Scottish
49429,933,a50_54,m,eo_obio
34900,933,a25_29,m,eo_weo_Dutch
824221,933,a45_49,m,eo_oseo
112324,933,a50_54,m,eo_bio_English
901626,933,a50_54,f,eo_neo
20023,933,a65_69,f,eo_bio_Irish
826649,933,a30_34,m,eo_bio_English
19439,933,a50_54,f,ao_esao_Chinese
622050,933,a85_,f,onao_Canadian
98267,933,a25_29,f,lcsao
79476,933,a45_49,f,eo_bio_Scottish
345553,933,a65_69,m,eo_oseo
209447,933,a35_39,f,onao_Canadian
545289,933,a25_29,m,onao_Canadian
97940,933,a45_49,f,oo
83282,933,a15_19,f,eo_eeo_Polish
264011,933,a65_69,m,eo_obio
881234,933,a65_69,m,eo_bio_Irish
659511,933,a25_29,f,onao_Canadian
620753,933,a55_59,m,eo_weo_German
516246,933,a20_24,m,ao_sao_ei
413169,933,a35_39,f,onao_Canadian
907942,933,a65_69,m,eo_eeo_Hungarian
621036,933,a5_9,m,naao
183470,933,a35_39,f,lcsao
785313,933,a45_49,m,ao_oesao
326662,933,a50_54,m,eo_eeo_Polish
359588,933,a50_54,f,eo_weo_German
295312,933,a40_44,f,onao_Canadian
595977,933,a60_64,f,eo_seo_Greek
751517,933,a40_44,f,eo_eeo_Ukrainian
755224,933,a55_59,f,eo_fo
900099,933,a30_34,f,eo_bio_Scottish
614685,933,a10_14,f,ao_oesao
136066,933,a35_39,m,onao
118132,933,a15_19,f,ao_esao_Filipino
689208,933,a40_44,m,eo_bio_Irish
275318,933,a75_79,m,eo_bio_Scottish
878121,933,a30_34,m,lcsao
654333,933,a30_34,f,ao
351301,933,a35_39,f,ao_sao_ei
455667,933,a30_34,m,eo_bio_Irish
525296,933,a65_69,f,eo_bio_English
90555,933,a35_39,f,ao
420990,933,a50_54,m,ao_esao_Filipino
55727,933,a60_64,f,ao_oesao
358307,933,a35_39,f,lcsao
724894,933,a30_34,f,eo_bio_Scottish
10684,933,a55_59,m,eo_eeo_Polish
629146,933,a15_19,m,lcsao
507570,933,a40_44,m,ao_sao_ei
709895,933,a50_54,m,eo_bio_English
348338,933,a35_39,f,ao_osao
342126,933,a60_64,m,eo_obio
196434,933,a45_49,m,eo_bio_Irish
444078,933,a35_39,m,eo_eeo_Russian
503597,933,a50_54,f,eo_weo_Dutch
302379,933,a25_29,m,eo_weo_German
92925,933,a15_19,m,eo_bio_Irish
248235,933,a30_34,m,eo_oeo
709357,933,a70_74,m,ao_esao_Chinese
862105,933,a70_74,f,eo_eeo_Russian
817266,933,a80_84,f,eo_weo_Dutch
269217,933,a35_39,m,onao_Canadian
490987,933,a25_29,f,ao_oesao
797474,933,a10_14,m,onao
781685,933,a50_54,f,ao_esao_Filipino
805347,933,a40_44,m,ao_esao_Chinese
161909,933,a40_44,f,eo_oeeo
423285,933,a70_74,f,eo_bio_Scottish
360042,933,a30_34,m,onao_Canadian
145508,933,a50_54,m,eo_bio_Scottish
191184,933,a60_64,m,eo_eeo_Ukrainian
194308,933,a50_54,m,eo_bio_Scottish
469070,933,a70_74,f,eo_bio_Irish
519100,933,a35_39,m,eo_neo
840957,933,a25_29,f,eo_eeo_Polish
702132,933,a35_39,m,ao_sao_ei
234371,933,a40_44,m,eo_bio_Irish
152550,933,a20_24,f,eo_eeo_Polish
65881,933,a55_59,f,eo_oseo
581623,933,a40_44,m,eo_fo
424611,933,a60_64,f,onao_Canadian
124106,933,a50_54,f,ao_esao_Chinese
548887,933,a30_34,f,ao_esao_Chinese
201155,933,a45_49,m,eo_fo
299379,933,a35_39,m,ao_oesao
42894,933,a35_39,m,onao_Canadian
213609,933,a60_64,f,eo_weo_German
97529,933,a60_64,f,eo_bio_English
569496,933,a35_39,m,eo_weo_German
296384,933,a20_24,m,ao_oesao
570527,933,a65_69,m,onao_Canadian
437944,933,a65_69,f,eo_oseo
647779,933,a65_69,f,eo_eeo_Polish
595762,933,a65_69,f,eo_bio_English
369098,933,a45_49,m,ao
910527,933,a40_44,m,onao_Canadian
195260,933,a25_29,m,eo_eeo_Hungarian
884502,933,a35_39,f,ao_oesao
275396,933,a55_59,f,eo_bio_English
325510,933,a35_39,m,eo_seo_Greek
715253,933,a15_19,m,ao_oesao
369422,933,a65_69,m,ao_oesao
923939,933,a25_29,f,eo_bio_English
18986,933,a45_49,m,eo_bio_Irish
436441,933,a5_9,f,naao
799878,933,a60_64,m,eo_seo_Spanish
257983,933,a30_34,f,ao_oesao
158020,933,a55_59,f,eo_weo_Dutch
689534,933,a55_59,m,eo_bio_English
320794,933,a60_64,m,eo_bio_Irish
755800,933,a45_49,f,eo_bio_English
52594,933,a20_24,f,onao_Canadian
809405,933,a60_64,m,eo_weo_German
794364,933,a25_29,m,eo_weo_German
324530,933,a70_74,f,ao_esao_Chinese
492284,933,a50_54,f,onao_Canadian
836180,933,a70_74,f,eo_bio_English
418532,933,a30_34,f,onao_Canadian
223938,933,a60_64,f,ao_wcameo
533790,933,a10_14,m,onao_Canadian
386219,933,a55_59,f,eo_fo
65328,933,a20_24,f,eo_fo
163766,933,a30_34,m,eo_weo_Dutch
776239,933,a40_44,m,eo_bio_Irish
247058,933,a20_24,f,ao_sao_ei
406609,933,a55_59,m,eo_eeo_Polish
868499,933,a40_44,f,lcsao
375589,933,a55_59,m,eo_bio_English
351191,933,a35_39,f,eo_seo_Italian
921487,933,a20_24,f,ao_sao_ei
211052,933,a30_34,m,eo_bio_English
524527,933,a25_29,f,eo_weo_German
351778,933,a70_74,f,naao
659530,933,a40_44,m,eo_seo_Spanish
546303,933,a40_44,f,ao_wcameo
648445,933,a35_39,f,eo_bio_Scottish
515229,933,a15_19,m,ao_oesao
709625,933,a50_54,m,eo_weo_Dutch
444169,933,a60_64,f,eo_bio_Irish
586872,933,a30_34,f,onao_Canadian
667630,933,a55_59,f,ao_sao_ei
691236,933,a10_14,m,ao_oesao
304533,933,a40_44,m,eo_eeo_Russian
27470,933,a65_69,m,eo_bio_English
860715,933,a40_44,m,eo_obio
658893,933,a65_69,m,ao_wcameo
568568,933,a30_34,m,eo_fo
246298,933,a65_69,f,ao_esao_Chinese
250191,933,a30_34,f,eo_weo_German
629778,933,a30_34,f,ao_sao_ei
196434,933,a45_49,m,eo_bio_Irish
695197,933,a25_29,f,eo_fo
827112,933,a30_34,f,lcsao
338579,933,a40_44,m,onao_Canadian
900099,933,a30_34,f,eo_bio_Scottish
692064,933,a65_69,f,eo_bio_Scottish
722172,933,a15_19,m,ao_oesao
455667,933,a30_34,m,eo_bio_Irish
658763,933,a30_34,m,eo_seo_Spanish
118756,933,a30_34,m,onao_Canadian
363097,933,a20_24,m,ao_oesao
234260,933,a25_29,f,ao_esao_Chinese
641956,933,a70_74,m,lcsao
57168,933,a35_39,f,naao
405083,933,a35_39,m,eo_bio_Irish
116837,933,a30_34,m,eo_seo_Italian
472810,933,a55_59,m,onao_Canadian
161802,933,a60_64,f,onao_Canadian
910936,933,a30_34,f,eo_obio
474575,933,a45_49,m,eo_weo_German
672127,933,a30_34,m,oo
190222,933,a45_49,f,naao
297287,933,a0_4,f,eo_bio_Scottish
445088,933,a70_74,m,eo_obio
162066,933,a15_19,m,ao_esao_Filipino
118865,933,a50_54,f,eo_eeo_Polish
923999,933,a30_34,f,eo_eeo_Ukrainian
464446,933,a20_24,f,ao_oesao
812800,933,a30_34,m,oo
702483,933,a30_34,m,ao_esao_Chinese
861981,933,a55_59,f,ao_oesao
804743,933,a5_9,f,eo_bio_English
417648,933,a35_39,m,eo_oseo
34686,933,a35_39,m,eo_neo
574291,933,a60_64,m,onao_Canadian
370704,933,a30_34,f,ao_oesao
460037,933,a30_34,f,eo_bio_Scottish
901734,933,a45_49,f,lcsao
530619,933,a45_49,m,onao_Canadian
191887,933,a35_39,m,eo_bio_English
263926,933,a25_29,m,eo_weo_German
565995,933,a55_59,f,eo_neo
898962,933,a20_24,m,ao_sao_ei
713619,933,a15_19,f,onao_Canadian
633230,933,a60_64,m,onao_Canadian
229435,933,a40_44,m,eo_oseo
668680,933,a30_34,m,ao_oesao
911023,933,a20_24,f,lcsao
183770,933,a45_49,f,eo_bio_Irish
892491,933,a10_14,f,eo_weo_Dutch
64842,933,a60_64,m,onao
270531,933,a60_64,f,eo_bio_English
125103,933,a20_24,f,onao_Canadian
4764,933,a50_54,m,ao_sao_ei
564691,933,a0_4,m,ao_oesao
847733,933,a60_64,f,eo_seo_Greek
244430,933,a60_64,m,eo_neo
495820,933,a60_64,f,eo_eeo_Ukrainian
196979,933,a65_69,m,naao
113384,933,a40_44,m,onao_Canadian
339260,933,a65_69,f,eo_bio_Scottish
801912,933,a30_34,f,eo_neo
546242,933,a30_34,f,ao_esao_Chinese
692670,933,a75_79,f,eo_weo_German
553876,933,a65_69,m,eo_bio_Scottish
617997,933,a25_29,m,naao
256719,933,a30_34,f,onao_Canadian
383535,933,a35_39,f,naao
601368,933,a50_54,f,eo_bio_Scottish
