SERIALNO,DVISION,SPORDER,PUMA,REGION,AGE,SEX,RACE,HISP,PWGTP1
2018GQ0000050,5,1,51044,3,20_29,m,asian,not.hisp.latino,68
2018GQ0000091,5,1,51225,3,30_39,m,white,not.hisp.latino,67
2018GQ0000111,5,1,51135,3,20_29,f,asian,not.hisp.latino,121
2018GQ0000143,5,1,51125,3,50_59,m,asian,not.hisp.latino,45
2018GQ0000152,5,1,55002,3,30_39,m,asian,not.hisp.latino,115
2018GQ0000260,5,1,51215,3,50_59,m,asian,not.hisp.latino,21
2018GQ0000312,5,1,51125,3,30_39,m,asian,not.hisp.latino,20
2018GQ0000340,5,1,51045,3,30_39,f,white,not.hisp.latino,21
2018GQ0000350,5,1,51020,3,50_59,f,white,not.hisp.latino,125
2018GQ0000366,5,1,4103,3,30_39,f,asian,not.hisp.latino,10
2018GQ0000382,5,1,51044,3,20_29,m,asian,not.hisp.latino,78
2018GQ0000399,5,1,51045,3,20_29,f,asian,not.hisp.latino,19
2018GQ0000427,5,1,51110,3,50_59,f,asian,not.hisp.latino,69
2018GQ0000430,5,1,51154,3,30_39,m,white,not.hisp.latino,17
2018GQ0000496,5,1,51080,3,30_39,f,white,not.hisp.latino,6
2018GQ0000542,5,1,51080,3,30_39,f,white,not.hisp.latino,98
2018GQ0000700,5,1,51097,3,50_59,f,white,not.hisp.latino,136
2018GQ0000715,5,1,51155,3,50_59,f,asian,not.hisp.latino,15
2018GQ0000788,5,1,51154,3,60_69,f,asian,not.hisp.latino,96
2018GQ0000857,5,1,51215,3,30_39,m,asian,not.hisp.latino,6
2018GQ0000889,5,1,4102,3,20_29,f,asian,not.hisp.latino,11
2018GQ0000899,5,1,51206,3,20_29,m,white,not.hisp.latino,15
2018GQ0000960,5,1,1302,3,30_39,m,black.aa,not.hisp.latino,28
2018GQ0000980,5,1,51040,3,20_29,m,asian,not.hisp.latino,0
2018GQ0001055,5,1,51235,3,20_29,f,asian,not.hisp.latino,7
2018GQ0001062,5,1,51206,3,30_39,f,white,not.hisp.latino,3
2018GQ0001108,5,1,55002,3,50_59,m,asian,hisp.latino,58
2018GQ0001155,5,1,51154,3,30_39,f,white,not.hisp.latino,197
2018GQ0001162,5,1,51105,3,30_39,m,white,not.hisp.latino,17
2018GQ0001253,5,1,4103,3,40_49,f,asian,not.hisp.latino,3
2018GQ0001262,5,1,51096,3,0_9,m,asian,not.hisp.latino,152
2018GQ0001271,5,1,51215,3,20_29,m,asian,not.hisp.latino,2
2018GQ0001275,5,1,51167,3,20_29,f,black.aa,not.hisp.latino,2
2018GQ0001325,5,1,51090,3,50_59,f,white,not.hisp.latino,4
2018GQ0001414,5,1,51110,3,30_39,f,two.,not.hisp.latino,6
2018GQ0001444,5,1,55002,3,60_69,f,white,not.hisp.latino,27
2018GQ0001498,5,1,51135,3,0_9,f,asian,not.hisp.latino,45
2018GQ0001548,5,1,51010,3,80_89,f,asian,not.hisp.latino,26
2018GQ0001608,5,1,51105,3,0_9,f,white,not.hisp.latino,156
2018GQ0001634,5,1,51154,3,50_59,f,white,not.hisp.latino,207
2018GQ0001756,5,1,51010,3,30_39,m,white,not.hisp.latino,151
2018GQ0001759,5,1,51010,3,20_29,m,asian,not.hisp.latino,4
2018GQ0001811,5,1,51105,3,40_49,f,white,not.hisp.latino,85
2018GQ0001813,5,1,51110,3,20_29,m,asian,not.hisp.latino,9
2018GQ0001817,5,1,51096,3,30_39,m,asian,not.hisp.latino,64
2018GQ0001846,5,1,51246,3,30_39,m,white,not.hisp.latino,303
2018GQ0001899,5,1,51089,3,30_39,m,asian,not.hisp.latino,80
2018GQ0001932,5,1,51096,3,50_59,m,white,not.hisp.latino,93
2018GQ0001934,5,1,51135,3,0_9,m,asian,not.hisp.latino,15
2018GQ0001950,5,1,51085,3,30_39,m,asian,not.hisp.latino,144
2018GQ0001999,5,1,51080,3,10_19,m,white,not.hisp.latino,12
2018GQ0002078,5,1,51040,3,20_29,f,asian,not.hisp.latino,91
2018GQ0002095,5,1,51235,3,40_49,m,asian,not.hisp.latino,141
2018GQ0002107,5,1,51215,3,0_9,f,asian,not.hisp.latino,0
2018GQ0002172,5,1,51206,3,60_69,m,white,not.hisp.latino,12
2018GQ0002184,5,1,51045,3,20_29,m,asian,not.hisp.latino,174
2018GQ0002236,5,1,51090,3,50_59,f,asian,not.hisp.latino,28
2018GQ0002371,5,1,51164,3,50_59,m,white,not.hisp.latino,7
2018GQ0002405,5,1,51110,3,30_39,f,white,not.hisp.latino,15
2018GQ0002556,5,1,51235,3,20_29,f,asian,not.hisp.latino,5
2018GQ0002617,5,1,51080,3,50_59,m,white,hisp.latino,5
2018GQ0002638,5,1,51010,3,50_59,m,black.aa,not.hisp.latino,0
2018GQ0002686,5,1,51110,3,50_59,m,asian,not.hisp.latino,2
2018GQ0002732,5,1,51135,3,30_39,m,asian,not.hisp.latino,80
2018GQ0002832,5,1,51044,3,30_39,f,asian,not.hisp.latino,2
2018GQ0002853,5,1,51040,3,30_39,m,white,not.hisp.latino,30
2018GQ0002870,5,1,51105,3,50_59,m,asian,hisp.latino,59
2018GQ0002901,5,1,4102,3,30_39,f,asian,not.hisp.latino,21
2018GQ0002953,5,1,51096,3,20_29,m,white,not.hisp.latino,19
2018GQ0002955,5,1,51090,3,50_59,m,black.aa,not.hisp.latino,8
2018GQ0002972,5,1,51105,3,20_29,f,white,not.hisp.latino,6
2018GQ0002997,5,1,1302,3,10_19,f,asian,not.hisp.latino,263
2018GQ0003099,5,1,51154,3,60_69,m,asian,not.hisp.latino,11
2018GQ0003108,5,1,51040,3,20_29,m,asian,hisp.latino,42
2018GQ0003201,5,1,51096,3,30_39,m,black.aa,not.hisp.latino,43
2018GQ0003253,5,1,51097,3,20_29,f,white,not.hisp.latino,126
2018GQ0003274,5,1,51097,3,20_29,m,asian,not.hisp.latino,69
2018GQ0003317,5,1,10701,3,50_59,m,white,hisp.latino,165
2018GQ0003338,5,1,59303,3,20_29,f,white,not.hisp.latino,65
2018GQ0003396,5,1,51040,3,0_9,f,asian,not.hisp.latino,9
2018GQ0003406,5,1,51010,3,30_39,f,white,not.hisp.latino,16
2018GQ0003537,5,1,51105,3,30_39,f,white,not.hisp.latino,26
2018GQ0003544,5,1,51175,3,50_59,m,asian,hisp.latino,37
2018GQ0003568,5,1,51085,3,60_69,m,white,not.hisp.latino,226
2018GQ0003590,5,1,4102,3,40_49,m,white,not.hisp.latino,6
2018GQ0003622,5,1,51096,3,0_9,f,asian,not.hisp.latino,36
2018GQ0003654,5,1,51097,3,20_29,m,asian,not.hisp.latino,74
2018GQ0003687,5,1,51084,3,50_59,m,asian,not.hisp.latino,21
2018GQ0003741,5,1,51090,3,40_49,m,asian,hisp.latino,2
2018GQ0003761,5,1,51080,3,40_49,m,white,not.hisp.latino,96
2018GQ0003773,5,1,51206,3,20_29,f,asian,not.hisp.latino,146
2018GQ0003840,5,1,51090,3,50_59,m,asian,not.hisp.latino,86
2018GQ0003842,5,1,51096,3,30_39,f,white,not.hisp.latino,58
2018GQ0003851,5,1,51135,3,20_29,m,asian,not.hisp.latino,53
2018GQ0003857,5,1,51175,3,30_39,m,asian,not.hisp.latino,87
2018GQ0003867,5,1,51154,3,30_39,f,white,not.hisp.latino,190
2018GQ0003897,5,1,51044,3,40_49,m,black.aa,not.hisp.latino,3
2018GQ0003915,5,1,51085,3,50_59,m,white,hisp.latino,13
2018GQ0003937,5,1,51087,3,20_29,m,asian,not.hisp.latino,2
2018GQ0003940,5,1,51165,3,20_29,f,white,not.hisp.latino,13
2018GQ0003948,5,1,51186,3,80_89,m,white,not.hisp.latino,174
2018GQ0003959,5,1,51105,3,40_49,m,black.aa,not.hisp.latino,138
2018GQ0003974,5,1,51040,3,20_29,m,asian,not.hisp.latino,26
2018GQ0004054,5,1,51105,3,20_29,m,asian,not.hisp.latino,69
2018GQ0004072,5,1,51040,3,30_39,f,asian,not.hisp.latino,89
2018GQ0004079,5,1,51167,3,40_49,f,asian,not.hisp.latino,60
2018GQ0004087,5,1,51154,3,20_29,f,white,not.hisp.latino,7
2018GQ0004134,5,1,51206,3,30_39,m,asian,hisp.latino,15
2018GQ0004274,5,1,59306,3,50_59,m,white,not.hisp.latino,2
2018GQ0004314,5,1,51080,3,30_39,f,two.,not.hisp.latino,38
2018GQ0004330,5,1,51096,3,70_79,f,asian,not.hisp.latino,27
2018GQ0004344,5,1,51105,3,20_29,m,white,not.hisp.latino,18
2018GQ0004416,5,1,51040,3,30_39,f,asian,not.hisp.latino,81
2018GQ0004567,5,1,51087,3,0_9,f,asian,not.hisp.latino,2
2018GQ0004617,5,1,51135,3,20_29,m,white,not.hisp.latino,130
2018GQ0004675,5,1,59306,3,20_29,f,asian,not.hisp.latino,2
2018GQ0004704,5,1,51045,3,20_29,m,black.aa,not.hisp.latino,61
2018GQ0004754,5,1,51105,3,20_29,f,asian,not.hisp.latino,7
2018GQ0004784,5,1,51215,3,20_29,m,asian,not.hisp.latino,17
2018GQ0004792,5,1,51215,3,30_39,m,white,not.hisp.latino,0
2018GQ0004833,5,1,4103,3,20_29,f,asian,not.hisp.latino,2
2018GQ0004839,5,1,51105,3,30_39,f,black.aa,not.hisp.latino,77
2018GQ0004848,5,1,51145,3,0_9,m,asian,not.hisp.latino,2
2018GQ0004852,5,1,51044,3,20_29,f,black.aa,not.hisp.latino,17
2018GQ0004902,5,1,51105,3,30_39,m,asian,not.hisp.latino,9
2018GQ0004909,5,1,51235,3,20_29,f,asian,not.hisp.latino,109
2018GQ0004926,5,1,55001,3,20_29,m,two.,not.hisp.latino,87
2018GQ0004935,5,1,51096,3,20_29,f,white,not.hisp.latino,103
2018GQ0004958,5,1,51010,3,40_49,m,asian,not.hisp.latino,81
2018GQ0004990,5,1,51105,3,30_39,m,asian,not.hisp.latino,6
2018GQ0004995,5,1,51110,3,20_29,m,asian,not.hisp.latino,6
2018GQ0005017,5,1,51044,3,30_39,f,white,not.hisp.latino,228
2018GQ0005041,5,1,51080,3,50_59,f,white,not.hisp.latino,5
2018GQ0005059,5,1,51105,3,30_39,f,white,not.hisp.latino,65
2018GQ0005086,5,1,1302,3,20_29,f,white,not.hisp.latino,271
2018GQ0005236,5,1,51089,3,50_59,f,asian,not.hisp.latino,78
2018GQ0005248,5,1,51120,3,20_29,m,white,not.hisp.latino,53
2018GQ0005256,5,1,51154,3,30_39,m,white,not.hisp.latino,7
2018GQ0005316,5,1,59303,3,40_49,m,asian,hisp.latino,3
2018GQ0005339,5,1,51090,3,20_29,f,white,not.hisp.latino,5
2018GQ0005404,5,1,51135,3,30_39,f,asian,not.hisp.latino,100
2018GQ0005417,5,1,51186,3,0_9,m,asian,not.hisp.latino,91
2018GQ0005433,5,1,51215,3,50_59,m,white,not.hisp.latino,2
2018GQ0005475,5,1,51080,3,20_29,m,white,not.hisp.latino,94
2018GQ0005487,5,1,51235,3,20_29,m,white,not.hisp.latino,10
2018GQ0005539,5,1,51105,3,50_59,f,two.,not.hisp.latino,151
2018GQ0005547,5,1,51020,3,20_29,f,asian,not.hisp.latino,11
2018GQ0005565,5,1,51135,3,60_69,m,black.aa,not.hisp.latino,6
2018GQ0005575,5,1,51235,3,30_39,m,white,not.hisp.latino,16
2018GQ0005585,5,1,51154,3,20_29,f,black.aa,not.hisp.latino,6
2018GQ0005598,5,1,51040,3,40_49,f,white,not.hisp.latino,88
2018GQ0005631,5,1,4103,3,20_29,m,asian,not.hisp.latino,0
2018GQ0005785,5,1,51186,3,30_39,m,white,hisp.latino,8
2018GQ0005880,5,1,51135,3,50_59,m,asian,not.hisp.latino,17
2018GQ0005882,5,1,51206,3,80_89,f,asian,not.hisp.latino,13
2018GQ0005911,5,1,51175,3,50_59,f,asian,not.hisp.latino,119
2018GQ0005927,5,1,51105,3,30_39,m,white,not.hisp.latino,27
2018GQ0005969,5,1,51154,3,30_39,m,asian,not.hisp.latino,11
2018GQ0006023,5,1,51084,3,30_39,f,asian,not.hisp.latino,15
2018GQ0006024,5,1,51115,3,50_59,m,asian,not.hisp.latino,72
2018GQ0006075,5,1,51135,3,20_29,f,white,not.hisp.latino,36
2018GQ0006086,5,1,51186,3,40_49,f,white,not.hisp.latino,0
2018GQ0006134,5,1,51090,3,30_39,m,two.,not.hisp.latino,86
2018GQ0006173,5,1,51020,3,20_29,m,asian,not.hisp.latino,204
2018GQ0006266,5,1,51154,3,80_89,m,black.aa,not.hisp.latino,153
2018GQ0006300,5,1,51115,3,0_9,f,asian,not.hisp.latino,69
2018GQ0006369,5,1,51135,3,50_59,m,white,not.hisp.latino,30
2018GQ0006391,5,1,51010,3,20_29,f,white,not.hisp.latino,163
2018GQ0006394,5,1,51245,3,40_49,m,asian,not.hisp.latino,14
2018GQ0006402,5,1,51010,3,0_9,f,white,not.hisp.latino,184
2018GQ0006417,5,1,51096,3,40_49,f,white,not.hisp.latino,5
2018GQ0006424,5,1,55002,3,40_49,m,white,not.hisp.latino,21
2018GQ0006428,5,1,1302,3,20_29,f,asian,not.hisp.latino,130
2018GQ0006469,5,1,51040,3,40_49,m,asian,not.hisp.latino,26
2018GQ0006485,5,1,51090,3,30_39,f,asian,not.hisp.latino,102
2018GQ0006504,5,1,51135,3,30_39,f,asian,not.hisp.latino,65
2018GQ0006545,5,1,51125,3,30_39,m,asian,not.hisp.latino,27
2018GQ0006589,5,1,51080,3,20_29,f,white,not.hisp.latino,18
2018GQ0006595,5,1,51115,3,0_9,m,white,hisp.latino,85
2018GQ0006620,5,1,51085,3,20_29,f,black.aa,not.hisp.latino,45
2018GQ0006634,5,1,51085,3,20_29,m,white,not.hisp.latino,12
2018GQ0006681,5,1,51115,3,30_39,m,white,not.hisp.latino,91
2018GQ0006703,5,1,51154,3,30_39,m,asian,hisp.latino,86
2018GQ0006756,5,1,4102,3,20_29,f,asian,not.hisp.latino,2
2018GQ0006757,5,1,51155,3,30_39,m,white,not.hisp.latino,9
2018GQ0006782,5,1,51010,3,30_39,m,asian,not.hisp.latino,6
2018GQ0006806,5,1,51175,3,20_29,f,asian,not.hisp.latino,5
2018GQ0006829,5,1,51090,3,30_39,m,white,not.hisp.latino,33
2018GQ0006854,5,1,59303,3,30_39,m,black.aa,not.hisp.latino,10
2018GQ0006863,5,1,51154,3,50_59,m,white,not.hisp.latino,34
2018GQ0006864,5,1,51110,3,20_29,m,two.,not.hisp.latino,55
2018GQ0006953,5,1,51135,3,10_19,m,asian,not.hisp.latino,112
2018GQ0006996,5,1,51096,3,0_9,m,white,not.hisp.latino,21
2018GQ0007164,5,1,51154,3,20_29,f,asian,not.hisp.latino,6
2018GQ0007174,5,1,51097,3,30_39,f,asian,not.hisp.latino,112
2018GQ0007259,5,1,51045,3,30_39,f,white,not.hisp.latino,80
2018GQ0007279,5,1,51087,3,20_29,m,asian,not.hisp.latino,7
2018GQ0007354,5,1,51045,3,20_29,m,white,not.hisp.latino,156
2018GQ0007417,5,1,51175,3,30_39,m,asian,not.hisp.latino,10
2018GQ0007423,5,1,51105,3,30_39,m,two.,not.hisp.latino,14
2018GQ0007424,5,1,51040,3,20_29,m,white,not.hisp.latino,4
2018GQ0007438,5,1,51135,3,10_19,f,white,not.hisp.latino,18
2018GQ0007466,5,1,51154,3,30_39,m,asian,not.hisp.latino,71
2018GQ0007471,5,1,51080,3,30_39,f,white,not.hisp.latino,98
2018GQ0007521,5,1,51155,3,30_39,m,asian,not.hisp.latino,8
2018GQ0007524,5,1,51154,3,80_89,m,white,not.hisp.latino,71
2018GQ0007604,5,1,51040,3,20_29,m,white,not.hisp.latino,76
2018GQ0007703,5,1,51110,3,50_59,m,black.aa,not.hisp.latino,152
2018GQ0007747,5,1,51020,3,20_29,f,asian,not.hisp.latino,10
2018GQ0007759,5,1,51167,3,20_29,m,asian,not.hisp.latino,4
2018GQ0007876,5,1,51115,3,20_29,f,white,not.hisp.latino,21
2018GQ0007921,5,1,51206,3,40_49,f,white,not.hisp.latino,68
2018GQ0007976,5,1,51154,3,80_89,m,black.aa,not.hisp.latino,66
2018GQ0008012,5,1,51245,3,30_39,m,white,not.hisp.latino,15
2018GQ0008023,5,1,51080,3,30_39,m,white,not.hisp.latino,80
2018GQ0008081,5,1,51135,3,20_29,m,white,not.hisp.latino,14
2018GQ0008088,5,1,51235,3,30_39,f,asian,not.hisp.latino,137
2018GQ0008147,5,1,51110,3,70_79,f,white,not.hisp.latino,37
2018GQ0008156,5,1,51135,3,80_89,f,two.,not.hisp.latino,146
2018GQ0008171,5,1,51135,3,30_39,f,asian,not.hisp.latino,76
2018GQ0008245,5,1,51154,3,30_39,f,asian,not.hisp.latino,8
2018GQ0008268,5,1,51105,3,30_39,f,white,not.hisp.latino,5
2018GQ0008277,5,1,51020,3,20_29,m,asian,not.hisp.latino,172
2018GQ0008335,5,1,51186,3,0_9,m,asian,not.hisp.latino,72
2018GQ0008342,5,1,51154,3,30_39,m,white,not.hisp.latino,1
2018GQ0008373,5,1,51110,3,40_49,f,asian,not.hisp.latino,38
2018GQ0008379,5,1,51145,3,30_39,f,white,not.hisp.latino,26
2018GQ0008392,5,1,51154,3,30_39,m,asian,hisp.latino,6
2018GQ0008488,5,1,51110,3,20_29,f,asian,not.hisp.latino,124
2018GQ0008550,5,1,55002,3,50_59,m,white,not.hisp.latino,70
2018GQ0008551,5,1,51235,3,40_49,f,asian,not.hisp.latino,2
2018GQ0008597,5,1,51010,3,40_49,m,white,not.hisp.latino,7
2018GQ0008599,5,1,55002,3,30_39,f,white,not.hisp.latino,4
2018GQ0008683,5,1,51154,3,40_49,m,asian,not.hisp.latino,4
2018GQ0008705,5,1,51125,3,40_49,f,asian,not.hisp.latino,29
2018GQ0008791,5,1,51206,3,30_39,m,asian,not.hisp.latino,93
2018GQ0008793,5,1,51125,3,30_39,m,asian,not.hisp.latino,39
2018GQ0008802,5,1,59303,3,50_59,m,asian,not.hisp.latino,3
2018GQ0008813,5,1,51235,3,50_59,m,white,not.hisp.latino,77
2018GQ0008819,5,1,51125,3,50_59,m,asian,not.hisp.latino,9
2018GQ0008947,5,1,51235,3,30_39,f,white,not.hisp.latino,21
2018GQ0009048,5,1,51167,3,20_29,m,asian,not.hisp.latino,63
2018GQ0009056,5,1,51164,3,20_29,m,white,not.hisp.latino,0
2018GQ0009070,5,1,51097,3,40_49,m,asian,not.hisp.latino,88
2018GQ0009116,5,1,51096,3,60_69,m,asian,not.hisp.latino,15
2018GQ0009137,5,1,51040,3,60_69,m,asian,not.hisp.latino,201
2018GQ0009177,5,1,51040,3,0_9,m,asian,not.hisp.latino,2
2018GQ0009206,5,1,51246,3,30_39,m,asian,not.hisp.latino,208
2018GQ0009233,5,1,51135,3,30_39,f,asian,not.hisp.latino,36
2018GQ0009261,5,1,51105,3,20_29,m,white,not.hisp.latino,17
2018GQ0009349,5,1,51120,3,40_49,f,asian,not.hisp.latino,99
2018GQ0009355,5,1,51097,3,20_29,m,white,not.hisp.latino,42
2018GQ0009356,5,1,51020,3,60_69,m,white,not.hisp.latino,99
2018GQ0009371,5,1,51105,3,10_19,m,white,not.hisp.latino,71
2018GQ0009380,5,1,51175,3,20_29,m,asian,not.hisp.latino,101
2018GQ0009412,5,1,51096,3,0_9,m,black.aa,not.hisp.latino,34
2018GQ0009467,5,1,51120,3,30_39,m,asian,not.hisp.latino,152
2018GQ0009491,5,1,51206,3,20_29,f,asian,not.hisp.latino,164
2018GQ0009496,5,1,51045,3,0_9,m,asian,hisp.latino,103
2018GQ0009538,5,1,51096,3,20_29,f,white,not.hisp.latino,34
2018GQ0009640,5,1,51155,3,40_49,f,white,not.hisp.latino,21
2018GQ0009699,5,1,59303,3,50_59,m,black.aa,not.hisp.latino,184
2018GQ0009724,5,1,51096,3,50_59,f,asian,not.hisp.latino,15
2018GQ0009870,5,1,51164,3,50_59,f,white,not.hisp.latino,114
2018GQ0009941,5,1,51206,3,30_39,f,asian,not.hisp.latino,4
2018GQ0009959,5,1,51040,3,30_39,f,asian,not.hisp.latino,4
2018GQ0010058,5,1,51245,3,20_29,f,white,not.hisp.latino,129
2018GQ0010062,5,1,51115,3,40_49,m,white,not.hisp.latino,5
2018GQ0010072,5,1,51235,3,20_29,m,asian,not.hisp.latino,76
2018GQ0010075,5,1,55002,3,30_39,m,asian,not.hisp.latino,116
2018GQ0010141,5,1,51010,3,40_49,m,white,hisp.latino,2
2018GQ0010143,5,1,51105,3,30_39,f,asian,not.hisp.latino,91
2018GQ0010145,5,1,51040,3,0_9,f,asian,not.hisp.latino,72
2018GQ0010157,5,1,51115,3,50_59,m,white,not.hisp.latino,207
2018GQ0010184,5,1,51097,3,30_39,m,white,not.hisp.latino,6
2018GQ0010240,5,1,51154,3,30_39,f,asian,not.hisp.latino,28
2018GQ0010277,5,1,51090,3,20_29,m,asian,not.hisp.latino,9
2018GQ0010345,5,1,51105,3,50_59,f,white,not.hisp.latino,38
2018GQ0010355,5,1,51040,3,40_49,m,white,not.hisp.latino,115
2018GQ0010396,5,1,51235,3,70_79,m,asian,not.hisp.latino,49
2018GQ0010405,5,1,51090,3,30_39,m,black.aa,not.hisp.latino,5
2018GQ0010437,5,1,51085,3,20_29,f,white,not.hisp.latino,73
2018GQ0010462,5,1,51110,3,20_29,m,white,not.hisp.latino,2
2018GQ0010493,5,1,51020,3,50_59,m,white,not.hisp.latino,139
2018GQ0010501,5,1,51096,3,20_29,f,white,not.hisp.latino,43
2018GQ0010574,5,1,51215,3,20_29,f,white,not.hisp.latino,23
2018GQ0010587,5,1,55002,3,30_39,m,asian,not.hisp.latino,88
2018GQ0010588,5,1,59301,3,50_59,m,white,not.hisp.latino,38
2018GQ0010629,5,1,51105,3,20_29,f,white,not.hisp.latino,19
2018GQ0010638,5,1,51206,3,20_29,m,asian,not.hisp.latino,205
2018GQ0010643,5,1,51154,3,40_49,m,black.aa,not.hisp.latino,82
2018GQ0010694,5,1,51206,3,30_39,f,asian,not.hisp.latino,83
2018GQ0010700,5,1,4103,3,40_49,m,asian,not.hisp.latino,101
2018GQ0010754,5,1,51080,3,20_29,m,white,not.hisp.latino,21
2018GQ0010801,5,1,51097,3,30_39,f,white,not.hisp.latino,105
2018GQ0010806,5,1,51155,3,30_39,f,asian,not.hisp.latino,2
2018GQ0010845,5,1,51090,3,20_29,f,black.aa,not.hisp.latino,30
2018GQ0010852,5,1,51235,3,20_29,f,white,not.hisp.latino,2
2018GQ0010860,5,1,51164,3,20_29,f,asian,not.hisp.latino,36
2018GQ0010878,5,1,51090,3,80_89,m,asian,not.hisp.latino,35
2018GQ0010921,5,1,51235,3,80_89,f,asian,not.hisp.latino,65
2018GQ0010997,5,1,51045,3,30_39,f,white,not.hisp.latino,53
2018GQ0011031,5,1,51040,3,20_29,m,asian,not.hisp.latino,34
2018GQ0011057,5,1,51090,3,20_29,m,white,not.hisp.latino,19
2018GQ0011060,5,1,51105,3,0_9,f,asian,not.hisp.latino,59
2018GQ0011100,5,1,55002,3,20_29,m,asian,not.hisp.latino,129
2018GQ0011138,5,1,4101,3,20_29,m,white,not.hisp.latino,133
2018GQ0011144,5,1,51105,3,30_39,f,asian,not.hisp.latino,91
2018GQ0011172,5,1,4103,3,20_29,f,white,not.hisp.latino,37
2018GQ0011184,5,1,51020,3,40_49,f,asian,not.hisp.latino,1
2018GQ0011189,5,1,51110,3,30_39,f,asian,not.hisp.latino,116
2018GQ0011199,5,1,51186,3,30_39,f,white,not.hisp.latino,45
2018GQ0011208,5,1,51084,3,20_29,f,asian,not.hisp.latino,4
2018GQ0011211,5,1,51115,3,20_29,f,white,not.hisp.latino,155
2018GQ0011264,5,1,51206,3,30_39,f,asian,not.hisp.latino,78
2018GQ0011305,5,1,51206,3,20_29,m,white,not.hisp.latino,64
2018GQ0011322,5,1,51155,3,30_39,f,white,not.hisp.latino,34
2018GQ0011387,5,1,51110,3,20_29,f,white,not.hisp.latino,43
2018GQ0011487,5,1,59305,3,30_39,m,white,not.hisp.latino,2
2018GQ0011574,5,1,51097,3,80_89,f,white,not.hisp.latino,13
2018GQ0011585,5,1,51096,3,0_9,m,asian,not.hisp.latino,4
2018GQ0011597,5,1,51105,3,0_9,m,two.,not.hisp.latino,63
2018GQ0011758,5,1,51154,3,30_39,m,white,not.hisp.latino,6
2018GQ0011823,5,1,1302,3,20_29,f,black.aa,not.hisp.latino,5
2018GQ0011854,5,1,51186,3,80_89,m,white,not.hisp.latino,205
2018GQ0011909,5,1,51105,3,20_29,m,asian,not.hisp.latino,95
2018GQ0011939,5,1,59303,3,20_29,m,asian,not.hisp.latino,33
2018GQ0012017,5,1,51010,3,80_89,m,white,not.hisp.latino,178
2018GQ0012039,5,1,51135,3,30_39,f,asian,not.hisp.latino,141
2018GQ0012066,5,1,51089,3,40_49,f,white,not.hisp.latino,10
2018GQ0012124,5,1,51155,3,30_39,m,asian,hisp.latino,7
2018GQ0012129,5,1,55002,3,60_69,m,white,not.hisp.latino,33
2018GQ0012218,5,1,51145,3,20_29,f,asian,not.hisp.latino,198
2018GQ0012247,5,1,51154,3,20_29,f,white,not.hisp.latino,7
2018GQ0012314,5,1,1302,3,20_29,m,white,not.hisp.latino,444
2018GQ0012375,5,1,51155,3,30_39,m,asian,not.hisp.latino,1
2018GQ0012504,5,1,51154,3,20_29,m,black.aa,not.hisp.latino,11
2018GQ0012505,5,1,51087,3,50_59,f,asian,not.hisp.latino,2
2018GQ0012523,5,1,51087,3,30_39,f,white,not.hisp.latino,9
2018GQ0012536,5,1,51080,3,0_9,m,asian,not.hisp.latino,82
2018GQ0012548,5,1,1302,3,60_69,m,asian,not.hisp.latino,5
2018GQ0012594,5,1,51110,3,30_39,f,asian,not.hisp.latino,91
2018GQ0012633,5,1,51010,3,30_39,m,white,not.hisp.latino,9
2018GQ0012674,5,1,51020,3,50_59,f,white,not.hisp.latino,25
2018GQ0012737,5,1,59308,3,20_29,m,asian,not.hisp.latino,14
2018GQ0012746,5,1,55002,3,40_49,m,two.,not.hisp.latino,13
2018GQ0012808,5,1,51224,3,40_49,m,white,not.hisp.latino,11
2018GQ0012867,5,1,51040,3,10_19,f,white,not.hisp.latino,2
2018GQ0012885,5,1,51167,3,50_59,m,black.aa,not.hisp.latino,22
2018GQ0012915,5,1,51125,3,50_59,f,black.aa,not.hisp.latino,23
2018GQ0012942,5,1,51040,3,50_59,m,asian,not.hisp.latino,102
2018GQ0012950,5,1,51010,3,30_39,m,asian,not.hisp.latino,80
2018GQ0012964,5,1,51010,3,70_79,m,white,hisp.latino,4
2018GQ0012981,5,1,51090,3,40_49,m,asian,not.hisp.latino,7
2018GQ0012987,5,1,51097,3,30_39,f,asian,not.hisp.latino,13
2018GQ0013056,5,1,51096,3,0_9,m,asian,not.hisp.latino,26
2018GQ0013071,5,1,51135,3,30_39,f,black.aa,not.hisp.latino,115
2018GQ0013089,5,1,59303,3,40_49,m,asian,not.hisp.latino,40
2018GQ0013123,5,1,1301,3,30_39,f,asian,not.hisp.latino,37
2018GQ0013221,5,1,55002,3,30_39,m,asian,not.hisp.latino,146
2018GQ0013226,5,1,51096,3,30_39,f,asian,not.hisp.latino,5
2018GQ0013248,5,1,51044,3,0_9,m,white,not.hisp.latino,64
2018GQ0013256,5,1,51097,3,50_59,f,black.aa,not.hisp.latino,119
2018GQ0013268,5,1,51105,3,20_29,f,white,not.hisp.latino,44
2018GQ0013303,5,1,51097,3,30_39,f,asian,not.hisp.latino,2
2018GQ0013341,5,1,51215,3,40_49,m,white,not.hisp.latino,26
2018GQ0013350,5,1,51044,3,40_49,m,white,not.hisp.latino,12
2018GQ0013379,5,1,51085,3,30_39,m,asian,not.hisp.latino,85
2018GQ0013381,5,1,51135,3,40_49,f,asian,not.hisp.latino,16
2018GQ0013384,5,1,51044,3,30_39,f,two.,not.hisp.latino,14
2018GQ0013411,5,1,51135,3,20_29,f,white,not.hisp.latino,33
2018GQ0013508,5,1,51040,3,50_59,m,black.aa,not.hisp.latino,4
2018GQ0013631,5,1,51010,3,30_39,f,asian,not.hisp.latino,11
2018GQ0013649,5,1,51215,3,30_39,m,asian,not.hisp.latino,120
2018GQ0013653,5,1,51255,3,20_29,m,asian,not.hisp.latino,115
2018GQ0013671,5,1,51096,3,50_59,f,white,not.hisp.latino,62
2018GQ0013684,5,1,51206,3,40_49,m,asian,not.hisp.latino,99
2018GQ0013729,5,1,51080,3,20_29,f,white,not.hisp.latino,79
2018GQ0013753,5,1,59303,3,20_29,m,white,not.hisp.latino,9
2018GQ0013774,5,1,51089,3,20_29,f,black.aa,not.hisp.latino,201
2018GQ0013814,5,1,51010,3,20_29,f,asian,not.hisp.latino,29
2018GQ0013835,5,1,55002,3,20_29,m,white,not.hisp.latino,74
2018GQ0013852,5,1,55001,3,50_59,m,white,not.hisp.latino,8
2018GQ0013911,5,1,59303,3,30_39,m,white,not.hisp.latino,67
2018GQ0013984,5,1,51080,3,30_39,f,white,not.hisp.latino,63
2018GQ0014011,5,1,51045,3,50_59,m,white,hisp.latino,108
2018GQ0014060,5,1,51164,3,40_49,f,asian,not.hisp.latino,151
2018GQ0014107,5,1,51040,3,20_29,m,asian,not.hisp.latino,165
2018GQ0014111,5,1,51080,3,40_49,f,white,not.hisp.latino,89
2018GQ0014149,5,1,51154,3,20_29,f,asian,not.hisp.latino,10
2018GQ0014205,5,1,51154,3,30_39,f,asian,not.hisp.latino,43
2018GQ0014283,5,1,51080,3,40_49,m,asian,not.hisp.latino,8
2018GQ0014345,5,1,51135,3,30_39,f,white,not.hisp.latino,63
2018GQ0014347,5,1,51186,3,20_29,m,white,not.hisp.latino,23
2018GQ0014360,5,1,51020,3,0_9,m,asian,not.hisp.latino,25
2018GQ0014364,5,1,51080,3,20_29,m,black.aa,not.hisp.latino,23
2018GQ0014403,5,1,51164,3,30_39,m,asian,not.hisp.latino,110
2018GQ0014466,5,1,51225,3,20_29,f,asian,not.hisp.latino,72
2018GQ0014484,5,1,51095,3,30_39,m,white,not.hisp.latino,81
2018GQ0014491,5,1,51135,3,50_59,f,asian,not.hisp.latino,132
2018GQ0014493,5,1,51097,3,30_39,m,white,not.hisp.latino,28
2018GQ0014546,5,1,51080,3,20_29,m,white,not.hisp.latino,9
2018GQ0014690,5,1,51045,3,20_29,f,white,not.hisp.latino,7
2018GQ0014717,5,1,51105,3,0_9,m,asian,not.hisp.latino,6
2018GQ0014795,5,1,51154,3,40_49,m,asian,hisp.latino,217
2018GQ0014813,5,1,51105,3,30_39,f,asian,not.hisp.latino,116
2018GQ0014815,5,1,51186,3,30_39,f,white,not.hisp.latino,43
2018GQ0014837,5,1,51154,3,40_49,f,black.aa,not.hisp.latino,95
2018GQ0014842,5,1,51080,3,20_29,m,asian,not.hisp.latino,62
2018GQ0014880,5,1,51096,3,20_29,m,black.aa,not.hisp.latino,136
2018GQ0014961,5,1,51085,3,20_29,m,asian,not.hisp.latino,59
2018GQ0015024,5,1,51175,3,50_59,f,white,not.hisp.latino,35
2018GQ0015070,5,1,51135,3,50_59,f,white,not.hisp.latino,66
2018GQ0015222,5,1,51105,3,40_49,m,white,not.hisp.latino,137
2018GQ0015270,5,1,51215,3,20_29,m,white,not.hisp.latino,18
2018GQ0015508,5,1,51080,3,40_49,f,white,not.hisp.latino,81
2018GQ0015558,5,1,51010,3,0_9,f,white,not.hisp.latino,62
2018GQ0015585,5,1,51206,3,20_29,m,white,not.hisp.latino,60
2018GQ0015676,5,1,59303,3,30_39,f,asian,not.hisp.latino,6
2018GQ0015736,5,1,51044,3,30_39,m,asian,not.hisp.latino,9
2018GQ0015775,5,1,51206,3,20_29,m,white,not.hisp.latino,27
2018GQ0015791,5,1,51097,3,50_59,m,white,not.hisp.latino,40
2018GQ0015804,5,1,51186,3,20_29,f,asian,not.hisp.latino,74
2018GQ0015874,5,1,59303,3,80_89,f,white,not.hisp.latino,86
2018GQ0015894,5,1,51154,3,30_39,m,white,not.hisp.latino,254
2018GQ0015902,5,1,51154,3,20_29,f,asian,not.hisp.latino,13
2018GQ0015920,5,1,51135,3,50_59,m,white,not.hisp.latino,130
2018GQ0016002,5,1,51235,3,30_39,f,asian,not.hisp.latino,61
2018GQ0016196,5,1,51186,3,20_29,m,asian,not.hisp.latino,72
2018GQ0016208,5,1,51096,3,30_39,m,asian,not.hisp.latino,172
2018GQ0016258,5,1,51206,3,20_29,f,white,not.hisp.latino,75
2018GQ0016422,5,1,51135,3,20_29,m,asian,not.hisp.latino,8
2018GQ0016489,5,1,59303,3,20_29,m,asian,not.hisp.latino,54
2018GQ0016521,5,1,51175,3,0_9,m,asian,not.hisp.latino,5
2018GQ0016565,5,1,51125,3,30_39,m,asian,not.hisp.latino,74
2018GQ0016600,5,1,55002,3,30_39,f,asian,not.hisp.latino,102
2018GQ0016697,5,1,55002,3,50_59,f,white,not.hisp.latino,101
2018GQ0016698,5,1,51044,3,30_39,f,white,not.hisp.latino,37
2018GQ0016866,5,1,51120,3,50_59,m,white,not.hisp.latino,19
2018GQ0016883,5,1,51096,3,0_9,m,white,not.hisp.latino,20
2018GQ0016895,5,1,51084,3,30_39,f,black.aa,not.hisp.latino,44
2018GQ0016942,5,1,51096,3,30_39,f,white,not.hisp.latino,6
2018GQ0016945,5,1,55002,3,30_39,f,white,not.hisp.latino,43
2018GQ0016949,5,1,51225,3,30_39,m,asian,not.hisp.latino,85
2018GQ0016994,5,1,51167,3,50_59,f,asian,not.hisp.latino,61
2018GQ0016999,5,1,59303,3,30_39,m,asian,not.hisp.latino,44
2018GQ0017051,5,1,51010,3,20_29,m,white,not.hisp.latino,9
2018GQ0017075,5,1,59303,3,40_49,m,white,not.hisp.latino,2
2018GQ0017112,5,1,51040,3,30_39,m,asian,not.hisp.latino,7
2018GQ0017142,5,1,51225,3,30_39,m,white,not.hisp.latino,19
2018GQ0017179,5,1,51206,3,0_9,m,white,not.hisp.latino,74
2018GQ0017185,5,1,51085,3,50_59,f,asian,not.hisp.latino,82
2018GQ0017275,5,1,55001,3,20_29,m,white,not.hisp.latino,6
2018GQ0017286,5,1,51105,3,20_29,m,white,not.hisp.latino,31
2018GQ0017334,5,1,51110,3,20_29,m,asian,not.hisp.latino,3
2018GQ0017360,5,1,51206,3,20_29,m,white,not.hisp.latino,4
2018GQ0017465,5,1,51087,3,20_29,f,asian,not.hisp.latino,42
2018GQ0017488,5,1,51215,3,80_89,m,black.aa,not.hisp.latino,38
2018GQ0017522,5,1,51154,3,30_39,m,asian,not.hisp.latino,11
2018GQ0017559,5,1,51089,3,60_69,f,white,not.hisp.latino,141
2018GQ0017565,5,1,51154,3,40_49,f,asian,not.hisp.latino,7
2018GQ0017582,5,1,51105,3,40_49,f,white,not.hisp.latino,6
2018GQ0017596,5,1,51090,3,40_49,m,asian,not.hisp.latino,82
2018GQ0017605,5,1,51235,3,20_29,f,white,not.hisp.latino,164
2018GQ0017606,5,1,51087,3,30_39,f,white,not.hisp.latino,11
2018GQ0017752,5,1,51090,3,20_29,f,black.aa,not.hisp.latino,72
2018GQ0017754,5,1,51020,3,30_39,m,white,not.hisp.latino,21
2018GQ0017796,5,1,51125,3,0_9,f,white,not.hisp.latino,7
2018GQ0017811,5,1,51235,3,30_39,m,white,not.hisp.latino,58
2018GQ0017817,5,1,51135,3,20_29,f,asian,not.hisp.latino,9
2018GQ0017829,5,1,51175,3,10_19,m,asian,not.hisp.latino,171
2018GQ0017854,5,1,4101,3,20_29,f,white,not.hisp.latino,2
2018GQ0017916,5,1,51080,3,0_9,f,asian,not.hisp.latino,79
2018GQ0017983,5,1,51105,3,20_29,f,white,not.hisp.latino,72
2018GQ0018031,5,1,51235,3,0_9,f,white,not.hisp.latino,129
2018GQ0018039,5,1,51020,3,10_19,f,white,not.hisp.latino,142
2018GQ0018061,5,1,51044,3,10_19,f,white,not.hisp.latino,0
2018GQ0018130,5,1,51186,3,0_9,f,white,not.hisp.latino,6
2018GQ0018158,5,1,51115,3,50_59,m,asian,not.hisp.latino,21
2018GQ0018161,5,1,51235,3,30_39,f,asian,not.hisp.latino,74
2018GQ0018328,5,1,51115,3,20_29,m,white,not.hisp.latino,2
2018GQ0018351,5,1,51154,3,20_29,m,white,not.hisp.latino,35
2018GQ0018396,5,1,51105,3,80_89,m,asian,not.hisp.latino,14
2018GQ0018437,5,1,51175,3,0_9,m,white,not.hisp.latino,63
2018GQ0018442,5,1,51115,3,30_39,m,asian,not.hisp.latino,8
2018GQ0018578,5,1,51105,3,30_39,m,white,not.hisp.latino,52
2018GQ0018652,5,1,51186,3,50_59,f,asian,not.hisp.latino,80
2018GQ0018670,5,1,51175,3,20_29,f,white,not.hisp.latino,32
2018GQ0018695,5,1,51040,3,30_39,f,asian,not.hisp.latino,83
2018GQ0018703,5,1,51215,3,20_29,f,white,not.hisp.latino,27
2018GQ0018732,5,1,51096,3,40_49,m,asian,not.hisp.latino,39
2018GQ0018777,5,1,51164,3,20_29,f,asian,not.hisp.latino,9
2018GQ0018841,5,1,51105,3,40_49,m,white,not.hisp.latino,27
2018GQ0018936,5,1,51089,3,20_29,m,asian,not.hisp.latino,8
2018GQ0018937,5,1,51040,3,10_19,m,white,not.hisp.latino,111
2018GQ0018940,5,1,51235,3,30_39,f,asian,not.hisp.latino,6
2018GQ0019005,5,1,51125,3,20_29,f,asian,not.hisp.latino,61
2018GQ0019029,5,1,51080,3,20_29,m,white,not.hisp.latino,165
2018GQ0019039,5,1,51175,3,40_49,f,asian,not.hisp.latino,105
2018GQ0019085,5,1,51040,3,30_39,m,asian,not.hisp.latino,83
2018GQ0019088,5,1,51105,3,20_29,m,two.,not.hisp.latino,60
2018GQ0019097,5,1,51154,3,30_39,f,asian,not.hisp.latino,5
2018GQ0019116,5,1,51235,3,0_9,f,asian,not.hisp.latino,76
2018GQ0019255,5,1,1301,3,50_59,m,asian,not.hisp.latino,44
2018GQ0019265,5,1,55002,3,30_39,f,asian,not.hisp.latino,72
2018GQ0019312,5,1,51167,3,20_29,f,asian,not.hisp.latino,234
2018GQ0019326,5,1,51155,3,30_39,f,white,not.hisp.latino,24
2018GQ0019354,5,1,51090,3,20_29,m,two.,not.hisp.latino,84
2018GQ0019389,5,1,51040,3,0_9,m,asian,not.hisp.latino,99
2018GQ0019619,5,1,51155,3,50_59,m,asian,not.hisp.latino,188
2018GQ0019658,5,1,4101,3,30_39,m,white,not.hisp.latino,1
2018GQ0019713,5,1,51010,3,20_29,m,asian,not.hisp.latino,13
2018GQ0019817,5,1,51125,3,50_59,m,white,not.hisp.latino,8
2018GQ0019881,5,1,51206,3,50_59,m,white,not.hisp.latino,2
2018GQ0019910,5,1,4102,3,30_39,f,black.aa,not.hisp.latino,46
2018GQ0020073,5,1,51206,3,20_29,m,asian,not.hisp.latino,15
2018GQ0020126,5,1,51110,3,20_29,m,white,not.hisp.latino,5
2018GQ0020197,5,1,59303,3,30_39,m,asian,hisp.latino,72
2018GQ0020455,5,1,51155,3,80_89,m,asian,not.hisp.latino,3
2018GQ0020467,5,1,51087,3,50_59,m,asian,not.hisp.latino,17
2018GQ0020488,5,1,51255,3,40_49,f,asian,not.hisp.latino,77
2018GQ0020493,5,1,51096,3,20_29,f,asian,not.hisp.latino,93
2018GQ0020502,5,1,51090,3,20_29,f,white,not.hisp.latino,96
2018GQ0020504,5,1,51040,3,20_29,f,asian,not.hisp.latino,5
2018GQ0020523,5,1,59303,3,30_39,f,black.aa,not.hisp.latino,41
2018GQ0020529,5,1,51206,3,30_39,f,asian,not.hisp.latino,9
2018GQ0020533,5,1,51020,3,50_59,m,asian,not.hisp.latino,46
2018GQ0020544,5,1,51164,3,50_59,f,asian,not.hisp.latino,215
2018GQ0020570,5,1,51215,3,50_59,m,asian,not.hisp.latino,55
2018GQ0020610,5,1,51164,3,30_39,m,asian,not.hisp.latino,174
2018GQ0020641,5,1,51105,3,30_39,f,white,not.hisp.latino,34
2018GQ0020659,5,1,51020,3,20_29,f,asian,not.hisp.latino,24
2018GQ0020716,5,1,51010,3,30_39,f,white,not.hisp.latino,83
2018GQ0020735,5,1,51206,3,30_39,m,black.aa,not.hisp.latino,34
2018GQ0020740,5,1,51115,3,40_49,f,asian,not.hisp.latino,88
2018GQ0020747,5,1,51097,3,30_39,f,white,not.hisp.latino,188
2018GQ0020766,5,1,51087,3,30_39,m,white,not.hisp.latino,47
2018GQ0020792,5,1,51135,3,0_9,m,two.,not.hisp.latino,41
2018GQ0020823,5,1,51040,3,20_29,f,white,not.hisp.latino,58
2018GQ0020842,5,1,51040,3,30_39,m,asian,not.hisp.latino,31
2018GQ0020920,5,1,51245,3,20_29,m,asian,not.hisp.latino,81
2018GQ0020930,5,1,59303,3,30_39,f,asian,not.hisp.latino,13
2018GQ0020937,5,1,51235,3,20_29,m,asian,not.hisp.latino,5
2018GQ0020952,5,1,51167,3,20_29,m,asian,not.hisp.latino,249
2018GQ0020957,5,1,51044,3,20_29,m,white,not.hisp.latino,131
2018GQ0020972,5,1,51010,3,20_29,m,asian,not.hisp.latino,7
2018GQ0021007,5,1,51096,3,40_49,m,asian,not.hisp.latino,2
2018GQ0021035,5,1,51090,3,30_39,f,white,not.hisp.latino,7
2018GQ0021054,5,1,51080,3,30_39,f,asian,not.hisp.latino,46
2018GQ0021059,5,1,51040,3,40_49,f,white,not.hisp.latino,89
2018GQ0021083,5,1,51105,3,30_39,m,white,not.hisp.latino,5
2018GQ0021088,5,1,51020,3,30_39,m,white,not.hisp.latino,133
2018GQ0021105,5,1,51154,3,50_59,m,asian,not.hisp.latino,88
2018GQ0021185,5,1,51186,3,30_39,m,asian,not.hisp.latino,6
2018GQ0021200,5,1,51155,3,80_89,m,white,not.hisp.latino,2
2018GQ0021277,5,1,51110,3,30_39,f,white,not.hisp.latino,85
2018GQ0021279,5,1,51044,3,40_49,f,white,not.hisp.latino,11
2018GQ0021285,5,1,51164,3,30_39,f,asian,not.hisp.latino,71
2018GQ0021318,5,1,51090,3,30_39,m,asian,not.hisp.latino,11
2018GQ0021394,5,1,51255,3,30_39,f,white,not.hisp.latino,129
2018GQ0021404,5,1,4102,3,40_49,f,asian,not.hisp.latino,34
2018GQ0021416,5,1,59303,3,40_49,f,asian,not.hisp.latino,1
2018GQ0021424,5,1,51040,3,30_39,f,asian,not.hisp.latino,41
2018GQ0021455,5,1,51135,3,0_9,m,asian,not.hisp.latino,25
2018GQ0021524,5,1,51115,3,30_39,m,asian,not.hisp.latino,0
2018GQ0021543,5,1,51215,3,50_59,m,asian,not.hisp.latino,155
2018GQ0021560,5,1,51224,3,20_29,m,white,not.hisp.latino,75
2018GQ0021573,5,1,59303,3,30_39,f,white,not.hisp.latino,133
2018GQ0021602,5,1,51154,3,60_69,m,asian,not.hisp.latino,104
2018GQ0021638,5,1,51154,3,30_39,m,asian,not.hisp.latino,24
2018GQ0021666,5,1,51154,3,80_89,m,white,not.hisp.latino,150
2018GQ0021715,5,1,51235,3,20_29,m,asian,not.hisp.latino,119
2018GQ0021723,5,1,51115,3,0_9,f,asian,not.hisp.latino,3
2018GQ0021730,5,1,51040,3,30_39,f,asian,not.hisp.latino,51
2018GQ0021731,5,1,51120,3,30_39,m,asian,not.hisp.latino,18
2018GQ0021743,5,1,59305,3,20_29,f,black.aa,not.hisp.latino,111
2018GQ0021761,5,1,51235,3,30_39,m,white,not.hisp.latino,12
2018GQ0021925,5,1,51105,3,30_39,m,white,not.hisp.latino,79
2018GQ0021932,5,1,51164,3,30_39,m,black.aa,not.hisp.latino,0
2018GQ0021940,5,1,51215,3,20_29,m,asian,not.hisp.latino,71
2018GQ0021972,5,1,51125,3,30_39,f,white,not.hisp.latino,20
2018GQ0022001,5,1,51135,3,40_49,f,white,not.hisp.latino,108
2018GQ0022010,5,1,51224,3,0_9,f,asian,not.hisp.latino,13
2018GQ0022023,5,1,51087,3,40_49,m,black.aa,not.hisp.latino,76
2018GQ0022024,5,1,51090,3,50_59,m,asian,not.hisp.latino,4
2018GQ0022067,5,1,1301,3,30_39,f,asian,not.hisp.latino,85
2018GQ0022079,5,1,51215,3,20_29,m,white,not.hisp.latino,22
2018GQ0022102,5,1,51084,3,70_79,m,asian,not.hisp.latino,34
2018GQ0022112,5,1,51125,3,0_9,f,white,not.hisp.latino,128
2018GQ0022177,5,1,51096,3,20_29,m,white,not.hisp.latino,80
2018GQ0022191,5,1,51040,3,20_29,f,black.aa,not.hisp.latino,46
2018GQ0022218,5,1,51080,3,0_9,m,asian,not.hisp.latino,64
2018GQ0022227,5,1,51245,3,30_39,f,white,not.hisp.latino,27
2018GQ0022266,5,1,51089,3,30_39,m,asian,not.hisp.latino,37
2018GQ0022320,5,1,51175,3,0_9,m,white,not.hisp.latino,347
2018GQ0022358,5,1,51175,3,80_89,m,asian,not.hisp.latino,2
2018GQ0022494,5,1,1301,3,30_39,f,asian,not.hisp.latino,2
2018GQ0022510,5,1,59305,3,30_39,m,asian,not.hisp.latino,2
2018GQ0022604,5,1,51110,3,20_29,m,black.aa,not.hisp.latino,39
2018GQ0022622,5,1,51040,3,40_49,f,asian,not.hisp.latino,31
2018GQ0022632,5,1,51040,3,50_59,f,white,not.hisp.latino,6
2018GQ0022641,5,1,51089,3,20_29,f,asian,not.hisp.latino,10
2018GQ0022660,5,1,51206,3,20_29,m,white,not.hisp.latino,19
2018GQ0022666,5,1,51087,3,20_29,m,asian,not.hisp.latino,75
2018GQ0022687,5,1,51096,3,40_49,m,asian,not.hisp.latino,167
2018GQ0022756,5,1,51105,3,40_49,m,two.,not.hisp.latino,4
2018GQ0022810,5,1,51010,3,40_49,m,white,not.hisp.latino,93
2018GQ0022840,5,1,51040,3,30_39,m,asian,not.hisp.latino,10
2018GQ0022860,5,1,51245,3,30_39,f,white,not.hisp.latino,69
2018GQ0022871,5,1,51045,3,0_9,m,asian,not.hisp.latino,23
2018GQ0022892,5,1,1302,3,30_39,m,white,not.hisp.latino,23
2018GQ0022903,5,1,51010,3,30_39,m,black.aa,not.hisp.latino,87
2018GQ0022928,5,1,51235,3,0_9,m,white,not.hisp.latino,57
2018GQ0022994,5,1,51206,3,40_49,m,asian,not.hisp.latino,65
2018GQ0023067,5,1,51097,3,30_39,f,asian,not.hisp.latino,41
2018GQ0023076,5,1,51010,3,0_9,f,white,not.hisp.latino,19
2018GQ0023118,5,1,51105,3,40_49,f,two.,not.hisp.latino,80
2018GQ0023125,5,1,51096,3,20_29,m,asian,not.hisp.latino,84
2018GQ0023134,5,1,51040,3,20_29,m,white,not.hisp.latino,6
2018GQ0023175,5,1,51040,3,30_39,f,white,not.hisp.latino,151
2018GQ0023189,5,1,59303,3,20_29,m,asian,not.hisp.latino,57
2018GQ0023283,5,1,55002,3,30_39,f,asian,not.hisp.latino,20
2018GQ0023322,5,1,51044,3,30_39,m,asian,not.hisp.latino,95
2018GQ0023352,5,1,51097,3,20_29,m,white,not.hisp.latino,67
2018GQ0023353,5,1,51235,3,50_59,f,asian,not.hisp.latino,77
2018GQ0023362,5,1,51235,3,30_39,m,black.aa,not.hisp.latino,157
2018GQ0023408,5,1,51010,3,30_39,f,black.aa,not.hisp.latino,228
2018GQ0023427,5,1,51154,3,30_39,m,white,not.hisp.latino,47
2018GQ0023482,5,1,51120,3,30_39,f,asian,not.hisp.latino,524
2018GQ0023485,5,1,10703,3,50_59,f,white,not.hisp.latino,67
2018GQ0023606,5,1,51155,3,30_39,m,white,not.hisp.latino,4
2018GQ0023681,5,1,10703,3,50_59,m,asian,not.hisp.latino,6
2018GQ0023691,5,1,51165,3,20_29,m,asian,not.hisp.latino,19
2018GQ0023712,5,1,51154,3,0_9,f,white,not.hisp.latino,5
2018GQ0023739,5,1,51096,3,20_29,f,white,not.hisp.latino,82
2018GQ0023787,5,1,51164,3,20_29,m,asian,not.hisp.latino,2
2018GQ0023819,5,1,51154,3,30_39,m,asian,hisp.latino,9
2018GQ0023829,5,1,51096,3,30_39,m,white,not.hisp.latino,24
2018GQ0023835,5,1,51215,3,50_59,m,white,not.hisp.latino,15
2018GQ0023853,5,1,51096,3,30_39,f,white,not.hisp.latino,78
2018GQ0023940,5,1,51084,3,50_59,m,white,not.hisp.latino,60
2018GQ0023972,5,1,51105,3,30_39,m,black.aa,hisp.latino,54
2018GQ0023987,5,1,59303,3,20_29,f,white,not.hisp.latino,3
2018GQ0024002,5,1,51084,3,30_39,m,asian,hisp.latino,9
2018GQ0024133,5,1,51110,3,50_59,m,asian,not.hisp.latino,47
2018GQ0024174,5,1,51084,3,10_19,m,white,not.hisp.latino,35
2018GQ0024196,5,1,51090,3,20_29,m,asian,not.hisp.latino,7
2018GQ0024230,5,1,4101,3,30_39,m,asian,not.hisp.latino,2
2018GQ0024266,5,1,4102,3,40_49,m,asian,not.hisp.latino,19
2018GQ0024336,5,1,51135,3,20_29,f,asian,not.hisp.latino,16
2018GQ0024347,5,1,51040,3,30_39,m,asian,not.hisp.latino,5
2018GQ0024394,5,1,51154,3,20_29,m,asian,not.hisp.latino,2
2018GQ0024458,5,1,51110,3,30_39,m,white,not.hisp.latino,66
2018GQ0024536,5,1,51165,3,30_39,m,white,not.hisp.latino,37
2018GQ0024555,5,1,51154,3,50_59,f,asian,not.hisp.latino,79
2018GQ0024586,5,1,51224,3,50_59,f,white,not.hisp.latino,211
2018GQ0024694,5,1,51020,3,20_29,f,white,not.hisp.latino,9
2018GQ0024706,5,1,51175,3,30_39,m,asian,not.hisp.latino,187
2018GQ0024741,5,1,51154,3,30_39,f,asian,not.hisp.latino,215
2018GQ0024761,5,1,51096,3,20_29,f,two.,not.hisp.latino,63
2018GQ0024768,5,1,51154,3,30_39,f,asian,not.hisp.latino,5
2018GQ0024788,5,1,51235,3,30_39,f,asian,not.hisp.latino,4
2018GQ0024856,5,1,51105,3,20_29,m,white,not.hisp.latino,50
2018GQ0024866,5,1,51090,3,20_29,f,asian,not.hisp.latino,4
2018GQ0024876,5,1,51154,3,50_59,f,white,not.hisp.latino,81
2018GQ0024958,5,1,51080,3,40_49,m,asian,not.hisp.latino,7
2018GQ0024974,5,1,51097,3,40_49,m,asian,not.hisp.latino,125
2018GQ0025009,5,1,51215,3,20_29,m,black.aa,not.hisp.latino,14
2018GQ0025044,5,1,51105,3,60_69,f,asian,not.hisp.latino,96
2018GQ0025046,5,1,51087,3,20_29,m,asian,not.hisp.latino,117
2018GQ0025062,5,1,51135,3,30_39,m,asian,not.hisp.latino,66
2018GQ0025072,5,1,59302,3,20_29,f,asian,not.hisp.latino,79
2018GQ0025089,5,1,51045,3,20_29,f,asian,not.hisp.latino,12
2018GQ0025126,5,1,51110,3,40_49,m,asian,not.hisp.latino,2
2018GQ0025129,5,1,51135,3,20_29,m,asian,not.hisp.latino,88
2018GQ0025225,5,1,51044,3,40_49,f,white,not.hisp.latino,94
2018GQ0025302,5,1,51020,3,80_89,m,white,not.hisp.latino,25
2018GQ0025320,5,1,51164,3,30_39,m,asian,not.hisp.latino,192
2018GQ0025331,5,1,51097,3,30_39,m,asian,not.hisp.latino,6
2018GQ0025374,5,1,51206,3,20_29,m,asian,hisp.latino,2
2018GQ0025405,5,1,55002,3,20_29,m,asian,not.hisp.latino,127
2018GQ0025475,5,1,1301,3,50_59,f,asian,not.hisp.latino,49
2018GQ0025478,5,1,51135,3,30_39,m,asian,not.hisp.latino,54
2018GQ0025489,5,1,51135,3,30_39,f,black.aa,not.hisp.latino,108
2018GQ0025494,5,1,51040,3,0_9,m,asian,not.hisp.latino,81
2018GQ0025581,5,1,51164,3,20_29,f,black.aa,not.hisp.latino,2
2018GQ0025587,5,1,4103,3,30_39,f,asian,not.hisp.latino,58
2018GQ0025598,5,1,51235,3,40_49,f,asian,not.hisp.latino,113
2018GQ0025614,5,1,51010,3,10_19,m,asian,not.hisp.latino,4
2018GQ0025616,5,1,51224,3,0_9,m,asian,not.hisp.latino,62
2018GQ0025625,5,1,51235,3,30_39,m,white,not.hisp.latino,17
2018GQ0025662,5,1,51010,3,20_29,f,asian,not.hisp.latino,2
2018GQ0025679,5,1,51096,3,10_19,f,asian,not.hisp.latino,19
2018GQ0025692,5,1,51020,3,30_39,f,asian,not.hisp.latino,5
2018GQ0025731,5,1,51164,3,20_29,f,asian,not.hisp.latino,12
2018GQ0025823,5,1,51105,3,10_19,m,asian,not.hisp.latino,164
2018GQ0025902,5,1,51154,3,20_29,m,white,not.hisp.latino,42
2018GQ0026054,5,1,51154,3,30_39,f,asian,not.hisp.latino,220
2018GQ0026104,5,1,51235,3,30_39,m,white,not.hisp.latino,109
2018GQ0026168,5,1,59303,3,80_89,f,white,not.hisp.latino,218
2018GQ0026176,5,1,51110,3,0_9,f,white,not.hisp.latino,138
2018GQ0026178,5,1,51225,3,20_29,f,asian,not.hisp.latino,2
2018GQ0026221,5,1,59303,3,30_39,f,asian,not.hisp.latino,6
2018GQ0026222,5,1,51135,3,0_9,m,white,not.hisp.latino,17
2018GQ0026245,5,1,59305,3,60_69,f,white,not.hisp.latino,13
2018GQ0026262,5,1,51235,3,30_39,f,white,not.hisp.latino,170
2018GQ0026278,5,1,51096,3,30_39,m,white,not.hisp.latino,39
2018GQ0026345,5,1,51096,3,20_29,f,white,not.hisp.latino,84
2018GQ0026353,5,1,51206,3,30_39,m,white,not.hisp.latino,13
2018GQ0026386,5,1,51096,3,30_39,f,asian,not.hisp.latino,4
2018GQ0026399,5,1,51145,3,20_29,m,asian,not.hisp.latino,114
2018GQ0026459,5,1,51135,3,20_29,m,white,not.hisp.latino,116
2018GQ0026469,5,1,51175,3,20_29,m,black.aa,not.hisp.latino,3
2018GQ0026489,5,1,51090,3,20_29,f,asian,not.hisp.latino,60
2018GQ0026492,5,1,51110,3,40_49,f,asian,not.hisp.latino,4
2018GQ0026498,5,1,51186,3,80_89,f,white,not.hisp.latino,7
2018GQ0026504,5,1,51010,3,20_29,m,asian,not.hisp.latino,112
2018GQ0026512,5,1,51085,3,10_19,f,asian,not.hisp.latino,13
2018GQ0026527,5,1,51105,3,30_39,m,asian,not.hisp.latino,15
2018GQ0026566,5,1,1302,3,50_59,f,white,not.hisp.latino,35
2018GQ0026610,5,1,51105,3,40_49,m,asian,hisp.latino,5
2018GQ0026679,5,1,51135,3,20_29,m,white,not.hisp.latino,99
2018GQ0026720,5,1,51080,3,20_29,m,white,not.hisp.latino,97
2018GQ0026733,5,1,59303,3,40_49,m,asian,not.hisp.latino,7
2018GQ0026738,5,1,51215,3,20_29,f,white,not.hisp.latino,19
2018GQ0026777,5,1,55002,3,10_19,f,asian,not.hisp.latino,70
2018GQ0026810,5,1,51097,3,20_29,f,white,not.hisp.latino,12
2018GQ0026850,5,1,51235,3,20_29,m,white,not.hisp.latino,1
2018GQ0026875,5,1,51045,3,10_19,m,asian,not.hisp.latino,139
2018GQ0026951,5,1,51045,3,20_29,m,asian,not.hisp.latino,25
2018GQ0026956,5,1,51044,3,30_39,m,asian,not.hisp.latino,105
2018GQ0026958,5,1,51154,3,20_29,f,asian,not.hisp.latino,34
2018GQ0026969,5,1,51096,3,20_29,f,asian,not.hisp.latino,66
2018GQ0026972,5,1,51080,3,40_49,f,white,not.hisp.latino,24
2018GQ0026981,5,1,51105,3,20_29,f,white,not.hisp.latino,4
2018GQ0026992,5,1,51110,3,30_39,m,asian,not.hisp.latino,4
2018GQ0027021,5,1,51040,3,20_29,f,white,not.hisp.latino,75
2018GQ0027025,5,1,51105,3,30_39,f,asian,not.hisp.latino,73
2018GQ0027097,5,1,51087,3,0_9,f,asian,not.hisp.latino,7
2018GQ0027236,5,1,51040,3,30_39,m,asian,not.hisp.latino,21
2018GQ0027247,5,1,51215,3,50_59,f,asian,not.hisp.latino,79
2018GQ0027341,5,1,51040,3,30_39,m,black.aa,not.hisp.latino,79
2018GQ0027344,5,1,51235,3,80_89,m,asian,not.hisp.latino,18
2018GQ0027414,5,1,59303,3,50_59,f,asian,not.hisp.latino,39
2018GQ0027427,5,1,51175,3,20_29,m,white,not.hisp.latino,407
2018GQ0027513,5,1,51255,3,40_49,f,asian,not.hisp.latino,16
2018GQ0027560,5,1,51010,3,20_29,f,asian,not.hisp.latino,18
2018GQ0027578,5,1,51085,3,20_29,m,asian,not.hisp.latino,12
2018GQ0027635,5,1,51225,3,40_49,m,asian,hisp.latino,142
2018GQ0027637,5,1,51167,3,30_39,m,white,not.hisp.latino,227
2018GQ0027645,5,1,51110,3,30_39,m,white,not.hisp.latino,35
2018GQ0027695,5,1,55002,3,40_49,f,asian,not.hisp.latino,98
2018GQ0027730,5,1,51097,3,30_39,f,asian,not.hisp.latino,16
2018GQ0027791,5,1,51096,3,20_29,f,white,not.hisp.latino,20
2018GQ0027828,5,1,51175,3,50_59,m,white,not.hisp.latino,7
2018GQ0027848,5,1,55002,3,40_49,m,white,not.hisp.latino,111
2018GQ0027862,5,1,51080,3,30_39,f,white,not.hisp.latino,94
2018GQ0027933,5,1,51096,3,30_39,m,white,not.hisp.latino,209
2018GQ0028041,5,1,51235,3,30_39,m,white,not.hisp.latino,144
2018GQ0028063,5,1,51040,3,0_9,m,white,not.hisp.latino,119
2018GQ0028215,5,1,4102,3,0_9,m,white,not.hisp.latino,56
2018GQ0028238,5,1,51175,3,80_89,m,black.aa,not.hisp.latino,187
2018GQ0028271,5,1,51186,3,30_39,f,two.,not.hisp.latino,7
2018GQ0028273,5,1,51167,3,30_39,m,white,not.hisp.latino,151
2018GQ0028333,5,1,51090,3,30_39,f,white,not.hisp.latino,2
2018GQ0028383,5,1,51135,3,20_29,f,asian,not.hisp.latino,101
2018GQ0028396,5,1,51090,3,20_29,f,white,not.hisp.latino,6
2018GQ0028436,5,1,51154,3,50_59,m,white,not.hisp.latino,8
2018GQ0028476,5,1,51135,3,20_29,m,asian,hisp.latino,43
2018GQ0028491,5,1,51010,3,30_39,f,black.aa,not.hisp.latino,29
2018GQ0028520,5,1,51096,3,20_29,f,white,not.hisp.latino,2
2018GQ0028847,5,1,51105,3,30_39,f,asian,not.hisp.latino,147
2018GQ0028903,5,1,51154,3,20_29,f,asian,not.hisp.latino,256
2018GQ0028915,5,1,51215,3,30_39,f,asian,not.hisp.latino,46
2018GQ0028920,5,1,51040,3,20_29,f,black.aa,not.hisp.latino,94
2018GQ0028951,5,1,51010,3,30_39,m,white,not.hisp.latino,96
2018GQ0029006,5,1,51089,3,80_89,m,white,not.hisp.latino,65
2018GQ0029007,5,1,51175,3,30_39,f,white,not.hisp.latino,106
2018GQ0029177,5,1,51164,3,40_49,m,asian,not.hisp.latino,207
2018GQ0029186,5,1,51110,3,40_49,m,black.aa,not.hisp.latino,87
2018GQ0029316,5,1,51125,3,20_29,f,asian,not.hisp.latino,90
2018GQ0029418,5,1,51135,3,30_39,m,two.,not.hisp.latino,33
2018GQ0029429,5,1,51145,3,30_39,m,asian,not.hisp.latino,37
2018GQ0029467,5,1,51154,3,10_19,f,white,not.hisp.latino,81
2018GQ0029503,5,1,55002,3,10_19,f,asian,not.hisp.latino,83
2018GQ0029511,5,1,51090,3,30_39,m,white,not.hisp.latino,71
2018GQ0029560,5,1,51040,3,70_79,f,black.aa,not.hisp.latino,38
2018GQ0029699,5,1,51040,3,20_29,m,black.aa,not.hisp.latino,7
2018GQ0029779,5,1,51215,3,30_39,f,asian,not.hisp.latino,21
2018GQ0029780,5,1,51235,3,20_29,m,white,not.hisp.latino,2
2018GQ0029886,5,1,51010,3,30_39,f,asian,not.hisp.latino,150
2018GQ0029887,5,1,51010,3,30_39,m,asian,not.hisp.latino,2
2018GQ0030033,5,1,59303,3,0_9,f,asian,not.hisp.latino,40
2018GQ0030049,5,1,51235,3,40_49,m,asian,not.hisp.latino,4
2018GQ0030081,5,1,4103,3,30_39,f,white,not.hisp.latino,10
2018GQ0030085,5,1,51040,3,20_29,m,white,not.hisp.latino,167
2018GQ0030093,5,1,51097,3,0_9,m,asian,not.hisp.latino,18
2018GQ0030235,5,1,51155,3,30_39,f,black.aa,not.hisp.latino,34
2018GQ0030272,5,1,51097,3,50_59,f,white,not.hisp.latino,0
2018GQ0030354,5,1,51255,3,20_29,f,asian,not.hisp.latino,38
2018GQ0030364,5,1,51110,3,30_39,m,white,not.hisp.latino,3
2018GQ0030399,5,1,51215,3,30_39,f,asian,not.hisp.latino,39
2018GQ0030446,5,1,51105,3,20_29,m,black.aa,not.hisp.latino,7
2018GQ0030451,5,1,51125,3,30_39,m,asian,not.hisp.latino,158
2018GQ0030454,5,1,51155,3,20_29,f,asian,not.hisp.latino,31
2018GQ0030462,5,1,51080,3,20_29,m,white,not.hisp.latino,183
2018GQ0030494,5,1,51097,3,80_89,m,asian,not.hisp.latino,53
2018GQ0030578,5,1,51110,3,0_9,m,asian,not.hisp.latino,89
2018GQ0030597,5,1,51040,3,30_39,f,asian,not.hisp.latino,22
2018GQ0030600,5,1,51235,3,50_59,f,white,not.hisp.latino,43
2018GQ0030634,5,1,51175,3,10_19,f,white,not.hisp.latino,8
2018GQ0030653,5,1,51235,3,20_29,m,black.aa,not.hisp.latino,65
2018GQ0030664,5,1,51090,3,50_59,m,white,not.hisp.latino,2
2018GQ0030742,5,1,51154,3,50_59,f,asian,not.hisp.latino,200
2018GQ0030763,5,1,51089,3,30_39,f,white,not.hisp.latino,32
2018GQ0030809,5,1,1301,3,30_39,f,black.aa,not.hisp.latino,40
2018GQ0030820,5,1,51154,3,40_49,f,white,not.hisp.latino,47
2018GQ0030867,5,1,51040,3,60_69,m,white,not.hisp.latino,4
2018GQ0030868,5,1,51080,3,30_39,m,black.aa,not.hisp.latino,4
2018GQ0030876,5,1,51164,3,20_29,m,white,not.hisp.latino,142
2018GQ0030899,5,1,59309,3,20_29,f,asian,not.hisp.latino,143
2018GQ0030911,5,1,51090,3,20_29,m,asian,not.hisp.latino,29
2018GQ0030946,5,1,51044,3,30_39,f,asian,not.hisp.latino,48
2018GQ0031027,5,1,51044,3,50_59,f,white,not.hisp.latino,90
2018GQ0031129,5,1,51215,3,0_9,m,white,not.hisp.latino,135
2018GQ0031161,5,1,51090,3,20_29,f,asian,not.hisp.latino,319
2018GQ0031215,5,1,51097,3,40_49,f,white,not.hisp.latino,11
2018GQ0031272,5,1,51215,3,20_29,f,asian,not.hisp.latino,5
2018GQ0031274,5,1,51215,3,30_39,m,white,not.hisp.latino,211
2018GQ0031284,5,1,51110,3,40_49,m,asian,not.hisp.latino,107
2018GQ0031324,5,1,51154,3,50_59,f,asian,not.hisp.latino,27
2018GQ0031407,5,1,51096,3,50_59,f,asian,not.hisp.latino,30
2018GQ0031410,5,1,51040,3,50_59,m,asian,not.hisp.latino,2
2018GQ0031426,5,1,4103,3,20_29,m,asian,hisp.latino,44
2018GQ0031480,5,1,1301,3,40_49,f,white,not.hisp.latino,34
2018GQ0031570,5,1,51010,3,20_29,m,asian,not.hisp.latino,29
2018GQ0031591,5,1,51089,3,40_49,m,white,not.hisp.latino,84
2018GQ0031622,5,1,51154,3,10_19,m,asian,not.hisp.latino,2
2018GQ0031634,5,1,51154,3,40_49,f,white,not.hisp.latino,182
2018GQ0031636,5,1,51040,3,0_9,m,white,not.hisp.latino,7
2018GQ0031641,5,1,55002,3,30_39,f,asian,not.hisp.latino,34
2018GQ0031645,5,1,55002,3,20_29,m,white,not.hisp.latino,86
2018GQ0031661,5,1,51175,3,30_39,m,white,not.hisp.latino,5
2018GQ0031700,5,1,51224,3,30_39,f,asian,not.hisp.latino,4
2018GQ0031701,5,1,51080,3,40_49,f,white,not.hisp.latino,98
2018GQ0031781,5,1,51045,3,40_49,m,asian,not.hisp.latino,38
2018GQ0031790,5,1,51084,3,30_39,m,asian,not.hisp.latino,16
2018GQ0031794,5,1,51235,3,20_29,f,asian,not.hisp.latino,0
2018GQ0031813,5,1,59306,3,40_49,m,asian,not.hisp.latino,3
2018GQ0031839,5,1,51215,3,60_69,m,white,not.hisp.latino,10
2018GQ0031887,5,1,51080,3,30_39,m,black.aa,not.hisp.latino,24
2018GQ0031918,5,1,59301,3,30_39,m,asian,not.hisp.latino,6
2018GQ0031978,5,1,51186,3,20_29,m,asian,not.hisp.latino,38
2018GQ0032030,5,1,10701,3,30_39,f,asian,not.hisp.latino,4
2018GQ0032122,5,1,55002,3,30_39,m,asian,not.hisp.latino,1
2018GQ0032128,5,1,51154,3,50_59,m,asian,not.hisp.latino,85
2018GQ0032135,5,1,51154,3,0_9,m,asian,not.hisp.latino,15
