PPSORT,CMA,AGE,SEX,RACE,KOL,WORKLANG,MARST,DWEL,MOBL
15936,933,a60_64,m,eo_bio_English,official_lang,work.official_lang,married,other.attached,other.movers
11850,933,a0_4,f,ao,official_lang,work.no.official_lang,no.married,other.attached,non.movers
826218,933,a50_54,f,eo_weo_German,official_lang,work.official_lang,married,single.detached.house,non.movers
34262,933,a75_79,m,onao_Canadian,official_lang,work.no.official_lang,widowed,single.detached.house,non.movers
902960,933,a40_44,m,eo_bio_English,official_lang,work.official_lang,married,other.attached,non.movers
631707,933,a75_79,f,eo_bio_Scottish,official_lang,work.no.official_lang,married,other.attached,non.movers
627502,933,a50_54,m,eo_bio_English,official_lang,work.official_lang,married,other.attached,non.movers
203684,933,a15_19,f,ao_esao_Chinese,official_lang,work.official_lang,no.married,apartment,non.movers
450979,933,a40_44,m,eo_eeo_Polish,official_lang,work.official_lang,married,other.attached,non.movers
367994,933,a40_44,m,eo_bio_English,official_lang,work.official_lang,married,other.attached,nonmigrants.movers
171901,933,a40_44,m,onao,official_lang,work.official_lang,married,other.attached,non.movers
223487,933,a30_34,f,ao_oesao,official_lang,work.official_lang,married,other.attached,non.movers
279176,933,a50_54,f,onao_Canadian,official_lang,work.official_lang,no.married,apartment,nonmigrants.movers
434295,933,a60_64,m,ao_esao_Chinese,official_lang,work.official_lang,no.married,other.attached,non.movers
662456,933,a10_14,f,ao_esao_Chinese,official_lang,work.no.official_lang,no.married,apartment,non.movers
223626,933,a50_54,m,eo_oweo,official_lang,work.official_lang,married,single.detached.house,non.movers
895936,933,a35_39,m,onao_Canadian,official_lang,work.official_lang,married,other.attached,non.movers
643084,933,a40_44,f,onao_Canadian,official_lang,work.official_lang,no.married,other.attached,non.movers
669902,933,a35_39,f,eo_seo_Italian,official_lang,work.official_lang,no.married,apartment,nonmigrants.movers
138221,933,a45_49,m,ao_wcameo,official_lang,work.official_lang,married,other.attached,non.movers
415114,933,a50_54,m,eo_bio_Irish,official_lang,work.official_lang,married,apartment,non.movers
74067,933,a65_69,f,eo_bio_English,official_lang,work.no.official_lang,widowed,single.detached.house,non.movers
229329,933,a55_59,m,eo_weo_German,official_lang,work.official_lang,divorced,apartment,non.movers
155043,933,a80_84,f,eo_weo_German,official_lang,work.no.official_lang,widowed,other.attached,non.movers
165849,933,a55_59,m,eo_bio_Scottish,official_lang,work.official_lang,married,other.attached,nonmigrants.movers
341554,933,a65_69,f,eo_bio_English,official_lang,work.official_lang,divorced,apartment,non.movers
800407,933,a70_74,m,eo_bio_Irish,official_lang,work.no.official_lang,married,single.detached.house,non.movers
457493,933,a20_24,f,ao_esao_Chinese,official_lang,work.official_lang,no.married,other.attached,non.movers
412316,933,a45_49,f,ao_wcameo,official_lang,work.official_lang,married,other.attached,non.movers
551325,933,a40_44,f,ao_esao_Chinese,official_lang,work.official_lang,married,other.attached,non.movers
651265,933,a75_79,f,eo_seo_Italian,official_lang,work.no.official_lang,married,single.detached.house,non.movers
780795,933,a15_19,m,ao_esao_Chinese,official_lang,work.no.official_lang,no.married,other.attached,nonmigrants.movers
155126,933,a5_9,f,onao_Canadian,official_lang,work.no.official_lang,no.married,other.attached,non.movers
242257,933,a10_14,f,ao_esao_Chinese,official_lang,work.no.official_lang,no.married,single.detached.house,non.movers
59286,933,a50_54,m,naao,official_lang,work.official_lang,living.common.law,apartment,non.movers
723265,933,a15_19,m,lcsao,official_lang,work.official_lang,no.married,single.detached.house,non.movers
850477,933,a35_39,f,onao_Canadian,official_lang,work.official_lang,divorced,single.detached.house,other.movers
29355,933,a35_39,m,eo_bio_English,official_lang,work.official_lang,married,single.detached.house,nonmigrants.movers
790631,933,a15_19,f,ao_wcameo,official_lang,work.no.official_lang,no.married,other.attached,non.movers
888202,933,a45_49,m,eo_bio_English,official_lang,work.official_lang,no.married,apartment,non.movers
25342,933,a50_54,f,eo_seo_Spanish,official_lang,work.official_lang,married,single.detached.house,non.movers
24831,933,a60_64,f,eo_weo_German,official_lang,work.official_lang,married,apartment,non.movers
116771,933,a60_64,m,eo_bio_Scottish,official_lang,work.official_lang,married,single.detached.house,non.movers
313428,933,a50_54,m,onao_Canadian,official_lang,work.official_lang,married,other.attached,non.movers
430573,933,a55_59,m,eo_fo,official_lang,work.official_lang,married,single.detached.house,non.movers
908390,933,a45_49,m,eo_seo_Italian,official_lang,work.official_lang,married,apartment,non.movers
814199,933,a80_84,f,eo_seo_Italian,official_lang,work.no.official_lang,widowed,other.attached,non.movers
107815,933,a5_9,m,onao_Canadian,official_lang,work.no.official_lang,no.married,apartment,non.movers
460785,933,a0_4,m,ao_esao_Chinese,official_lang,work.no.official_lang,no.married,single.detached.house,non.movers
796543,933,a30_34,f,lcsao,official_lang,work.official_lang,living.common.law,apartment,external.movers
568568,933,a30_34,m,eo_fo,official_lang,work.official_lang,married,apartment,non.movers
447517,933,a70_74,f,eo_weo_Dutch,official_lang,work.no.official_lang,married,other.attached,non.movers
378646,933,a40_44,m,eo_bio_English,official_lang,work.official_lang,married,other.attached,non.movers
271137,933,a60_64,m,ao_esao_Filipino,official_lang,work.official_lang,widowed,other.attached,non.movers
203538,933,a50_54,m,eo_bio_Scottish,official_lang,work.official_lang,married,other.attached,non.movers
286245,933,a60_64,m,eo_weo_German,official_lang,work.no.official_lang,married,apartment,nonmigrants.movers
9355,933,a75_79,m,eo_obio,official_lang,work.no.official_lang,married,other.attached,non.movers
610068,933,a25_29,f,ao_sao_ei,official_lang,work.official_lang,divorced,apartment,nonmigrants.movers
501637,933,a30_34,f,ao_esao_Chinese,official_lang,work.official_lang,married,other.attached,nonmigrants.movers
856252,933,a75_79,m,eo_bio_English,official_lang,work.no.official_lang,living.common.law,single.detached.house,non.movers
600921,933,a50_54,f,ao_oesao,official_lang,work.no.official_lang,married,other.attached,non.movers
469083,933,a70_74,f,eo_bio_English,official_lang,work.no.official_lang,divorced,other.attached,non.movers
489083,933,a25_29,f,ao_esao_Chinese,official_lang,work.official_lang,no.married,other.attached,non.movers
436028,933,a70_74,f,eo_obio,official_lang,work.official_lang,married,other.attached,non.movers
207747,933,a30_34,f,eo_bio_Scottish,official_lang,work.official_lang,living.common.law,apartment,non.movers
15998,933,a55_59,f,ao_esao_Filipino,official_lang,work.official_lang,married,apartment,non.movers
122865,933,a0_4,m,onao_Canadian,official_lang,work.no.official_lang,no.married,apartment,non.movers
804538,933,a20_24,m,ao_oesao,official_lang,work.official_lang,no.married,apartment,nonmigrants.movers
18873,933,a65_69,f,ao_wcameo,official_lang,work.no.official_lang,married,apartment,non.movers
78688,933,a70_74,m,ao_esao_Chinese,official_lang,work.no.official_lang,married,single.detached.house,non.movers
928387,933,a55_59,f,ao_oesao,official_lang,work.no.official_lang,divorced,apartment,non.movers
878495,933,a45_49,f,eo_weo_German,official_lang,work.official_lang,married,single.detached.house,non.movers
781925,933,a30_34,f,onao_Canadian,official_lang,work.official_lang,married,single.detached.house,non.movers
519100,933,a35_39,m,eo_neo,official_lang,work.official_lang,no.married,apartment,non.movers
369649,933,a10_14,m,ao_esao_Chinese,official_lang,work.no.official_lang,no.married,other.attached,non.movers
231486,933,a60_64,m,eo_bio_English,official_lang,work.official_lang,married,single.detached.house,non.movers
144792,933,a15_19,f,ao_sao_ei,official_lang,work.official_lang,no.married,apartment,non.movers
137398,933,a50_54,f,eo_neo,official_lang,work.official_lang,married,other.attached,non.movers
820579,933,a60_64,m,eo_bio_English,official_lang,work.no.official_lang,no.married,apartment,nonmigrants.movers
914472,933,a65_69,f,ao_oesao,official_lang,work.official_lang,separated,apartment,non.movers
442647,933,a50_54,f,ao_sao_ei,official_lang,work.official_lang,married,other.attached,non.movers
314766,933,a15_19,m,onao_Canadian,official_lang,work.official_lang,no.married,single.detached.house,non.movers
162013,933,a65_69,m,eo_fo,official_lang,work.official_lang,married,apartment,non.movers
858433,933,a55_59,f,ao_esao_Chinese,official_lang,work.no.official_lang,married,apartment,non.movers
227644,933,a45_49,f,eo_bio_English,official_lang,work.official_lang,living.common.law,single.detached.house,nonmigrants.movers
915264,933,a10_14,m,eo_bio_English,official_lang,work.no.official_lang,no.married,other.attached,non.movers
783283,933,a50_54,f,ao_esao_Filipino,official_lang,work.official_lang,married,apartment,non.movers
410475,933,a70_74,m,eo_fo,official_lang,work.official_lang,married,single.detached.house,non.movers
522191,933,a10_14,f,ao_sao_ei,official_lang,work.no.official_lang,no.married,apartment,non.movers
434649,933,a55_59,m,onao_Canadian,official_lang,work.official_lang,divorced,single.detached.house,non.movers
768804,933,a65_69,f,onao_Canadian,official_lang,work.official_lang,married,single.detached.house,nonmigrants.movers
136596,933,a40_44,f,eo_weo_German,official_lang,work.official_lang,married,apartment,non.movers
322830,933,a25_29,m,onao_Canadian,official_lang,work.official_lang,living.common.law,single.detached.house,non.movers
657310,933,a35_39,m,ao_esao_Chinese,official_lang,work.official_lang,married,other.attached,external.movers
707058,933,a15_19,m,ao_esao_Chinese,official_lang,work.official_lang,no.married,apartment,non.movers
380874,933,a40_44,m,eo_eeo_Ukrainian,official_lang,work.official_lang,married,single.detached.house,non.movers
315063,933,a0_4,f,ao_sao_ei,official_lang,work.no.official_lang,no.married,apartment,non.movers
863717,933,a50_54,f,onao_Canadian,official_lang,work.official_lang,living.common.law,other.attached,non.movers
206153,933,a45_49,f,ao_sao_ei,official_lang,work.official_lang,divorced,other.attached,non.movers
94900,933,a45_49,f,eo_oeeo,official_lang,work.official_lang,married,other.attached,non.movers
819235,933,a55_59,m,ao_osao,official_lang,work.official_lang,married,apartment,non.movers
100299,933,a60_64,f,eo_bio_English,official_lang,work.official_lang,no.married,other.attached,non.movers
773784,933,a50_54,f,ao_oesao,official_lang,work.official_lang,married,other.attached,non.movers
262365,933,a15_19,f,eo_eeo_Russian,official_lang,work.official_lang,no.married,apartment,non.movers
764588,933,a30_34,f,ao_esao_Chinese,official_lang,work.official_lang,divorced,apartment,nonmigrants.movers
66411,933,a70_74,m,eo_neo,official_lang,work.official_lang,married,single.detached.house,non.movers
644573,933,a30_34,m,ao,official_lang,work.official_lang,married,other.attached,other.movers
38679,933,a65_69,f,eo_seo_Italian,official_lang,work.official_lang,married,single.detached.house,non.movers
71467,933,a30_34,f,eo_bio_Irish,official_lang,work.official_lang,living.common.law,apartment,non.movers
408413,933,a5_9,m,ao_sao_ei,official_lang,work.no.official_lang,no.married,single.detached.house,non.movers
212604,933,a5_9,f,onao_Canadian,official_lang,work.no.official_lang,no.married,single.detached.house,non.movers
866375,933,a65_69,f,eo_neo,official_lang,work.no.official_lang,widowed,single.detached.house,non.movers
432437,933,a40_44,m,eo_obio,official_lang,work.official_lang,living.common.law,apartment,nonmigrants.movers
775363,933,a55_59,f,ao_esao_Chinese,official_lang,work.official_lang,no.married,apartment,non.movers
827205,933,a20_24,f,ao_esao_Chinese,official_lang,work.no.official_lang,no.married,other.attached,external.movers
249388,933,a55_59,m,onao_Canadian,official_lang,work.official_lang,married,single.detached.house,non.movers
505335,933,a25_29,f,ao_osao,official_lang,work.official_lang,living.common.law,apartment,non.movers
7138,933,a10_14,m,ao,official_lang,work.no.official_lang,no.married,other.attached,non.movers
187118,933,a50_54,m,eo_bio_Irish,official_lang,work.official_lang,married,apartment,non.movers
509140,933,a35_39,m,eo_eeo_Polish,official_lang,work.official_lang,married,other.attached,non.movers
192505,933,a0_4,f,eo_neo,official_lang,work.no.official_lang,no.married,other.attached,non.movers
521644,933,a20_24,f,ao_wcameo,official_lang,work.official_lang,no.married,apartment,nonmigrants.movers
804027,933,a0_4,m,ao_sao_ei,official_lang,work.no.official_lang,no.married,other.attached,non.movers
80087,933,a35_39,f,onao_Canadian,official_lang,work.official_lang,living.common.law,apartment,non.movers
569896,933,a70_74,f,ao_esao_Chinese,official_lang,work.no.official_lang,married,other.attached,non.movers
335454,933,a70_74,m,eo_eeo_Ukrainian,official_lang,work.official_lang,married,apartment,non.movers
249488,933,a10_14,m,onao_Canadian,official_lang,work.no.official_lang,no.married,other.attached,non.movers
647134,933,a55_59,m,onao_Canadian,official_lang,work.official_lang,married,other.attached,non.movers
382125,933,a40_44,f,ao_esao_Filipino,official_lang,work.official_lang,married,other.attached,non.movers
535582,933,a30_34,m,eo_oweo,official_lang,work.official_lang,no.married,apartment,non.movers
420718,933,a75_79,m,eo_weo_German,official_lang,work.no.official_lang,widowed,single.detached.house,non.movers
477456,933,a30_34,m,ao_sao_ei,official_lang,work.official_lang,married,apartment,external.movers
910527,933,a40_44,m,onao_Canadian,official_lang,work.official_lang,married,single.detached.house,non.movers
101291,933,a75_79,m,eo_weo_German,official_lang,work.no.official_lang,married,apartment,non.movers
27726,933,a45_49,m,ao_sao_ei,official_lang,work.official_lang,married,other.attached,nonmigrants.movers
296985,933,a50_54,m,onao_Canadian,official_lang,work.official_lang,married,other.attached,non.movers
146798,933,a15_19,f,ao_esao_Chinese,official_lang,work.no.official_lang,no.married,apartment,external.movers
627171,933,a55_59,m,eo_bio_English,official_lang,work.official_lang,married,apartment,non.movers
588616,933,a35_39,f,eo_bio_English,official_lang,work.official_lang,divorced,single.detached.house,non.movers
866569,933,a5_9,m,onao_Canadian,official_lang,work.no.official_lang,no.married,single.detached.house,non.movers
663467,933,a15_19,f,eo_eeo_Hungarian,official_lang,work.official_lang,no.married,other.attached,non.movers
521971,933,a55_59,f,eo_weo_German,official_lang,work.official_lang,married,other.attached,non.movers
512900,933,a0_4,m,naao,official_lang,work.no.official_lang,no.married,single.detached.house,non.movers
51027,933,a60_64,f,eo_weo_Dutch,official_lang,work.official_lang,married,other.attached,non.movers
126638,933,a55_59,f,eo_eeo_Polish,official_lang,work.official_lang,divorced,other.attached,non.movers
310986,933,a65_69,f,eo_bio_Scottish,official_lang,work.no.official_lang,married,single.detached.house,non.movers
577084,933,a15_19,f,ao_wcameo,official_lang,work.no.official_lang,no.married,other.attached,non.movers
670148,933,a40_44,f,lcsao,official_lang,work.official_lang,no.married,other.attached,non.movers
592755,933,a35_39,m,eo_bio_Irish,official_lang,work.official_lang,married,apartment,non.movers
47190,933,a60_64,m,ao_esao_Chinese,official_lang,work.official_lang,married,other.attached,non.movers
516825,933,a35_39,m,lcsao,official_lang,work.official_lang,separated,apartment,external.movers
592880,933,a45_49,f,eo_fo,official_lang,work.official_lang,married,single.detached.house,other.movers
519465,933,a0_4,f,ao_oesao,official_lang,work.no.official_lang,no.married,other.attached,nonmigrants.movers
539148,933,a15_19,f,lcsao,official_lang,work.official_lang,no.married,single.detached.house,non.movers
547377,933,a65_69,m,eo_weo_Dutch,official_lang,work.official_lang,married,other.attached,non.movers
297595,933,a55_59,m,onao_Canadian,official_lang,work.official_lang,divorced,apartment,non.movers
483274,933,a75_79,f,eo_bio_English,official_lang,work.no.official_lang,married,single.detached.house,non.movers
512533,933,a15_19,m,eo_eeo_Hungarian,official_lang,work.official_lang,no.married,other.attached,non.movers
195260,933,a25_29,m,eo_eeo_Hungarian,official_lang,work.official_lang,no.married,other.attached,non.movers
63747,933,a70_74,m,eo_weo_German,official_lang,work.no.official_lang,divorced,apartment,non.movers
425547,933,a60_64,m,onao_Canadian,official_lang,work.official_lang,married,single.detached.house,non.movers
869218,933,a50_54,f,naao,official_lang,work.official_lang,married,single.detached.house,non.movers
287641,933,a60_64,m,eo_weo_Dutch,official_lang,work.no.official_lang,no.married,other.attached,non.movers
29124,933,a0_4,m,ao_esao_Chinese,official_lang,work.no.official_lang,no.married,other.attached,non.movers
516180,933,a55_59,f,eo_bio_Scottish,official_lang,work.official_lang,married,apartment,non.movers
467836,933,a85_,m,eo_bio_English,official_lang,work.no.official_lang,married,other.attached,non.movers
849441,933,a5_9,f,ao,official_lang,work.no.official_lang,no.married,single.detached.house,nonmigrants.movers
186970,933,a20_24,f,lcsao,official_lang,work.official_lang,no.married,single.detached.house,nonmigrants.movers
592013,933,a35_39,m,eo_bio_English,official_lang,work.official_lang,living.common.law,apartment,nonmigrants.movers
781695,933,a55_59,f,lcsao,official_lang,work.official_lang,married,other.attached,non.movers
843507,933,a15_19,m,ao_esao_Chinese,official_lang,work.no.official_lang,no.married,other.attached,external.movers
513604,933,a70_74,f,eo_bio_Scottish,official_lang,work.official_lang,married,single.detached.house,non.movers
782595,933,a15_19,m,lcsao,official_lang,work.official_lang,no.married,apartment,nonmigrants.movers
585201,933,a75_79,f,onao_Canadian,official_lang,work.no.official_lang,married,other.attached,non.movers
777105,933,a85_,m,eo_bio_Scottish,official_lang,work.no.official_lang,married,other.attached,non.movers
650093,933,a65_69,f,eo_eeo_Russian,official_lang,work.official_lang,widowed,apartment,nonmigrants.movers
459630,933,a0_4,m,eo_oseo,official_lang,work.no.official_lang,no.married,other.attached,non.movers
704682,933,a35_39,m,eo_neo,official_lang,work.official_lang,no.married,apartment,nonmigrants.movers
790064,933,a30_34,m,eo_fo,official_lang,work.official_lang,living.common.law,apartment,nonmigrants.movers
210885,933,a60_64,f,eo_eeo_Ukrainian,official_lang,work.official_lang,married,single.detached.house,non.movers
557435,933,a25_29,f,onao_Canadian,official_lang,work.official_lang,living.common.law,apartment,non.movers
930365,933,a5_9,f,ao_sao_ei,official_lang,work.no.official_lang,no.married,single.detached.house,nonmigrants.movers
426934,933,a60_64,f,eo_weo_Dutch,official_lang,work.official_lang,married,single.detached.house,non.movers
725347,933,a0_4,m,ao_oesao,official_lang,work.no.official_lang,no.married,single.detached.house,non.movers
68650,933,a10_14,m,onao_Canadian,official_lang,work.no.official_lang,no.married,other.attached,non.movers
158426,933,a55_59,f,eo_obio,official_lang,work.official_lang,married,single.detached.house,non.movers
327935,933,a0_4,m,onao_Canadian,official_lang,work.no.official_lang,no.married,single.detached.house,non.movers
386459,933,a10_14,f,ao_sao_ei,official_lang,work.no.official_lang,no.married,apartment,nonmigrants.movers
817729,933,a25_29,m,eo_bio_English,official_lang,work.official_lang,no.married,other.attached,nonmigrants.movers
724585,933,a20_24,f,ao_esao_Filipino,official_lang,work.official_lang,living.common.law,apartment,non.movers
684952,933,a25_29,m,eo_bio_English,official_lang,work.official_lang,married,other.attached,other.movers
296266,933,a65_69,f,onao_Canadian,official_lang,work.no.official_lang,no.married,apartment,non.movers
744876,933,a20_24,m,ao_esao_Chinese,official_lang,work.official_lang,no.married,apartment,non.movers
593903,933,a55_59,f,eo_oeo,official_lang,work.official_lang,married,single.detached.house,non.movers
917885,933,a30_34,f,ao_esao_Chinese,official_lang,work.official_lang,living.common.law,other.attached,nonmigrants.movers
162119,933,a5_9,m,onao_Canadian,official_lang,work.no.official_lang,no.married,other.attached,non.movers
309989,933,a55_59,m,eo_oeo,official_lang,work.official_lang,married,single.detached.house,non.movers
98816,933,a20_24,f,ao_oesao,official_lang,work.official_lang,no.married,other.attached,non.movers
781609,933,a30_34,m,eo_bio_Scottish,official_lang,work.official_lang,married,other.attached,non.movers
90555,933,a35_39,f,ao,official_lang,work.official_lang,married,other.attached,non.movers
750845,933,a35_39,f,eo_bio_English,official_lang,work.official_lang,married,other.attached,non.movers
434295,933,a60_64,m,ao_esao_Chinese,official_lang,work.official_lang,no.married,other.attached,non.movers
298639,933,a20_24,m,ao_osao,official_lang,work.no.official_lang,no.married,apartment,non.movers
203669,933,a60_64,f,eo_bio_English,official_lang,work.official_lang,no.married,apartment,non.movers
368178,933,a60_64,m,eo_obio,official_lang,work.official_lang,divorced,single.detached.house,non.movers
605498,933,a55_59,f,ao_esao_Chinese,official_lang,work.official_lang,married,other.attached,non.movers
859365,933,a35_39,m,eo_bio_Irish,official_lang,work.official_lang,living.common.law,apartment,nonmigrants.movers
816736,933,a65_69,f,ao_sao_ei,official_lang,work.official_lang,married,other.attached,non.movers
894591,933,a80_84,m,eo_weo_German,official_lang,work.no.official_lang,married,single.detached.house,non.movers
241930,933,a10_14,m,eo_bio_Scottish,official_lang,work.no.official_lang,no.married,apartment,non.movers
783026,933,a35_39,f,onao_Canadian,official_lang,work.official_lang,married,other.attached,non.movers
723156,933,a60_64,m,eo_bio_Irish,official_lang,work.official_lang,married,single.detached.house,nonmigrants.movers
872400,933,a35_39,f,ao_oesao,official_lang,work.official_lang,married,other.attached,non.movers
201941,933,a55_59,m,onao_Canadian,official_lang,work.no.official_lang,married,other.attached,non.movers
767390,933,a35_39,f,ao_esao_Chinese,official_lang,work.official_lang,married,other.attached,non.movers
33483,933,a55_59,m,eo_weo_German,official_lang,work.official_lang,no.married,apartment,non.movers
186824,933,a50_54,m,eo_bio_English,official_lang,work.official_lang,living.common.law,apartment,non.movers
416321,933,a25_29,f,eo_bio_Irish,official_lang,work.official_lang,no.married,other.attached,non.movers
186588,933,a40_44,m,eo_seo_Italian,official_lang,work.official_lang,living.common.law,single.detached.house,non.movers
503646,933,a20_24,m,ao_oesao,official_lang,work.official_lang,no.married,other.attached,non.movers
371865,933,a55_59,f,ao_oesao,official_lang,work.no.official_lang,divorced,other.attached,non.movers
929318,933,a60_64,f,ao_oesao,official_lang,work.no.official_lang,living.common.law,other.attached,non.movers
537132,933,a80_84,f,eo_obio,official_lang,work.no.official_lang,widowed,other.attached,non.movers
863717,933,a50_54,f,onao_Canadian,official_lang,work.official_lang,living.common.law,other.attached,non.movers
780359,933,a15_19,m,ao_sao_ei,official_lang,work.official_lang,no.married,single.detached.house,non.movers
182061,933,a30_34,f,onao_Canadian,official_lang,work.official_lang,living.common.law,other.attached,non.movers
518193,933,a40_44,f,onao_Canadian,official_lang,work.official_lang,living.common.law,single.detached.house,nonmigrants.movers
842101,933,a50_54,m,eo_bio_English,official_lang,work.official_lang,married,other.attached,non.movers
248225,933,a60_64,f,ao_sao_ei,no.official_lang,work.official_lang,married,apartment,non.movers
1300,933,a20_24,m,ao_osao,official_lang,work.official_lang,no.married,apartment,non.movers
107135,933,a5_9,f,onao_Canadian,official_lang,work.no.official_lang,no.married,other.attached,non.movers
63293,933,a40_44,m,ao_esao_Chinese,official_lang,work.official_lang,married,single.detached.house,non.movers
928108,933,a50_54,m,eo_fo,official_lang,work.official_lang,married,other.attached,non.movers
904126,933,a55_59,f,eo_oeo,official_lang,work.official_lang,no.married,other.attached,non.movers
478494,933,a50_54,f,ao_esao_Chinese,official_lang,work.official_lang,married,single.detached.house,non.movers
478121,933,a10_14,m,eo_bio_English,official_lang,work.no.official_lang,no.married,single.detached.house,nonmigrants.movers
374900,933,a25_29,f,ao_esao_Chinese,official_lang,work.official_lang,no.married,other.attached,non.movers
344138,933,a25_29,f,onao_Canadian,official_lang,work.official_lang,married,other.attached,other.movers
457129,933,a45_49,m,ao,official_lang,work.official_lang,divorced,apartment,non.movers
177790,933,a60_64,f,eo_fo,official_lang,work.official_lang,divorced,apartment,non.movers
196853,933,a15_19,f,ao_sao_ei,official_lang,work.official_lang,no.married,apartment,non.movers
683921,933,a20_24,f,ao_osao,official_lang,work.official_lang,no.married,apartment,non.movers
513855,933,a45_49,f,eo_bio_English,official_lang,work.official_lang,married,single.detached.house,non.movers
419005,933,a85_,m,eo_bio_Irish,official_lang,work.no.official_lang,married,other.attached,non.movers
656905,933,a15_19,f,ao_esao_Chinese,official_lang,work.official_lang,no.married,other.attached,non.movers
794829,933,a20_24,m,lcsao,official_lang,work.no.official_lang,living.common.law,apartment,non.movers
388783,933,a10_14,f,ao_esao_Chinese,official_lang,work.no.official_lang,no.married,single.detached.house,nonmigrants.movers
376805,933,a25_29,m,eo_bio_Irish,official_lang,work.official_lang,no.married,apartment,external.movers
450510,933,a45_49,f,ao_esao_Chinese,official_lang,work.official_lang,married,other.attached,non.movers
91190,933,a20_24,m,eo_bio_English,official_lang,work.official_lang,no.married,other.attached,non.movers
913107,933,a65_69,m,ao_esao_Chinese,official_lang,work.official_lang,married,apartment,non.movers
754534,933,a10_14,f,naao,official_lang,work.no.official_lang,no.married,apartment,non.movers
138953,933,a45_49,f,eo_weo_German,official_lang,work.official_lang,married,single.detached.house,non.movers
86942,933,a15_19,m,onao_Canadian,official_lang,work.official_lang,no.married,apartment,nonmigrants.movers
723156,933,a60_64,m,eo_bio_Irish,official_lang,work.official_lang,married,single.detached.house,nonmigrants.movers
13655,933,a20_24,f,ao_esao_Chinese,official_lang,work.official_lang,no.married,apartment,nonmigrants.movers
854133,933,a20_24,f,naao,official_lang,work.official_lang,no.married,other.attached,non.movers
101623,933,a35_39,f,eo_weo_German,official_lang,work.official_lang,married,other.attached,non.movers
322653,933,a25_29,f,ao_esao_Filipino,official_lang,work.official_lang,married,other.attached,non.movers
468681,933,a20_24,f,ao,official_lang,work.official_lang,married,apartment,nonmigrants.movers
317936,933,a85_,m,eo_eeo_Polish,official_lang,work.no.official_lang,divorced,apartment,nonmigrants.movers
482921,933,a40_44,m,ao_sao_ei,official_lang,work.official_lang,no.married,other.attached,non.movers
782133,933,a65_69,m,eo_bio_Irish,official_lang,work.official_lang,married,apartment,non.movers
360123,933,a50_54,m,eo_bio_English,official_lang,work.official_lang,no.married,apartment,non.movers
536053,933,a60_64,m,ao_esao_Chinese,official_lang,work.official_lang,divorced,apartment,non.movers
158068,933,a20_24,f,ao_esao_Chinese,official_lang,work.official_lang,living.common.law,other.attached,non.movers
785232,933,a50_54,f,eo_weo_Dutch,official_lang,work.official_lang,married,other.attached,non.movers
706282,933,a55_59,f,eo_bio_English,official_lang,work.official_lang,separated,other.attached,non.movers
441984,933,a60_64,m,onao_Canadian,official_lang,work.official_lang,married,single.detached.house,non.movers
820445,933,a20_24,m,ao_sao_ei,official_lang,work.official_lang,no.married,apartment,nonmigrants.movers
108417,933,a30_34,f,eo_weo_German,official_lang,work.official_lang,divorced,apartment,non.movers
760765,933,a55_59,m,onao_Canadian,official_lang,work.official_lang,divorced,apartment,non.movers
907332,933,a70_74,f,eo_neo,official_lang,work.no.official_lang,divorced,apartment,non.movers
840203,933,a40_44,m,eo_bio_Scottish,official_lang,work.official_lang,married,other.attached,non.movers
273980,933,a45_49,m,eo_obio,official_lang,work.official_lang,married,other.attached,non.movers
742315,933,a20_24,f,ao_esao_Chinese,official_lang,work.official_lang,living.common.law,apartment,nonmigrants.movers
777158,933,a65_69,f,ao_sao_ei,official_lang,work.official_lang,married,apartment,non.movers
729409,933,a10_14,f,ao_sao_ei,official_lang,work.no.official_lang,no.married,other.attached,non.movers
518530,933,a55_59,m,eo_bio_English,official_lang,work.official_lang,married,single.detached.house,non.movers
677125,933,a35_39,m,onao_Canadian,official_lang,work.official_lang,no.married,apartment,nonmigrants.movers
846703,933,a70_74,f,eo_bio_English,official_lang,work.no.official_lang,widowed,other.attached,non.movers
213562,933,a65_69,f,ao_sao_ei,official_lang,work.no.official_lang,married,single.detached.house,non.movers
773837,933,a60_64,f,onao_Canadian,official_lang,work.official_lang,married,apartment,non.movers
914939,933,a65_69,m,eo_eeo_Polish,official_lang,work.official_lang,married,other.attached,non.movers
252201,933,a40_44,f,eo_bio_English,official_lang,work.official_lang,married,other.attached,non.movers
709357,933,a70_74,m,ao_esao_Chinese,official_lang,work.official_lang,no.married,other.attached,non.movers
102551,933,a35_39,m,eo_seo_Italian,official_lang,work.official_lang,no.married,other.attached,non.movers
175156,933,a40_44,m,ao_esao_Chinese,official_lang,work.official_lang,married,other.attached,external.movers
6170,933,a25_29,f,ao_esao_Chinese,official_lang,work.official_lang,married,apartment,non.movers
667242,933,a20_24,f,onao_Canadian,official_lang,work.official_lang,no.married,single.detached.house,non.movers
431775,933,a50_54,m,eo_bio_Scottish,official_lang,work.official_lang,living.common.law,single.detached.house,non.movers
765024,933,a55_59,f,eo_eeo_Ukrainian,official_lang,work.official_lang,married,single.detached.house,non.movers
677540,933,a45_49,f,naao,official_lang,work.official_lang,married,other.attached,non.movers
196628,933,a35_39,m,eo_seo_Spanish,official_lang,work.official_lang,living.common.law,single.detached.house,non.movers
102181,933,a40_44,f,lcsao,official_lang,work.official_lang,separated,other.attached,non.movers
334420,933,a65_69,m,eo_seo_Italian,official_lang,work.official_lang,married,apartment,non.movers
4221,933,a65_69,m,eo_seo_Italian,official_lang,work.no.official_lang,married,apartment,non.movers
167952,933,a30_34,m,eo_bio_Irish,official_lang,work.official_lang,married,apartment,non.movers
409453,933,a75_79,m,eo_weo_German,official_lang,work.no.official_lang,married,other.attached,non.movers
818070,933,a50_54,f,onao_Canadian,official_lang,work.official_lang,married,single.detached.house,non.movers
78139,933,a65_69,m,eo_eeo_Polish,official_lang,work.no.official_lang,living.common.law,other.attached,non.movers
175308,933,a55_59,f,eo_bio_English,official_lang,work.official_lang,married,other.attached,non.movers
615728,933,a40_44,m,eo_bio_English,official_lang,work.official_lang,no.married,apartment,non.movers
390940,933,a45_49,f,onao_Canadian,official_lang,work.official_lang,divorced,other.attached,non.movers
875343,933,a0_4,f,ao_sao_ei,official_lang,work.no.official_lang,no.married,other.attached,nonmigrants.movers
294136,933,a10_14,f,ao_oesao,official_lang,work.no.official_lang,no.married,apartment,external.movers
713390,933,a5_9,f,onao_Canadian,official_lang,work.no.official_lang,no.married,apartment,non.movers
641919,933,a60_64,m,eo_bio_Scottish,official_lang,work.official_lang,married,apartment,other.movers
216923,933,a10_14,m,onao_Canadian,official_lang,work.no.official_lang,no.married,apartment,non.movers
474681,933,a55_59,f,eo_weo_German,official_lang,work.no.official_lang,married,other.attached,non.movers
104314,933,a55_59,m,onao_Canadian,official_lang,work.official_lang,married,single.detached.house,non.movers
210218,933,a65_69,m,eo_bio_Irish,official_lang,work.official_lang,no.married,apartment,non.movers
301607,933,a50_54,m,eo_bio_English,official_lang,work.no.official_lang,no.married,apartment,non.movers
637769,933,a70_74,m,eo_neo,official_lang,work.no.official_lang,divorced,other.attached,non.movers
775925,933,a70_74,f,onao_Canadian,official_lang,work.official_lang,married,apartment,non.movers
49429,933,a50_54,m,eo_obio,official_lang,work.official_lang,married,other.attached,non.movers
9321,933,a65_69,f,eo_bio_English,official_lang,work.official_lang,widowed,single.detached.house,nonmigrants.movers
376198,933,a20_24,m,ao_esao_Filipino,official_lang,work.official_lang,no.married,apartment,non.movers
311068,933,a85_,f,eo_seo_Italian,official_lang,work.no.official_lang,widowed,apartment,non.movers
371736,933,a20_24,f,lcsao,official_lang,work.official_lang,living.common.law,apartment,non.movers
374420,933,a25_29,f,ao_sao_ei,official_lang,work.official_lang,married,single.detached.house,non.movers
571758,933,a60_64,m,eo_bio_Scottish,official_lang,work.official_lang,married,other.attached,non.movers
610,933,a70_74,m,ao_esao_Chinese,official_lang,work.no.official_lang,married,other.attached,non.movers
752418,933,a55_59,f,onao_Canadian,official_lang,work.official_lang,living.common.law,apartment,non.movers
902960,933,a40_44,m,eo_bio_English,official_lang,work.official_lang,married,other.attached,non.movers
55259,933,a55_59,m,eo_fo,official_lang,work.official_lang,no.married,other.attached,non.movers
24638,933,a55_59,f,eo_bio_English,official_lang,work.official_lang,divorced,apartment,non.movers
308825,933,a15_19,f,oo,official_lang,work.no.official_lang,no.married,other.attached,other.movers
10284,933,a55_59,m,ao_oesao,official_lang,work.no.official_lang,divorced,single.detached.house,nonmigrants.movers
136617,933,a65_69,m,eo_bio_English,official_lang,work.official_lang,married,other.attached,non.movers
166561,933,a40_44,m,eo_bio_English,official_lang,work.official_lang,married,other.attached,non.movers
808549,933,a15_19,m,ao_wcameo,official_lang,work.official_lang,no.married,apartment,non.movers
647927,933,a30_34,m,eo_bio_English,official_lang,work.official_lang,no.married,single.detached.house,non.movers
397077,933,a75_79,f,eo_bio_Scottish,official_lang,work.official_lang,divorced,other.attached,non.movers
252896,933,a50_54,f,eo_eeo_Ukrainian,official_lang,work.official_lang,married,single.detached.house,non.movers
602075,933,a50_54,m,eo_weo_Dutch,official_lang,work.official_lang,married,single.detached.house,non.movers
506057,933,a50_54,f,eo_fo,official_lang,work.official_lang,married,single.detached.house,non.movers
460027,933,a40_44,f,ao_sao_ei,official_lang,work.official_lang,married,other.attached,non.movers
881219,933,a25_29,f,eo_neo,official_lang,work.official_lang,no.married,apartment,non.movers
700245,933,a35_39,m,lcsao,official_lang,work.official_lang,married,apartment,external.movers
293236,933,a50_54,f,ao_esao_Chinese,official_lang,work.official_lang,married,single.detached.house,non.movers
12567,933,a60_64,f,eo_bio_Scottish,official_lang,work.official_lang,widowed,other.attached,non.movers
520130,933,a5_9,m,ao_esao_Filipino,official_lang,work.no.official_lang,no.married,apartment,nonmigrants.movers
730205,933,a55_59,m,eo_fo,official_lang,work.official_lang,no.married,apartment,non.movers
574079,933,a70_74,f,eo_bio_English,official_lang,work.official_lang,divorced,apartment,non.movers
300807,933,a5_9,f,onao_Canadian,official_lang,work.no.official_lang,no.married,single.detached.house,non.movers
780283,933,a55_59,m,eo_bio_English,official_lang,work.official_lang,married,single.detached.house,external.movers
478608,933,a60_64,m,eo_bio_Irish,official_lang,work.official_lang,married,single.detached.house,non.movers
785870,933,a30_34,f,eo_bio_Scottish,official_lang,work.official_lang,married,other.attached,non.movers
21679,933,a25_29,m,eo_bio_Scottish,official_lang,work.no.official_lang,no.married,apartment,non.movers
762315,933,a55_59,f,onao,official_lang,work.official_lang,married,single.detached.house,non.movers
11636,933,a65_69,m,eo_seo_Greek,official_lang,work.official_lang,married,single.detached.house,nonmigrants.movers
341510,933,a20_24,f,ao_esao_Chinese,official_lang,work.official_lang,no.married,other.attached,nonmigrants.movers
175452,933,a30_34,f,eo_bio_English,official_lang,work.official_lang,living.common.law,apartment,nonmigrants.movers
435070,933,a15_19,m,ao_oesao,official_lang,work.no.official_lang,no.married,apartment,nonmigrants.movers
593290,933,a35_39,f,ao_esao_Filipino,official_lang,work.official_lang,divorced,apartment,non.movers
682718,933,a5_9,m,ao_esao_Chinese,official_lang,work.no.official_lang,no.married,other.attached,non.movers
27458,933,a15_19,f,onao_Canadian,official_lang,work.official_lang,no.married,single.detached.house,non.movers
928498,933,a50_54,m,eo_bio_English,official_lang,work.official_lang,no.married,single.detached.house,non.movers
579485,933,a50_54,m,eo_bio_English,official_lang,work.official_lang,no.married,other.attached,non.movers
2532,933,a0_4,f,lcsao,official_lang,work.no.official_lang,no.married,other.attached,non.movers
532879,933,a65_69,m,eo_bio_English,official_lang,work.official_lang,married,single.detached.house,non.movers
790428,933,a70_74,m,eo_bio_English,official_lang,work.official_lang,married,apartment,non.movers
800088,933,a65_69,m,eo_bio_English,official_lang,work.official_lang,married,apartment,non.movers
310080,933,a80_84,f,onao_Canadian,official_lang,work.no.official_lang,widowed,single.detached.house,non.movers
91645,933,a50_54,f,eo_obio,official_lang,work.official_lang,married,single.detached.house,non.movers
218127,933,a10_14,f,onao_Canadian,official_lang,work.no.official_lang,no.married,single.detached.house,non.movers
636255,933,a50_54,m,eo_weo_Dutch,official_lang,work.official_lang,married,apartment,non.movers
673500,933,a40_44,m,ao_oesao,official_lang,work.no.official_lang,married,other.attached,nonmigrants.movers
172268,933,a65_69,m,ao_oesao,official_lang,work.official_lang,married,other.attached,non.movers
749789,933,a55_59,m,ao_esao_Chinese,official_lang,work.official_lang,married,other.attached,non.movers
156695,933,a75_79,m,eo_weo_German,official_lang,work.no.official_lang,married,other.attached,non.movers
570972,933,a65_69,m,eo_bio_English,official_lang,work.official_lang,married,single.detached.house,non.movers
334315,933,a75_79,m,eo_weo_German,official_lang,work.official_lang,widowed,apartment,non.movers
379114,933,a25_29,m,onao_Canadian,official_lang,work.official_lang,no.married,single.detached.house,non.movers
495592,933,a45_49,f,onao_Canadian,official_lang,work.official_lang,divorced,single.detached.house,non.movers
195745,933,a45_49,f,eo_obio,official_lang,work.official_lang,married,other.attached,non.movers
722979,933,a60_64,f,ao_esao_Filipino,official_lang,work.official_lang,married,apartment,non.movers
753852,933,a45_49,f,eo_bio_Scottish,official_lang,work.official_lang,living.common.law,single.detached.house,nonmigrants.movers
712230,933,a50_54,f,ao_oesao,official_lang,work.official_lang,married,other.attached,non.movers
548721,933,a20_24,m,eo_obio,official_lang,work.official_lang,no.married,apartment,non.movers
430398,933,a25_29,f,eo_eeo_Ukrainian,official_lang,work.official_lang,married,other.attached,non.movers
220277,933,a55_59,f,eo_bio_English,official_lang,work.official_lang,divorced,apartment,non.movers
882024,933,a10_14,m,eo_bio_English,official_lang,work.no.official_lang,no.married,other.attached,non.movers
44024,933,a35_39,m,onao_Canadian,official_lang,work.official_lang,living.common.law,other.attached,external.movers
26279,933,a85_,f,eo_weo_German,official_lang,work.no.official_lang,married,single.detached.house,non.movers
580467,933,a55_59,f,eo_eeo_Ukrainian,official_lang,work.official_lang,married,other.attached,other.movers
850591,933,a15_19,f,ao_oesao,official_lang,work.official_lang,no.married,apartment,non.movers
19757,933,a65_69,f,ao_wcameo,official_lang,work.official_lang,married,apartment,non.movers
903077,933,a35_39,m,onao_Canadian,official_lang,work.official_lang,living.common.law,single.detached.house,non.movers
244257,933,a60_64,f,ao_esao_Chinese,official_lang,work.official_lang,married,apartment,non.movers
379599,933,a10_14,f,eo_seo_Italian,official_lang,work.no.official_lang,no.married,apartment,external.movers
910727,933,a75_79,f,eo_weo_German,official_lang,work.no.official_lang,divorced,apartment,non.movers
302672,933,a55_59,f,eo_weo_German,official_lang,work.official_lang,married,apartment,non.movers
107966,933,a25_29,f,onao_Canadian,official_lang,work.official_lang,no.married,apartment,non.movers
780101,933,a60_64,f,eo_bio_Scottish,official_lang,work.official_lang,married,single.detached.house,non.movers
874663,933,a25_29,m,onao_Canadian,official_lang,work.official_lang,no.married,other.attached,external.movers
191643,933,a55_59,m,ao_esao_Chinese,official_lang,work.official_lang,no.married,apartment,non.movers
246080,933,a70_74,m,onao_Canadian,official_lang,work.no.official_lang,married,other.attached,non.movers
86867,933,a60_64,m,eo_oweo,official_lang,work.official_lang,married,other.attached,non.movers
378127,933,a25_29,m,ao_esao_Chinese,official_lang,work.official_lang,no.married,single.detached.house,non.movers
434798,933,a50_54,m,eo_seo_Greek,official_lang,work.official_lang,married,apartment,non.movers
16543,933,a10_14,m,ao_esao_Filipino,official_lang,work.no.official_lang,no.married,other.attached,non.movers
707627,933,a50_54,m,onao_Canadian,official_lang,work.official_lang,separated,apartment,non.movers
210323,933,a10_14,f,ao_wcameo,official_lang,work.no.official_lang,no.married,apartment,nonmigrants.movers
280130,933,a45_49,f,eo_obio,official_lang,work.official_lang,living.common.law,apartment,non.movers
631783,933,a55_59,f,eo_bio_English,official_lang,work.official_lang,married,single.detached.house,non.movers
552243,933,a50_54,m,eo_weo_Dutch,official_lang,work.official_lang,married,single.detached.house,non.movers
521498,933,a10_14,f,eo_bio_English,official_lang,work.no.official_lang,no.married,other.attached,non.movers
416757,933,a15_19,f,lcsao,official_lang,work.official_lang,no.married,other.attached,non.movers
646007,933,a70_74,m,eo_bio_Irish,official_lang,work.official_lang,married,single.detached.house,non.movers
895402,933,a40_44,f,onao_Canadian,official_lang,work.official_lang,living.common.law,single.detached.house,non.movers
615474,933,a70_74,f,ao_esao_Chinese,official_lang,work.no.official_lang,married,single.detached.house,non.movers
794309,933,a40_44,f,onao_Canadian,official_lang,work.official_lang,married,other.attached,non.movers
93859,933,a60_64,f,eo_bio_English,official_lang,work.official_lang,married,other.attached,other.movers
565298,933,a5_9,f,ao_sao_ei,official_lang,work.no.official_lang,no.married,apartment,external.movers
465927,933,a35_39,f,ao_esao_Filipino,official_lang,work.official_lang,married,other.attached,non.movers
23068,933,a70_74,m,ao_esao_Chinese,no.official_lang,work.no.official_lang,married,apartment,non.movers
270227,933,a60_64,f,ao_esao_Filipino,official_lang,work.official_lang,married,apartment,non.movers
759549,933,a40_44,m,eo_eeo_Ukrainian,official_lang,work.official_lang,divorced,other.attached,other.movers
767004,933,a65_69,m,ao_wcameo,official_lang,work.no.official_lang,married,apartment,non.movers
272272,933,a30_34,m,eo_bio_Irish,official_lang,work.official_lang,no.married,apartment,non.movers
822728,933,a60_64,f,eo_eeo_Ukrainian,official_lang,work.official_lang,no.married,single.detached.house,non.movers
467617,933,a65_69,m,eo_fo,official_lang,work.no.official_lang,married,apartment,non.movers
752334,933,a40_44,f,eo_seo_Italian,official_lang,work.official_lang,married,apartment,non.movers
85750,933,a60_64,f,ao_esao_Chinese,official_lang,work.no.official_lang,married,single.detached.house,non.movers
878277,933,a40_44,f,eo_oeo,official_lang,work.official_lang,married,other.attached,nonmigrants.movers
757054,933,a70_74,f,ao_esao_Chinese,no.official_lang,work.no.official_lang,married,other.attached,external.movers
290585,933,a10_14,f,naao,official_lang,work.no.official_lang,no.married,other.attached,non.movers
709464,933,a50_54,m,eo_bio_English,official_lang,work.official_lang,married,apartment,non.movers
566086,933,a60_64,m,eo_weo_German,official_lang,work.official_lang,divorced,single.detached.house,non.movers
247846,933,a25_29,f,eo_bio_Scottish,official_lang,work.official_lang,living.common.law,apartment,other.movers
696375,933,a45_49,m,onao_Canadian,official_lang,work.official_lang,married,other.attached,non.movers
50530,933,a45_49,f,eo_obio,official_lang,work.official_lang,married,other.attached,non.movers
273841,933,a70_74,f,eo_bio_English,official_lang,work.no.official_lang,divorced,apartment,non.movers
874537,933,a60_64,f,eo_bio_Scottish,official_lang,work.official_lang,married,single.detached.house,non.movers
296230,933,a55_59,m,lcsao,official_lang,work.official_lang,married,other.attached,non.movers
372638,933,a55_59,f,eo_weo_German,official_lang,work.official_lang,divorced,other.attached,non.movers
577954,933,a45_49,f,ao_oesao,official_lang,work.official_lang,married,single.detached.house,nonmigrants.movers
456649,933,a45_49,f,ao_esao_Filipino,official_lang,work.official_lang,married,other.attached,non.movers
705127,933,a5_9,f,ao_oesao,official_lang,work.no.official_lang,no.married,other.attached,non.movers
11850,933,a0_4,f,ao,official_lang,work.no.official_lang,no.married,other.attached,non.movers
65698,933,a55_59,m,eo_weo_German,official_lang,work.no.official_lang,living.common.law,apartment,non.movers
64842,933,a60_64,m,onao,official_lang,work.official_lang,married,single.detached.house,non.movers
828941,933,a60_64,f,eo_oseo,official_lang,work.official_lang,married,apartment,non.movers
904643,933,a50_54,f,eo_seo_Italian,official_lang,work.official_lang,married,other.attached,non.movers
773422,933,a10_14,m,ao_wcameo,official_lang,work.no.official_lang,no.married,other.attached,non.movers
309070,933,a85_,m,eo_bio_Scottish,official_lang,work.no.official_lang,widowed,apartment,non.movers
461491,933,a75_79,m,eo_bio_English,official_lang,work.no.official_lang,married,other.attached,non.movers
375589,933,a55_59,m,eo_bio_English,official_lang,work.official_lang,separated,apartment,nonmigrants.movers
755800,933,a45_49,f,eo_bio_English,official_lang,work.official_lang,married,single.detached.house,non.movers
153538,933,a65_69,m,eo_bio_Irish,official_lang,work.official_lang,living.common.law,single.detached.house,non.movers
553346,933,a30_34,f,ao_esao_Chinese,official_lang,work.official_lang,living.common.law,apartment,nonmigrants.movers
387598,933,a70_74,m,eo_weo_German,official_lang,work.official_lang,married,other.attached,non.movers
757140,933,a35_39,m,eo_weo_German,official_lang,work.official_lang,married,apartment,nonmigrants.movers
912624,933,a5_9,f,onao_Canadian,official_lang,work.no.official_lang,no.married,other.attached,non.movers
29192,933,a25_29,f,ao_esao_Chinese,official_lang,work.official_lang,no.married,single.detached.house,non.movers
68779,933,a10_14,m,ao_sao_ei,official_lang,work.no.official_lang,no.married,single.detached.house,nonmigrants.movers
73207,933,a50_54,f,onao_Canadian,official_lang,work.official_lang,separated,single.detached.house,non.movers
147330,933,a50_54,f,eo_bio_English,official_lang,work.official_lang,married,apartment,non.movers
55072,933,a40_44,f,ao_esao_Filipino,official_lang,work.official_lang,married,other.attached,non.movers
510561,933,a35_39,f,eo_eeo_Hungarian,official_lang,work.official_lang,living.common.law,other.attached,non.movers
616380,933,a60_64,m,eo_fo,official_lang,work.no.official_lang,divorced,apartment,non.movers
546393,933,a70_74,m,eo_weo_German,official_lang,work.no.official_lang,no.married,single.detached.house,non.movers
356955,933,a60_64,f,eo_bio_Scottish,official_lang,work.official_lang,married,other.attached,non.movers
658175,933,a15_19,f,onao_Canadian,official_lang,work.official_lang,no.married,single.detached.house,non.movers
595015,933,a25_29,m,eo_bio_English,official_lang,work.official_lang,no.married,apartment,nonmigrants.movers
765024,933,a55_59,f,eo_eeo_Ukrainian,official_lang,work.official_lang,married,single.detached.house,non.movers
846095,933,a70_74,m,eo_oweo,official_lang,work.official_lang,married,single.detached.house,non.movers
231620,933,a35_39,m,eo_bio_English,official_lang,work.official_lang,married,single.detached.house,nonmigrants.movers
833657,933,a5_9,m,onao_Canadian,official_lang,work.no.official_lang,no.married,other.attached,non.movers
671242,933,a45_49,f,eo_bio_Irish,official_lang,work.official_lang,married,other.attached,non.movers
726306,933,a55_59,f,onao_Canadian,official_lang,work.official_lang,no.married,other.attached,non.movers
584475,933,a25_29,f,eo_neo,official_lang,work.official_lang,married,apartment,non.movers
916541,933,a10_14,m,onao_Canadian,official_lang,work.no.official_lang,no.married,single.detached.house,non.movers
555472,933,a50_54,f,ao_esao_Chinese,official_lang,work.official_lang,married,single.detached.house,non.movers
415800,933,a35_39,f,eo_bio_English,official_lang,work.official_lang,married,apartment,external.movers
653591,933,a60_64,m,eo_seo_Italian,official_lang,work.official_lang,married,single.detached.house,non.movers
720550,933,a25_29,f,ao_sao_ei,official_lang,work.official_lang,no.married,apartment,non.movers
375490,933,a20_24,m,onao_Canadian,official_lang,work.official_lang,no.married,single.detached.house,non.movers
708336,933,a70_74,f,eo_eeo_Ukrainian,official_lang,work.official_lang,divorced,single.detached.house,non.movers
912187,933,a55_59,m,eo_weo_German,official_lang,work.no.official_lang,living.common.law,single.detached.house,non.movers
50530,933,a45_49,f,eo_obio,official_lang,work.official_lang,married,other.attached,non.movers
400441,933,a25_29,f,eo_bio_Irish,official_lang,work.official_lang,no.married,apartment,nonmigrants.movers
209514,933,a25_29,f,eo_fo,official_lang,work.official_lang,married,other.attached,non.movers
501883,933,a50_54,m,eo_oeeo,official_lang,work.official_lang,married,apartment,non.movers
36427,933,a25_29,f,ao_esao_Chinese,official_lang,work.official_lang,no.married,apartment,non.movers
211810,933,a50_54,f,ao_osao,official_lang,work.official_lang,married,single.detached.house,nonmigrants.movers
219131,933,a45_49,f,ao_esao_Chinese,official_lang,work.official_lang,married,other.attached,non.movers
765376,933,a60_64,f,eo_bio_Scottish,official_lang,work.official_lang,married,apartment,non.movers
870472,933,a30_34,m,ao,official_lang,work.official_lang,married,apartment,non.movers
352911,933,a40_44,m,eo_weo_German,official_lang,work.official_lang,married,other.attached,other.movers
159229,933,a20_24,m,eo_bio_English,official_lang,work.official_lang,no.married,other.attached,nonmigrants.movers
901009,933,a15_19,f,ao,official_lang,work.no.official_lang,no.married,apartment,nonmigrants.movers
522953,933,a55_59,f,ao_esao_Filipino,official_lang,work.official_lang,living.common.law,apartment,non.movers
261370,933,a30_34,f,ao_sao_ei,official_lang,work.official_lang,no.married,apartment,non.movers
612864,933,a55_59,m,onao_Canadian,official_lang,work.official_lang,married,other.attached,non.movers
290857,933,a55_59,f,ao_sao_ei,no.official_lang,work.no.official_lang,widowed,other.attached,nonmigrants.movers
807506,933,a70_74,m,eo_bio_Scottish,official_lang,work.no.official_lang,married,single.detached.house,non.movers
469159,933,a70_74,f,onao_Canadian,official_lang,work.no.official_lang,married,single.detached.house,non.movers
674269,933,a70_74,m,eo_bio_English,official_lang,work.no.official_lang,living.common.law,other.attached,non.movers
615550,933,a25_29,f,ao_esao_Filipino,official_lang,work.official_lang,married,apartment,nonmigrants.movers
421953,933,a20_24,f,onao_Canadian,official_lang,work.official_lang,no.married,single.detached.house,non.movers
94774,933,a35_39,m,eo_bio_English,official_lang,work.official_lang,married,other.attached,non.movers
142536,933,a15_19,f,eo_seo_Italian,official_lang,work.official_lang,no.married,single.detached.house,non.movers
690378,933,a60_64,f,eo_bio_English,official_lang,work.official_lang,married,single.detached.house,non.movers
422432,933,a30_34,m,ao,official_lang,work.official_lang,married,apartment,nonmigrants.movers
797238,933,a85_,m,eo_weo_German,official_lang,work.no.official_lang,married,apartment,non.movers
609987,933,a10_14,f,ao,official_lang,work.no.official_lang,no.married,other.attached,non.movers
312713,933,a30_34,m,eo_bio_English,official_lang,work.official_lang,married,other.attached,non.movers
795014,933,a70_74,f,eo_eeo_Ukrainian,official_lang,work.official_lang,widowed,single.detached.house,non.movers
625849,933,a10_14,m,onao_Canadian,official_lang,work.no.official_lang,no.married,single.detached.house,non.movers
71501,933,a65_69,m,eo_bio_Scottish,official_lang,work.no.official_lang,married,other.attached,other.movers
899980,933,a55_59,f,ao_oesao,official_lang,work.official_lang,divorced,single.detached.house,non.movers
233280,933,a45_49,m,eo_bio_English,official_lang,work.official_lang,married,single.detached.house,non.movers
458406,933,a45_49,m,eo_neo,official_lang,work.official_lang,married,apartment,nonmigrants.movers
459644,933,a85_,f,eo_bio_English,official_lang,work.official_lang,widowed,apartment,non.movers
239991,933,a30_34,f,eo_weo_German,official_lang,work.official_lang,married,apartment,nonmigrants.movers
169592,933,a10_14,m,ao_osao,official_lang,work.no.official_lang,no.married,other.attached,non.movers
125398,933,a25_29,f,ao_esao_Chinese,official_lang,work.official_lang,no.married,other.attached,non.movers
692073,933,a40_44,f,eo_weo_German,official_lang,work.official_lang,living.common.law,single.detached.house,non.movers
212427,933,a65_69,f,eo_neo,official_lang,work.official_lang,widowed,other.attached,non.movers
405273,933,a15_19,m,lcsao,official_lang,work.no.official_lang,no.married,other.attached,external.movers
304365,933,a60_64,m,eo_obio,official_lang,work.official_lang,married,single.detached.house,non.movers
495486,933,a20_24,f,ao,official_lang,work.official_lang,no.married,other.attached,nonmigrants.movers
848595,933,a25_29,f,ao_esao_Chinese,official_lang,work.official_lang,no.married,single.detached.house,nonmigrants.movers
768369,933,a10_14,m,eo_bio_English,official_lang,work.no.official_lang,no.married,single.detached.house,non.movers
687958,933,a60_64,m,eo_bio_English,official_lang,work.official_lang,married,other.attached,non.movers
757062,933,a20_24,f,ao_esao_Chinese,official_lang,work.official_lang,no.married,apartment,nonmigrants.movers
162397,933,a60_64,m,onao_Canadian,official_lang,work.no.official_lang,divorced,other.attached,non.movers
181680,933,a60_64,f,onao_Canadian,official_lang,work.no.official_lang,married,other.attached,non.movers
700435,933,a75_79,f,eo_bio_Irish,official_lang,work.no.official_lang,married,other.attached,non.movers
712078,933,a15_19,m,eo_obio,official_lang,work.official_lang,no.married,apartment,non.movers
85201,933,a15_19,f,ao_esao_Chinese,official_lang,work.no.official_lang,no.married,other.attached,non.movers
237985,933,a25_29,f,onao_Canadian,official_lang,work.official_lang,married,other.attached,non.movers
314766,933,a15_19,m,onao_Canadian,official_lang,work.official_lang,no.married,single.detached.house,non.movers
2997,933,a45_49,m,eo_bio_English,official_lang,work.official_lang,married,other.attached,non.movers
127346,933,a70_74,f,ao_sao_ei,official_lang,work.no.official_lang,widowed,other.attached,non.movers
341620,933,a20_24,m,ao_sao_ei,official_lang,work.official_lang,no.married,apartment,non.movers
919716,933,a50_54,m,ao_esao_Chinese,official_lang,work.official_lang,no.married,other.attached,non.movers
65328,933,a20_24,f,eo_fo,official_lang,work.official_lang,no.married,apartment,interprovincial.movers
230775,933,a60_64,m,eo_bio_Irish,official_lang,work.no.official_lang,married,single.detached.house,non.movers
192112,933,a30_34,f,eo_bio_English,official_lang,work.official_lang,separated,apartment,non.movers
340560,933,a85_,f,eo_obio,official_lang,work.no.official_lang,widowed,apartment,non.movers
450002,933,a20_24,f,ao_esao_Filipino,official_lang,work.official_lang,no.married,single.detached.house,non.movers
25138,933,a70_74,f,eo_bio_Irish,official_lang,work.no.official_lang,married,other.attached,non.movers
291894,933,a65_69,f,ao_sao_ei,official_lang,work.official_lang,married,other.attached,non.movers
512756,933,a5_9,f,ao_osao,official_lang,work.no.official_lang,no.married,apartment,non.movers
266644,933,a40_44,m,eo_fo,official_lang,work.official_lang,living.common.law,single.detached.house,non.movers
858947,933,a55_59,m,ao_oesao,official_lang,work.official_lang,married,other.attached,non.movers
561463,933,a30_34,m,eo_bio_Irish,official_lang,work.official_lang,married,other.attached,nonmigrants.movers
882684,933,a55_59,m,eo_bio_English,official_lang,work.official_lang,married,single.detached.house,non.movers
55865,933,a25_29,f,lcsao,official_lang,work.no.official_lang,living.common.law,apartment,non.movers
627869,933,a75_79,f,eo_seo_Italian,official_lang,work.no.official_lang,married,other.attached,non.movers
379100,933,a55_59,f,eo_bio_English,official_lang,work.official_lang,married,single.detached.house,non.movers
478592,933,a10_14,f,onao_Canadian,official_lang,work.no.official_lang,no.married,other.attached,non.movers
899920,933,a10_14,m,onao_Canadian,official_lang,work.no.official_lang,no.married,single.detached.house,non.movers
782133,933,a65_69,m,eo_bio_Irish,official_lang,work.official_lang,married,apartment,non.movers
442318,933,a15_19,m,eo_bio_English,official_lang,work.official_lang,no.married,single.detached.house,non.movers
165875,933,a5_9,m,ao_osao,official_lang,work.no.official_lang,no.married,apartment,non.movers
274522,933,a15_19,m,eo_bio_English,official_lang,work.official_lang,no.married,single.detached.house,non.movers
323066,933,a75_79,f,eo_weo_German,official_lang,work.no.official_lang,widowed,single.detached.house,non.movers
860615,933,a70_74,m,eo_bio_English,official_lang,work.no.official_lang,married,single.detached.house,non.movers
503375,933,a85_,f,eo_bio_English,official_lang,work.no.official_lang,widowed,other.attached,non.movers
294464,933,a45_49,m,eo_bio_English,official_lang,work.official_lang,married,single.detached.house,non.movers
819704,933,a50_54,f,ao_esao_Chinese,official_lang,work.no.official_lang,married,single.detached.house,non.movers
670806,933,a35_39,f,naao,official_lang,work.official_lang,divorced,apartment,non.movers
376902,933,a45_49,m,eo_obio,official_lang,work.official_lang,living.common.law,other.attached,non.movers
304233,933,a70_74,f,onao_Canadian,official_lang,work.no.official_lang,married,single.detached.house,non.movers
37253,933,a65_69,m,eo_bio_English,official_lang,work.official_lang,married,single.detached.house,non.movers
203119,933,a55_59,f,eo_weo_German,official_lang,work.official_lang,married,single.detached.house,non.movers
23668,933,a35_39,f,onao_Canadian,official_lang,work.official_lang,married,single.detached.house,non.movers
820673,933,a30_34,f,eo_seo_Portuguese,official_lang,work.official_lang,divorced,other.attached,non.movers
337639,933,a55_59,f,ao_oesao,official_lang,work.official_lang,married,single.detached.house,non.movers
721839,933,a55_59,f,eo_neo,official_lang,work.official_lang,married,single.detached.house,non.movers
925367,933,a45_49,m,eo_fo,official_lang,work.official_lang,married,other.attached,non.movers
234922,933,a15_19,m,ao_esao_Filipino,official_lang,work.no.official_lang,no.married,other.attached,external.movers
884143,933,a75_79,m,onao_Canadian,official_lang,work.no.official_lang,widowed,apartment,non.movers
674545,933,a10_14,f,naao,official_lang,work.no.official_lang,no.married,apartment,non.movers
190054,933,a30_34,m,eo_neo,official_lang,work.official_lang,living.common.law,apartment,nonmigrants.movers
31008,933,a20_24,m,eo_obio,official_lang,work.official_lang,no.married,apartment,external.movers
664354,933,a20_24,m,ao_esao_Chinese,official_lang,work.no.official_lang,no.married,apartment,nonmigrants.movers
344502,933,a85_,m,eo_bio_Irish,official_lang,work.no.official_lang,married,apartment,non.movers
215030,933,a45_49,f,eo_weo_Dutch,official_lang,work.official_lang,married,apartment,nonmigrants.movers
734586,933,a10_14,m,ao_esao_Filipino,official_lang,work.no.official_lang,no.married,other.attached,non.movers
510027,933,a30_34,f,onao_Canadian,official_lang,work.official_lang,living.common.law,apartment,non.movers
893584,933,a20_24,m,ao_esao_Filipino,official_lang,work.official_lang,no.married,apartment,non.movers
742315,933,a20_24,f,ao_esao_Chinese,official_lang,work.official_lang,living.common.law,apartment,nonmigrants.movers
468854,933,a35_39,f,eo_seo_Greek,official_lang,work.official_lang,married,other.attached,non.movers
730424,933,a50_54,f,eo_bio_English,official_lang,work.official_lang,married,single.detached.house,non.movers
613537,933,a30_34,f,eo_eeo_Ukrainian,official_lang,work.official_lang,married,other.attached,non.movers
10330,933,a65_69,f,eo_weo_Dutch,official_lang,work.official_lang,married,other.attached,non.movers
389804,933,a85_,f,eo_neo,official_lang,work.no.official_lang,widowed,single.detached.house,non.movers
878810,933,a70_74,f,ao_esao_Chinese,official_lang,work.official_lang,married,other.attached,non.movers
640334,933,a30_34,f,ao_esao_Chinese,official_lang,work.official_lang,married,other.attached,non.movers
90569,933,a55_59,f,ao_esao_Filipino,official_lang,work.official_lang,widowed,single.detached.house,non.movers
259796,933,a85_,m,eo_bio_Scottish,official_lang,work.no.official_lang,married,other.attached,non.movers
422130,933,a60_64,f,ao_sao_ei,official_lang,work.official_lang,married,other.attached,nonmigrants.movers
341554,933,a65_69,f,eo_bio_English,official_lang,work.official_lang,divorced,apartment,non.movers
370137,933,a5_9,f,ao_oesao,official_lang,work.no.official_lang,no.married,other.attached,external.movers
902085,933,a10_14,f,ao_esao_Filipino,official_lang,work.no.official_lang,no.married,apartment,external.movers
602599,933,a55_59,f,eo_bio_Irish,official_lang,work.official_lang,separated,other.attached,other.movers
135095,933,a30_34,m,onao_Canadian,official_lang,work.official_lang,married,apartment,non.movers
395929,933,a45_49,m,eo_bio_Irish,official_lang,work.official_lang,divorced,apartment,non.movers
918022,933,a70_74,m,ao_esao_Chinese,no.official_lang,work.no.official_lang,widowed,apartment,non.movers
214370,933,a50_54,m,ao_esao_Chinese,official_lang,work.official_lang,married,apartment,non.movers
19870,933,a60_64,m,ao_esao_Filipino,official_lang,work.official_lang,married,apartment,non.movers
277518,933,a50_54,m,ao_esao_Chinese,official_lang,work.official_lang,married,other.attached,non.movers
724450,933,a65_69,m,eo_weo_Dutch,official_lang,work.official_lang,married,apartment,non.movers
293560,933,a20_24,f,ao_oesao,official_lang,work.official_lang,no.married,other.attached,non.movers
889312,933,a35_39,m,eo_weo_German,official_lang,work.official_lang,separated,single.detached.house,nonmigrants.movers
299534,933,a70_74,f,eo_bio_Irish,official_lang,work.no.official_lang,married,other.attached,non.movers
922862,933,a20_24,m,eo_bio_English,official_lang,work.official_lang,living.common.law,apartment,non.movers
131940,933,a30_34,m,eo_obio,official_lang,work.official_lang,living.common.law,apartment,interprovincial.movers
144483,933,a0_4,f,eo_bio_Scottish,official_lang,work.no.official_lang,no.married,single.detached.house,non.movers
856160,933,a20_24,f,ao_esao_Chinese,official_lang,work.official_lang,divorced,apartment,non.movers
724437,933,a85_,f,eo_bio_Irish,official_lang,work.no.official_lang,widowed,single.detached.house,non.movers
206627,933,a60_64,m,eo_neo,official_lang,work.official_lang,married,apartment,non.movers
247508,933,a50_54,f,eo_bio_English,official_lang,work.official_lang,married,other.attached,non.movers
663344,933,a75_79,f,eo_bio_English,official_lang,work.no.official_lang,married,apartment,non.movers
476467,933,a85_,f,eo_bio_English,official_lang,work.no.official_lang,widowed,other.attached,non.movers
842101,933,a50_54,m,eo_bio_English,official_lang,work.official_lang,married,other.attached,non.movers
351144,933,a0_4,f,onao_Canadian,official_lang,work.no.official_lang,no.married,single.detached.house,non.movers
182061,933,a30_34,f,onao_Canadian,official_lang,work.official_lang,living.common.law,other.attached,non.movers
91755,933,a45_49,f,ao_esao_Filipino,official_lang,work.official_lang,married,single.detached.house,non.movers
