PPSORT,CMA,AGE,SEX,RACE,KOL,WORKLANG,MARST,DWEL,MOBL
342482,933,a55_59,f,ao_oesao,no.official_lang,work.no.official_lang,married,single.detached.house,other.movers
117117,933,a10_14,m,lcsao,official_lang,work.no.official_lang,no.married,other.attached,non.movers
250388,933,a20_24,m,ao_sao_ei,official_lang,work.official_lang,no.married,apartment,non.movers
452020,933,a25_29,f,ao_sao_ei,official_lang,work.official_lang,no.married,apartment,other.movers
217850,933,a75_79,m,ao_esao_Chinese,no.official_lang,work.no.official_lang,married,single.detached.house,non.movers
37764,933,a70_74,m,ao_sao_ei,official_lang,work.no.official_lang,married,apartment,non.movers
326845,933,a50_54,m,ao_oesao,official_lang,work.no.official_lang,married,other.attached,interprovincial.movers
146171,933,a15_19,f,ao_sao_ei,official_lang,work.official_lang,no.married,other.attached,non.movers
368407,933,a55_59,m,eo_eeo_Polish,official_lang,work.official_lang,married,other.attached,non.movers
650180,933,a65_69,f,ao_sao_ei,official_lang,work.official_lang,married,single.detached.house,non.movers
110534,933,a35_39,m,ao_esao_Chinese,official_lang,work.official_lang,married,apartment,nonmigrants.movers
238954,933,a25_29,m,ao_oesao,no.official_lang,work.no.official_lang,no.married,apartment,non.movers
635164,933,a25_29,m,ao_esao_Chinese,official_lang,work.official_lang,no.married,other.attached,other.movers
242649,933,a5_9,m,ao_sao_ei,official_lang,work.no.official_lang,no.married,single.detached.house,non.movers
735170,933,a0_4,m,ao_esao_Chinese,official_lang,work.no.official_lang,no.married,other.attached,non.movers
407116,933,a25_29,m,naao,official_lang,work.official_lang,no.married,other.attached,non.movers
912284,933,a45_49,m,ao_sao_ei,official_lang,work.official_lang,married,single.detached.house,non.movers
240171,933,a40_44,m,ao_osao,official_lang,work.no.official_lang,married,single.detached.house,non.movers
189266,933,a45_49,f,ao,no.official_lang,work.no.official_lang,married,other.attached,non.movers
527619,933,a20_24,f,eo_oeo,official_lang,work.official_lang,no.married,other.attached,non.movers
609218,933,a40_44,f,ao_esao_Chinese,no.official_lang,work.official_lang,married,apartment,non.movers
223158,933,a35_39,f,ao_sao_ei,official_lang,work.official_lang,separated,apartment,non.movers
516872,933,a85_,m,ao_sao_ei,no.official_lang,work.no.official_lang,widowed,apartment,non.movers
676604,933,a20_24,m,ao_esao_Chinese,official_lang,work.official_lang,no.married,other.attached,non.movers
112205,933,a25_29,m,ao_wcameo,official_lang,work.official_lang,no.married,apartment,non.movers
497880,933,a70_74,f,ao_osao,no.official_lang,work.no.official_lang,married,apartment,non.movers
167390,933,a0_4,m,ao_oesao,official_lang,work.no.official_lang,no.married,other.attached,other.movers
928108,933,a50_54,m,eo_fo,official_lang,work.official_lang,married,other.attached,non.movers
196151,933,a60_64,f,onao,official_lang,work.official_lang,living.common.law,other.attached,non.movers
437822,933,a45_49,m,ao_oesao,official_lang,work.official_lang,no.married,other.attached,non.movers
601876,933,a85_,f,ao_oesao,no.official_lang,work.no.official_lang,widowed,single.detached.house,non.movers
740348,933,a35_39,m,ao_esao_Filipino,official_lang,work.official_lang,married,apartment,non.movers
219974,933,a0_4,m,ao_esao_Chinese,no.official_lang,work.no.official_lang,no.married,single.detached.house,other.movers
168478,933,a85_,m,ao_sao_ei,official_lang,work.no.official_lang,married,apartment,non.movers
871593,933,a10_14,m,ao_sao_ei,official_lang,work.no.official_lang,no.married,other.attached,non.movers
503046,933,a20_24,m,ao_sao_ei,official_lang,work.official_lang,no.married,single.detached.house,non.movers
865815,933,a25_29,m,ao_sao_ei,no.official_lang,work.no.official_lang,married,apartment,non.movers
57600,933,a55_59,m,ao_esao_Chinese,no.official_lang,work.no.official_lang,married,apartment,non.movers
93249,933,a45_49,m,ao_esao_Filipino,official_lang,work.official_lang,separated,single.detached.house,non.movers
144868,933,a85_,f,ao_esao_Chinese,no.official_lang,work.no.official_lang,widowed,apartment,non.movers
393890,933,a65_69,m,eo_bio_Scottish,official_lang,work.no.official_lang,married,other.attached,non.movers
504110,933,a45_49,m,ao_oesao,official_lang,work.official_lang,married,other.attached,non.movers
75972,933,a65_69,f,ao_sao_ei,no.official_lang,work.no.official_lang,married,single.detached.house,non.movers
419005,933,a85_,m,eo_bio_Irish,official_lang,work.no.official_lang,married,other.attached,non.movers
152103,933,a15_19,m,ao_sao_ei,official_lang,work.official_lang,no.married,single.detached.house,non.movers
259635,933,a75_79,m,eo_seo_Spanish,official_lang,work.no.official_lang,married,single.detached.house,non.movers
579752,933,a40_44,m,onao_Canadian,official_lang,work.official_lang,no.married,apartment,non.movers
812651,933,a40_44,m,eo_weo_German,official_lang,work.official_lang,married,single.detached.house,other.movers
910183,933,a60_64,m,eo_weo_German,official_lang,work.no.official_lang,married,apartment,non.movers
501603,933,a40_44,m,ao_oesao,official_lang,work.official_lang,married,other.attached,nonmigrants.movers
124705,933,a30_34,f,ao_oesao,official_lang,work.official_lang,married,single.detached.house,other.movers
203075,933,a65_69,m,eo_bio_Irish,official_lang,work.official_lang,married,apartment,other.movers
728305,933,a60_64,f,ao_sao_ei,no.official_lang,work.no.official_lang,married,apartment,non.movers
522248,933,a0_4,m,ao_sao_ei,official_lang,work.no.official_lang,no.married,other.attached,other.movers
706496,933,a35_39,m,ao_sao_ei,official_lang,work.official_lang,married,other.attached,nonmigrants.movers
929072,933,a10_14,m,ao,official_lang,work.no.official_lang,no.married,other.attached,non.movers
580567,933,a40_44,f,ao_esao_Chinese,official_lang,work.no.official_lang,married,apartment,other.movers
868003,933,a20_24,f,ao_sao_ei,official_lang,work.official_lang,no.married,other.attached,non.movers
550492,933,a55_59,m,ao_sao_ei,official_lang,work.official_lang,married,apartment,non.movers
309539,933,a85_,f,eo_neo,official_lang,work.no.official_lang,married,apartment,non.movers
817266,933,a80_84,f,eo_weo_Dutch,official_lang,work.no.official_lang,widowed,other.attached,non.movers
24327,933,a65_69,f,ao_sao_ei,no.official_lang,work.no.official_lang,married,other.attached,non.movers
19985,933,a60_64,m,ao_esao_Chinese,no.official_lang,work.no.official_lang,married,other.attached,non.movers
454381,933,a45_49,m,ao_esao_Chinese,no.official_lang,work.no.official_lang,married,apartment,non.movers
879059,933,a30_34,m,onao_Canadian,official_lang,work.official_lang,no.married,other.attached,non.movers
267629,933,a30_34,m,onao_Canadian,official_lang,work.official_lang,living.common.law,apartment,interprovincial.movers
566380,933,a55_59,f,ao_esao_Filipino,official_lang,work.official_lang,separated,other.attached,non.movers
390151,933,a35_39,m,eo_obio,official_lang,work.official_lang,no.married,other.attached,non.movers
558444,933,a60_64,f,ao_sao_ei,official_lang,work.official_lang,married,other.attached,other.movers
179517,933,a30_34,f,ao_sao_ei,official_lang,work.official_lang,no.married,other.attached,non.movers
878277,933,a40_44,f,eo_oeo,official_lang,work.official_lang,married,other.attached,nonmigrants.movers
676132,933,a30_34,m,oo,official_lang,work.official_lang,married,apartment,non.movers
421474,933,a25_29,m,ao_esao_Chinese,no.official_lang,work.official_lang,no.married,apartment,nonmigrants.movers
866268,933,a50_54,m,ao_osao,official_lang,work.official_lang,married,single.detached.house,nonmigrants.movers
72169,933,a25_29,m,ao_sao_ei,official_lang,work.official_lang,no.married,other.attached,other.movers
595798,933,a55_59,f,ao_sao_ei,official_lang,work.no.official_lang,married,single.detached.house,non.movers
794645,933,a70_74,m,ao_esao_Chinese,no.official_lang,work.no.official_lang,divorced,apartment,other.movers
248796,933,a85_,f,ao_sao_ei,no.official_lang,work.no.official_lang,married,single.detached.house,non.movers
307360,933,a80_84,m,ao_esao_Chinese,no.official_lang,work.no.official_lang,married,single.detached.house,non.movers
383334,933,a40_44,m,ao_esao_Chinese,no.official_lang,work.no.official_lang,married,apartment,non.movers
885838,933,a0_4,f,ao_esao_Filipino,official_lang,work.no.official_lang,no.married,other.attached,other.movers
866458,933,a60_64,m,ao_esao_Chinese,official_lang,work.official_lang,married,other.attached,non.movers
543435,933,a60_64,f,ao_esao_Chinese,no.official_lang,work.no.official_lang,married,apartment,other.movers
577009,933,a70_74,f,ao_esao_Chinese,no.official_lang,work.no.official_lang,widowed,single.detached.house,non.movers
430339,933,a0_4,m,ao_sao_ei,official_lang,work.no.official_lang,no.married,other.attached,non.movers
96498,933,a0_4,m,ao_sao_ei,no.official_lang,work.no.official_lang,no.married,apartment,other.movers
697496,933,a55_59,f,ao_esao_Chinese,official_lang,work.no.official_lang,married,other.attached,non.movers
494960,933,a70_74,m,eo_fo,official_lang,work.no.official_lang,married,other.attached,non.movers
366948,933,a35_39,m,ao_esao_Chinese,official_lang,work.no.official_lang,no.married,single.detached.house,non.movers
172000,933,a55_59,m,ao_sao_ei,official_lang,work.official_lang,married,apartment,non.movers
802292,933,a10_14,f,ao_wcameo,official_lang,work.no.official_lang,no.married,other.attached,non.movers
210426,933,a15_19,f,ao_esao_Filipino,official_lang,work.no.official_lang,no.married,other.attached,non.movers
25756,933,a10_14,m,ao_esao_Filipino,official_lang,work.no.official_lang,no.married,other.attached,non.movers
899050,933,a85_,f,ao_esao_Chinese,no.official_lang,work.no.official_lang,widowed,single.detached.house,non.movers
751692,933,a75_79,f,ao_esao_Chinese,no.official_lang,work.no.official_lang,married,other.attached,non.movers
180988,933,a80_84,f,ao_sao_ei,official_lang,work.no.official_lang,married,other.attached,non.movers
706570,933,a5_9,f,ao_sao_ei,official_lang,work.no.official_lang,no.married,other.attached,non.movers
866989,933,a55_59,m,ao_sao_ei,no.official_lang,work.no.official_lang,married,apartment,nonmigrants.movers
706900,933,a60_64,f,ao_sao_ei,no.official_lang,work.no.official_lang,married,apartment,non.movers
160998,933,a60_64,m,ao_osao,official_lang,work.no.official_lang,married,other.attached,non.movers
699463,933,a45_49,f,ao_sao_ei,no.official_lang,work.official_lang,married,other.attached,non.movers
760504,933,a35_39,f,ao_esao_Chinese,official_lang,work.official_lang,divorced,apartment,nonmigrants.movers
265796,933,a0_4,f,ao_sao_ei,official_lang,work.no.official_lang,no.married,other.attached,other.movers
569694,933,a15_19,m,eo_eeo_Russian,official_lang,work.no.official_lang,no.married,single.detached.house,non.movers
139125,933,a35_39,m,ao_sao_ei,official_lang,work.official_lang,married,apartment,interprovincial.movers
699463,933,a45_49,f,ao_sao_ei,no.official_lang,work.official_lang,married,other.attached,non.movers
272915,933,a75_79,f,onao_Canadian,official_lang,work.no.official_lang,widowed,other.attached,non.movers
859008,933,a10_14,f,ao_esao_Filipino,official_lang,work.no.official_lang,no.married,other.attached,other.movers
324789,933,a35_39,m,ao_esao_Filipino,official_lang,work.official_lang,married,single.detached.house,non.movers
478441,933,a20_24,f,ao_sao_ei,official_lang,work.official_lang,no.married,other.attached,nonmigrants.movers
844833,933,a35_39,m,onao_Canadian,official_lang,work.official_lang,no.married,other.attached,non.movers
9247,933,a35_39,m,ao_osao,official_lang,work.no.official_lang,married,single.detached.house,non.movers
592855,933,a40_44,f,ao_oesao,no.official_lang,work.no.official_lang,married,other.attached,non.movers
211144,933,a60_64,m,ao_esao_Chinese,no.official_lang,work.no.official_lang,divorced,other.attached,non.movers
543563,933,a75_79,f,eo_neo,official_lang,work.no.official_lang,divorced,other.attached,non.movers
760701,933,a65_69,m,ao_sao_ei,no.official_lang,work.no.official_lang,married,apartment,non.movers
240413,933,a40_44,m,ao_sao_ei,official_lang,work.official_lang,married,single.detached.house,nonmigrants.movers
585110,933,a65_69,m,ao_sao_ei,official_lang,work.no.official_lang,married,other.attached,non.movers
54344,933,a70_74,f,eo_seo_Portuguese,official_lang,work.no.official_lang,widowed,other.attached,non.movers
101945,933,a85_,f,ao_sao_ei,official_lang,work.no.official_lang,widowed,apartment,non.movers
64550,933,a70_74,m,ao_sao_ei,official_lang,work.no.official_lang,married,single.detached.house,non.movers
799688,933,a75_79,f,ao_sao_ei,no.official_lang,work.no.official_lang,married,apartment,non.movers
30760,933,a40_44,f,eo_weo_German,official_lang,work.official_lang,married,single.detached.house,interprovincial.movers
222755,933,a10_14,m,ao_sao_ei,official_lang,work.no.official_lang,no.married,other.attached,non.movers
120940,933,a55_59,m,eo_seo_Spanish,official_lang,work.official_lang,married,other.attached,non.movers
289559,933,a55_59,f,ao_sao_ei,official_lang,work.official_lang,married,other.attached,non.movers
515898,933,a20_24,f,ao_esao_Filipino,official_lang,work.official_lang,no.married,apartment,non.movers
888695,933,a0_4,m,ao_sao_ei,official_lang,work.no.official_lang,no.married,single.detached.house,other.movers
565738,933,a60_64,m,ao_sao_ei,no.official_lang,work.no.official_lang,widowed,apartment,non.movers
752485,933,a5_9,m,ao_esao_Filipino,official_lang,work.no.official_lang,no.married,other.attached,non.movers
900130,933,a85_,f,eo_fo,official_lang,work.no.official_lang,widowed,other.attached,non.movers
609588,933,a75_79,m,onao_Canadian,official_lang,work.no.official_lang,widowed,single.detached.house,non.movers
410605,933,a80_84,m,eo_neo,official_lang,work.no.official_lang,married,other.attached,non.movers
851593,933,a35_39,f,ao_sao_ei,official_lang,work.official_lang,no.married,apartment,non.movers
258930,933,a80_84,f,eo_eeo_Polish,official_lang,work.official_lang,widowed,other.attached,non.movers
406827,933,a80_84,m,ao_esao_Chinese,no.official_lang,work.no.official_lang,married,apartment,non.movers
696850,933,a40_44,m,ao_sao_ei,official_lang,work.official_lang,married,apartment,nonmigrants.movers
231701,933,a45_49,f,ao_sao_ei,official_lang,work.official_lang,married,apartment,non.movers
557173,933,a25_29,f,ao_sao_ei,official_lang,work.official_lang,no.married,apartment,non.movers
309327,933,a85_,m,eo_bio_English,official_lang,work.no.official_lang,widowed,other.attached,non.movers
620993,933,a80_84,f,ao_esao_Chinese,no.official_lang,work.no.official_lang,married,apartment,non.movers
841809,933,a10_14,f,ao_sao_ei,official_lang,work.no.official_lang,no.married,apartment,non.movers
600812,933,a30_34,m,ao_sao_ei,official_lang,work.official_lang,married,single.detached.house,other.movers
149611,933,a45_49,f,ao,official_lang,work.no.official_lang,divorced,other.attached,non.movers
32173,933,a80_84,f,ao_esao_Chinese,no.official_lang,work.no.official_lang,widowed,apartment,non.movers
245503,933,a10_14,f,ao_wcameo,official_lang,work.no.official_lang,no.married,other.attached,non.movers
530509,933,a70_74,f,oo,official_lang,work.no.official_lang,widowed,apartment,non.movers
831641,933,a25_29,f,naao,official_lang,work.no.official_lang,no.married,other.attached,non.movers
105608,933,a55_59,m,ao_esao_Chinese,official_lang,work.no.official_lang,married,apartment,non.movers
126839,933,a40_44,m,ao_esao_Chinese,no.official_lang,work.no.official_lang,divorced,apartment,nonmigrants.movers
291024,933,a45_49,f,eo_bio_Scottish,official_lang,work.no.official_lang,married,other.attached,non.movers
228877,933,a15_19,f,ao_sao_ei,official_lang,work.no.official_lang,no.married,single.detached.house,non.movers
335321,933,a20_24,m,ao_sao_ei,official_lang,work.no.official_lang,no.married,apartment,external.movers
289142,933,a45_49,m,eo_eeo_Russian,official_lang,work.official_lang,married,single.detached.house,non.movers
483714,933,a65_69,m,ao_esao_Chinese,no.official_lang,work.no.official_lang,married,single.detached.house,other.movers
26463,933,a70_74,m,eo_seo_Portuguese,official_lang,work.no.official_lang,separated,apartment,non.movers
139485,933,a85_,m,ao_sao_ei,no.official_lang,work.no.official_lang,married,apartment,non.movers
84933,933,a15_19,f,oo,official_lang,work.official_lang,no.married,other.attached,non.movers
503693,933,a70_74,f,eo_oeeo,official_lang,work.official_lang,separated,apartment,non.movers
220768,933,a30_34,f,eo_eeo_Russian,official_lang,work.official_lang,married,single.detached.house,non.movers
647712,933,a20_24,m,ao_sao_ei,official_lang,work.official_lang,no.married,apartment,nonmigrants.movers
728304,933,a45_49,f,ao_sao_ei,official_lang,work.no.official_lang,married,apartment,non.movers
105521,933,a40_44,m,eo_obio,official_lang,work.official_lang,married,other.attached,interprovincial.movers
795994,933,a15_19,f,onao_Canadian,official_lang,work.no.official_lang,no.married,other.attached,non.movers
28919,933,a85_,f,ao_esao_Chinese,no.official_lang,work.no.official_lang,married,other.attached,non.movers
3236,933,a45_49,f,ao_oesao,no.official_lang,work.no.official_lang,married,apartment,external.movers
33175,933,a35_39,f,eo_bio_English,official_lang,work.official_lang,no.married,single.detached.house,other.movers
79354,933,a85_,f,eo_bio_English,official_lang,work.no.official_lang,widowed,other.attached,non.movers
266281,933,a55_59,m,ao_sao_ei,no.official_lang,work.no.official_lang,married,apartment,non.movers
385859,933,a65_69,f,ao_esao_Chinese,no.official_lang,work.no.official_lang,married,other.attached,non.movers
180796,933,a30_34,m,ao_sao_ei,official_lang,work.official_lang,no.married,apartment,nonmigrants.movers
539745,933,a15_19,m,eo_weo_Dutch,official_lang,work.official_lang,no.married,other.attached,non.movers
318988,933,a15_19,m,onao_Canadian,official_lang,work.official_lang,no.married,apartment,non.movers
718585,933,a55_59,m,ao_oesao,no.official_lang,work.no.official_lang,married,single.detached.house,non.movers
641974,933,a35_39,f,onao,official_lang,work.official_lang,living.common.law,apartment,non.movers
600248,933,a25_29,m,onao_Canadian,official_lang,work.official_lang,no.married,other.attached,nonmigrants.movers
298588,933,a65_69,f,ao_oesao,no.official_lang,work.no.official_lang,no.married,apartment,non.movers
824020,933,a35_39,m,ao_sao_ei,official_lang,work.official_lang,married,other.attached,non.movers
610923,933,a30_34,f,ao_sao_ei,official_lang,work.official_lang,married,other.attached,non.movers
104233,933,a30_34,m,onao_Canadian,official_lang,work.official_lang,married,other.attached,non.movers
390131,933,a80_84,m,eo_bio_English,official_lang,work.official_lang,married,other.attached,non.movers
387774,933,a15_19,m,ao_esao_Filipino,official_lang,work.no.official_lang,no.married,other.attached,non.movers
555402,933,a15_19,f,oo,official_lang,work.official_lang,no.married,apartment,non.movers
147510,933,a60_64,m,eo_fo,official_lang,work.official_lang,married,apartment,non.movers
834491,933,a60_64,f,ao_oesao,no.official_lang,work.no.official_lang,divorced,other.attached,non.movers
474754,933,a50_54,f,onao_Canadian,official_lang,work.no.official_lang,married,other.attached,non.movers
508786,933,a55_59,m,ao_esao_Chinese,no.official_lang,work.no.official_lang,married,single.detached.house,non.movers
622912,933,a65_69,f,eo_weo_German,official_lang,work.no.official_lang,married,single.detached.house,non.movers
378691,933,a85_,m,eo_fo,official_lang,work.no.official_lang,married,single.detached.house,non.movers
906378,933,a70_74,m,ao_esao_Chinese,no.official_lang,work.no.official_lang,divorced,apartment,non.movers
524612,933,a40_44,m,ao_sao_ei,official_lang,work.official_lang,married,single.detached.house,non.movers
69878,933,a45_49,f,ao_esao_Chinese,no.official_lang,work.no.official_lang,divorced,apartment,other.movers
748172,933,a70_74,f,eo_weo_German,official_lang,work.no.official_lang,no.married,apartment,non.movers
634101,933,a60_64,m,ao_sao_ei,official_lang,work.official_lang,widowed,single.detached.house,non.movers
895444,933,a25_29,f,oo,official_lang,work.official_lang,married,apartment,external.movers
854656,933,a45_49,f,ao_esao_Chinese,official_lang,work.no.official_lang,married,single.detached.house,non.movers
52958,933,a5_9,m,ao_esao_Chinese,no.official_lang,work.no.official_lang,no.married,other.attached,non.movers
287617,933,a75_79,m,eo_weo_German,official_lang,work.official_lang,married,single.detached.house,non.movers
207830,933,a35_39,m,ao_sao_ei,official_lang,work.official_lang,married,other.attached,non.movers
267117,933,a30_34,m,ao_sao_ei,official_lang,work.official_lang,no.married,other.attached,non.movers
342661,933,a75_79,m,eo_bio_Scottish,official_lang,work.no.official_lang,married,apartment,non.movers
860168,933,a10_14,f,ao_wcameo,official_lang,work.no.official_lang,no.married,other.attached,non.movers
676452,933,a80_84,f,eo_weo_Dutch,official_lang,work.no.official_lang,divorced,other.attached,non.movers
132638,933,a20_24,m,naao,official_lang,work.official_lang,no.married,other.attached,interprovincial.movers
20664,933,a45_49,m,onao_Canadian,official_lang,work.official_lang,married,single.detached.house,non.movers
658056,933,a50_54,m,ao_sao_ei,official_lang,work.official_lang,married,other.attached,non.movers
534420,933,a30_34,f,ao_esao_Chinese,official_lang,work.official_lang,married,other.attached,other.movers
107025,933,a70_74,m,ao_esao_Filipino,official_lang,work.official_lang,married,apartment,non.movers
791417,933,a25_29,m,ao_esao_Chinese,official_lang,work.official_lang,no.married,other.attached,non.movers
651901,933,a65_69,f,lcsao,official_lang,work.no.official_lang,widowed,other.attached,non.movers
385859,933,a65_69,f,ao_esao_Chinese,no.official_lang,work.no.official_lang,married,other.attached,non.movers
823658,933,a15_19,m,ao_esao_Chinese,official_lang,work.no.official_lang,no.married,apartment,other.movers
491271,933,a10_14,f,ao_esao_Chinese,official_lang,work.no.official_lang,no.married,single.detached.house,other.movers
205528,933,a85_,f,eo_weo_German,official_lang,work.no.official_lang,married,apartment,non.movers
308904,933,a70_74,f,ao_sao_ei,official_lang,work.no.official_lang,married,single.detached.house,non.movers
839949,933,a0_4,f,ao_esao_Chinese,official_lang,work.no.official_lang,no.married,other.attached,non.movers
693062,933,a85_,f,ao_sao_ei,no.official_lang,work.no.official_lang,widowed,apartment,other.movers
225505,933,a75_79,m,ao_sao_ei,official_lang,work.no.official_lang,married,apartment,non.movers
338806,933,a60_64,m,ao_sao_ei,official_lang,work.no.official_lang,married,single.detached.house,non.movers
836750,933,a5_9,m,ao_esao_Filipino,official_lang,work.no.official_lang,no.married,apartment,other.movers
200191,933,a20_24,f,ao_sao_ei,official_lang,work.official_lang,no.married,apartment,other.movers
396102,933,a40_44,f,onao_Canadian,official_lang,work.no.official_lang,separated,single.detached.house,nonmigrants.movers
473763,933,a20_24,f,naao,official_lang,work.official_lang,no.married,apartment,nonmigrants.movers
73086,933,a15_19,f,onao_Canadian,official_lang,work.no.official_lang,no.married,other.attached,non.movers
732459,933,a85_,f,eo_bio_English,official_lang,work.no.official_lang,widowed,other.attached,non.movers
405545,933,a55_59,f,ao_sao_ei,no.official_lang,work.no.official_lang,married,other.attached,non.movers
547442,933,a45_49,f,ao_sao_ei,official_lang,work.official_lang,married,apartment,non.movers
233198,933,a15_19,m,ao_esao_Chinese,no.official_lang,work.no.official_lang,no.married,other.attached,non.movers
835671,933,a40_44,m,ao_oesao,no.official_lang,work.no.official_lang,married,apartment,non.movers
51173,933,a10_14,m,oo,official_lang,work.no.official_lang,no.married,apartment,non.movers
704187,933,a70_74,f,ao_esao_Chinese,official_lang,work.no.official_lang,married,single.detached.house,non.movers
419951,933,a30_34,m,ao,official_lang,work.official_lang,no.married,other.attached,non.movers
47211,933,a75_79,f,eo_neo,official_lang,work.no.official_lang,married,other.attached,non.movers
610068,933,a25_29,f,ao_sao_ei,official_lang,work.official_lang,divorced,apartment,nonmigrants.movers
418780,933,a70_74,m,ao_esao_Chinese,no.official_lang,work.no.official_lang,married,single.detached.house,non.movers
687740,933,a0_4,m,ao_sao_ei,official_lang,work.no.official_lang,no.married,other.attached,non.movers
826576,933,a20_24,f,eo_bio_English,official_lang,work.official_lang,no.married,other.attached,non.movers
870998,933,a85_,m,ao_esao_Chinese,official_lang,work.no.official_lang,married,apartment,other.movers
424596,933,a55_59,f,eo_bio_English,official_lang,work.no.official_lang,married,other.attached,non.movers
913109,933,a60_64,f,ao_esao_Chinese,no.official_lang,work.no.official_lang,married,single.detached.house,non.movers
431418,933,a80_84,m,ao_sao_ei,no.official_lang,work.no.official_lang,married,apartment,other.movers
349654,933,a35_39,f,ao_oesao,official_lang,work.official_lang,married,other.attached,non.movers
693962,933,a60_64,f,ao_sao_ei,no.official_lang,work.official_lang,married,single.detached.house,non.movers
96522,933,a40_44,f,ao_esao_Chinese,official_lang,work.official_lang,married,other.attached,non.movers
854133,933,a20_24,f,naao,official_lang,work.official_lang,no.married,other.attached,non.movers
310508,933,a80_84,m,ao_oesao,official_lang,work.no.official_lang,married,single.detached.house,non.movers
563634,933,a20_24,m,ao,official_lang,work.official_lang,no.married,other.attached,non.movers
620767,933,a25_29,m,onao_Canadian,official_lang,work.official_lang,no.married,single.detached.house,nonmigrants.movers
648426,933,a25_29,m,ao_esao_Filipino,official_lang,work.official_lang,married,other.attached,interprovincial.movers
258268,933,a55_59,f,ao_esao_Filipino,official_lang,work.official_lang,married,other.attached,non.movers
726306,933,a55_59,f,onao_Canadian,official_lang,work.official_lang,no.married,other.attached,non.movers
706989,933,a30_34,m,ao_sao_ei,official_lang,work.official_lang,married,other.attached,non.movers
858691,933,a20_24,m,eo_seo_Portuguese,official_lang,work.official_lang,no.married,apartment,other.movers
790715,933,a25_29,f,eo_seo_Spanish,official_lang,work.official_lang,no.married,other.attached,non.movers
454328,933,a35_39,f,ao_esao_Filipino,official_lang,work.no.official_lang,married,apartment,non.movers
269872,933,a55_59,f,ao_esao_Chinese,official_lang,work.no.official_lang,married,other.attached,non.movers
568459,933,a60_64,m,eo_bio_Irish,official_lang,work.official_lang,married,other.attached,non.movers
869925,933,a25_29,m,ao_oesao,no.official_lang,work.official_lang,married,other.attached,non.movers
609043,933,a0_4,m,ao_sao_ei,official_lang,work.no.official_lang,no.married,apartment,other.movers
846564,933,a60_64,m,ao_esao_Chinese,no.official_lang,work.no.official_lang,married,apartment,non.movers
269312,933,a25_29,m,eo_bio_Scottish,official_lang,work.official_lang,no.married,apartment,other.movers
819688,933,a80_84,f,ao_sao_ei,official_lang,work.no.official_lang,married,other.attached,non.movers
799322,933,a35_39,f,eo_weo_German,official_lang,work.no.official_lang,married,single.detached.house,non.movers
27726,933,a45_49,m,ao_sao_ei,official_lang,work.official_lang,married,other.attached,nonmigrants.movers
756310,933,a75_79,f,eo_seo_Spanish,official_lang,work.no.official_lang,widowed,single.detached.house,non.movers
249120,933,a0_4,m,ao_sao_ei,official_lang,work.no.official_lang,no.married,other.attached,non.movers
809513,933,a70_74,m,eo_bio_Scottish,official_lang,work.no.official_lang,widowed,other.attached,non.movers
528180,933,a50_54,f,ao_oesao,official_lang,work.official_lang,divorced,apartment,non.movers
635652,933,a15_19,f,ao_osao,official_lang,work.no.official_lang,no.married,apartment,non.movers
318475,933,a40_44,m,eo_bio_English,official_lang,work.official_lang,divorced,other.attached,other.movers
165366,933,a85_,f,ao_sao_ei,official_lang,work.no.official_lang,married,single.detached.house,non.movers
229962,933,a50_54,m,ao_oesao,official_lang,work.official_lang,married,other.attached,non.movers
780157,933,a70_74,f,ao_sao_ei,no.official_lang,work.no.official_lang,widowed,apartment,non.movers
706496,933,a35_39,m,ao_sao_ei,official_lang,work.official_lang,married,other.attached,nonmigrants.movers
384624,933,a0_4,m,ao_esao_Filipino,official_lang,work.no.official_lang,no.married,other.attached,non.movers
739901,933,a85_,f,ao_esao_Chinese,no.official_lang,work.no.official_lang,widowed,apartment,non.movers
810939,933,a25_29,m,eo_seo_Spanish,official_lang,work.official_lang,married,other.attached,non.movers
472239,933,a45_49,m,ao_esao_Filipino,official_lang,work.official_lang,married,apartment,non.movers
291047,933,a35_39,m,ao_esao_Chinese,official_lang,work.official_lang,married,other.attached,non.movers
87740,933,a70_74,m,eo_bio_Scottish,official_lang,work.no.official_lang,married,apartment,interprovincial.movers
22229,933,a60_64,m,eo_bio_Irish,official_lang,work.official_lang,married,other.attached,non.movers
650093,933,a65_69,f,eo_eeo_Russian,official_lang,work.official_lang,widowed,apartment,nonmigrants.movers
260380,933,a70_74,f,eo_oeeo,no.official_lang,work.no.official_lang,widowed,apartment,non.movers
460763,933,a60_64,f,ao_osao,no.official_lang,work.no.official_lang,widowed,other.attached,nonmigrants.movers
771009,933,a50_54,m,ao_esao_Chinese,no.official_lang,work.no.official_lang,married,other.attached,non.movers
735451,933,a65_69,f,ao_esao_Filipino,official_lang,work.no.official_lang,widowed,other.attached,non.movers
929975,933,a70_74,m,ao_sao_ei,official_lang,work.official_lang,married,apartment,non.movers
862467,933,a80_84,m,ao_esao_Chinese,no.official_lang,work.no.official_lang,married,other.attached,external.movers
824195,933,a75_79,f,ao_esao_Chinese,no.official_lang,work.no.official_lang,married,apartment,non.movers
26278,933,a35_39,f,ao_sao_ei,official_lang,work.official_lang,married,apartment,non.movers
538847,933,a65_69,f,ao_sao_ei,no.official_lang,work.no.official_lang,married,apartment,non.movers
543435,933,a60_64,f,ao_esao_Chinese,no.official_lang,work.no.official_lang,married,apartment,other.movers
104238,933,a25_29,m,ao_esao_Filipino,official_lang,work.official_lang,no.married,other.attached,other.movers
609486,933,a75_79,m,eo_bio_English,official_lang,work.no.official_lang,widowed,other.attached,non.movers
567931,933,a10_14,m,ao_sao_ei,official_lang,work.no.official_lang,no.married,apartment,non.movers
441344,933,a10_14,f,ao_sao_ei,official_lang,work.no.official_lang,no.married,other.attached,non.movers
123612,933,a15_19,m,ao_sao_ei,official_lang,work.official_lang,no.married,apartment,non.movers
220377,933,a45_49,m,ao_osao,official_lang,work.official_lang,married,other.attached,non.movers
370884,933,a0_4,m,ao_sao_ei,official_lang,work.no.official_lang,no.married,apartment,interprovincial.movers
540818,933,a55_59,m,eo_weo_German,official_lang,work.official_lang,married,apartment,non.movers
383729,933,a10_14,m,onao_Canadian,official_lang,work.no.official_lang,no.married,single.detached.house,non.movers
543435,933,a60_64,f,ao_esao_Chinese,no.official_lang,work.no.official_lang,married,apartment,other.movers
562085,933,a40_44,m,eo_bio_English,official_lang,work.official_lang,no.married,other.attached,non.movers
57210,933,a65_69,m,eo_bio_English,official_lang,work.official_lang,divorced,single.detached.house,non.movers
818414,933,a50_54,m,ao_sao_ei,official_lang,work.official_lang,married,apartment,non.movers
104790,933,a85_,f,eo_bio_Scottish,official_lang,work.no.official_lang,widowed,apartment,non.movers
196811,933,a55_59,f,eo_fo,official_lang,work.official_lang,divorced,apartment,non.movers
614652,933,a75_79,f,onao_Canadian,official_lang,work.no.official_lang,married,apartment,other.movers
82805,933,a60_64,m,ao_oesao,official_lang,work.no.official_lang,married,single.detached.house,non.movers
773268,933,a45_49,m,ao_esao_Chinese,official_lang,work.official_lang,married,other.attached,non.movers
927548,933,a35_39,m,ao_sao_ei,official_lang,work.official_lang,married,other.attached,non.movers
553226,933,a25_29,m,eo_bio_Scottish,official_lang,work.official_lang,no.married,apartment,non.movers
344009,933,a35_39,f,ao_esao_Filipino,official_lang,work.official_lang,married,apartment,non.movers
337397,933,a45_49,m,ao_esao_Chinese,official_lang,work.official_lang,married,other.attached,non.movers
274088,933,a15_19,f,ao_osao,official_lang,work.no.official_lang,no.married,other.attached,non.movers
370064,933,a30_34,m,ao_wcameo,official_lang,work.official_lang,married,other.attached,interprovincial.movers
842465,933,a80_84,f,eo_eeo_Ukrainian,official_lang,work.no.official_lang,married,single.detached.house,non.movers
861743,933,a55_59,m,ao_sao_ei,official_lang,work.no.official_lang,married,single.detached.house,nonmigrants.movers
97572,933,a80_84,m,ao_sao_ei,no.official_lang,work.no.official_lang,married,single.detached.house,external.movers
25161,933,a0_4,f,onao_Canadian,official_lang,work.no.official_lang,no.married,other.attached,other.movers
751296,933,a70_74,m,ao_esao_Chinese,no.official_lang,work.no.official_lang,married,apartment,nonmigrants.movers
614787,933,a85_,f,ao_sao_ei,no.official_lang,work.no.official_lang,married,single.detached.house,non.movers
611084,933,a75_79,f,ao_sao_ei,official_lang,work.no.official_lang,married,other.attached,non.movers
694284,933,a25_29,f,eo_bio_Irish,official_lang,work.official_lang,no.married,other.attached,non.movers
643971,933,a50_54,m,ao_esao_Chinese,official_lang,work.official_lang,married,other.attached,non.movers
702237,933,a60_64,f,eo_eeo_Polish,official_lang,work.official_lang,married,other.attached,other.movers
196426,933,a0_4,f,ao_esao_Chinese,no.official_lang,work.no.official_lang,no.married,other.attached,non.movers
64362,933,a75_79,m,eo_oeeo,official_lang,work.no.official_lang,married,single.detached.house,non.movers
87799,933,a85_,m,eo_seo_Portuguese,official_lang,work.no.official_lang,married,apartment,non.movers
809441,933,a20_24,m,ao_esao_Chinese,official_lang,work.no.official_lang,no.married,single.detached.house,non.movers
592273,933,a85_,m,ao_oesao,no.official_lang,work.no.official_lang,married,apartment,non.movers
720893,933,a75_79,m,ao_wcameo,official_lang,work.no.official_lang,divorced,apartment,non.movers
484327,933,a10_14,m,ao_esao_Chinese,official_lang,work.no.official_lang,no.married,other.attached,non.movers
236406,933,a35_39,f,ao_esao_Chinese,no.official_lang,work.no.official_lang,married,apartment,non.movers
138126,933,a5_9,f,ao_sao_ei,official_lang,work.no.official_lang,no.married,apartment,non.movers
806679,933,a45_49,m,ao_esao_Chinese,official_lang,work.no.official_lang,married,other.attached,non.movers
928108,933,a50_54,m,eo_fo,official_lang,work.official_lang,married,other.attached,non.movers
632928,933,a10_14,m,ao_esao_Chinese,no.official_lang,work.no.official_lang,no.married,other.attached,external.movers
423386,933,a45_49,f,ao_wcameo,official_lang,work.official_lang,married,single.detached.house,non.movers
269486,933,a60_64,f,onao_Canadian,official_lang,work.official_lang,divorced,single.detached.house,non.movers
808803,933,a0_4,f,ao_osao,no.official_lang,work.no.official_lang,no.married,single.detached.house,external.movers
904752,933,a80_84,m,eo_weo_German,official_lang,work.no.official_lang,married,apartment,non.movers
411746,933,a0_4,f,lcsao,official_lang,work.no.official_lang,no.married,other.attached,other.movers
498532,933,a55_59,f,eo_bio_Scottish,official_lang,work.official_lang,divorced,other.attached,non.movers
614500,933,a5_9,f,onao_Canadian,official_lang,work.no.official_lang,no.married,other.attached,non.movers
101436,933,a50_54,m,eo_neo,official_lang,work.official_lang,living.common.law,other.attached,non.movers
593021,933,a40_44,f,ao_esao_Filipino,official_lang,work.official_lang,married,other.attached,other.movers
447613,933,a5_9,f,ao_wcameo,official_lang,work.no.official_lang,no.married,apartment,nonmigrants.movers
515852,933,a85_,f,ao_osao,no.official_lang,work.no.official_lang,widowed,apartment,non.movers
464975,933,a70_74,f,eo_bio_Scottish,official_lang,work.no.official_lang,married,apartment,other.movers
236460,933,a35_39,m,onao_Canadian,official_lang,work.official_lang,no.married,other.attached,interprovincial.movers
658436,933,a70_74,m,ao_sao_ei,official_lang,work.no.official_lang,no.married,single.detached.house,non.movers
332018,933,a35_39,f,onao_Canadian,official_lang,work.official_lang,married,other.attached,non.movers
493144,933,a35_39,f,ao_sao_ei,official_lang,work.official_lang,married,single.detached.house,non.movers
642691,933,a75_79,f,ao_esao_Chinese,official_lang,work.no.official_lang,married,other.attached,external.movers
400676,933,a30_34,f,eo_oeeo,official_lang,work.official_lang,married,other.attached,other.movers
386944,933,a45_49,f,ao_esao_Chinese,no.official_lang,work.no.official_lang,married,single.detached.house,non.movers
841906,933,a85_,f,eo_bio_English,official_lang,work.no.official_lang,married,other.attached,non.movers
132326,933,a5_9,m,eo_seo_Italian,official_lang,work.no.official_lang,no.married,other.attached,non.movers
315289,933,a75_79,m,ao_esao_Chinese,no.official_lang,work.no.official_lang,married,other.attached,non.movers
757575,933,a50_54,m,ao_esao_Chinese,official_lang,work.no.official_lang,married,other.attached,external.movers
877495,933,a70_74,m,ao_oesao,no.official_lang,work.no.official_lang,married,apartment,non.movers
255041,933,a45_49,f,ao_oesao,official_lang,work.no.official_lang,no.married,other.attached,non.movers
727360,933,a70_74,f,eo_fo,official_lang,work.no.official_lang,married,apartment,nonmigrants.movers
696442,933,a85_,f,eo_weo_German,official_lang,work.no.official_lang,married,single.detached.house,non.movers
576071,933,a45_49,f,ao_sao_ei,official_lang,work.official_lang,widowed,other.attached,non.movers
201137,933,a0_4,f,naao,official_lang,work.no.official_lang,no.married,other.attached,other.movers
276123,933,a10_14,m,onao_Canadian,official_lang,work.no.official_lang,no.married,other.attached,non.movers
420708,933,a0_4,m,naao,official_lang,work.no.official_lang,no.married,other.attached,non.movers
146397,933,a25_29,m,ao_esao_Chinese,no.official_lang,work.no.official_lang,married,apartment,non.movers
92925,933,a15_19,m,eo_bio_Irish,official_lang,work.official_lang,no.married,other.attached,non.movers
442569,933,a30_34,m,onao_Canadian,official_lang,work.official_lang,no.married,single.detached.house,non.movers
316227,933,a70_74,m,eo_oeeo,official_lang,work.official_lang,married,other.attached,non.movers
55373,933,a35_39,m,ao_esao_Chinese,no.official_lang,work.no.official_lang,married,apartment,non.movers
263646,933,a50_54,m,ao_sao_ei,official_lang,work.official_lang,married,apartment,non.movers
758965,933,a35_39,f,ao_sao_ei,official_lang,work.official_lang,married,other.attached,non.movers
13466,933,a5_9,m,eo_seo_Italian,official_lang,work.no.official_lang,no.married,other.attached,interprovincial.movers
919625,933,a55_59,m,ao_esao_Chinese,no.official_lang,work.no.official_lang,married,other.attached,non.movers
201243,933,a65_69,f,eo_neo,official_lang,work.no.official_lang,divorced,apartment,non.movers
697694,933,a30_34,f,ao_sao_ei,no.official_lang,work.no.official_lang,married,apartment,non.movers
142290,933,a60_64,m,eo_weo_German,official_lang,work.no.official_lang,married,single.detached.house,non.movers
156006,933,a85_,f,ao_sao_ei,official_lang,work.no.official_lang,widowed,apartment,non.movers
131742,933,a65_69,f,ao_sao_ei,no.official_lang,work.no.official_lang,married,other.attached,non.movers
376809,933,a40_44,f,ao_sao_ei,no.official_lang,work.official_lang,married,apartment,non.movers
370477,933,a45_49,f,ao_sao_ei,no.official_lang,work.official_lang,married,apartment,non.movers
577474,933,a5_9,m,ao_sao_ei,official_lang,work.no.official_lang,no.married,single.detached.house,nonmigrants.movers
332149,933,a0_4,f,ao_esao_Filipino,official_lang,work.no.official_lang,no.married,apartment,other.movers
351778,933,a70_74,f,naao,official_lang,work.no.official_lang,divorced,single.detached.house,non.movers
346786,933,a0_4,m,eo_seo_Portuguese,official_lang,work.no.official_lang,no.married,other.attached,other.movers
350236,933,a15_19,f,ao_sao_ei,official_lang,work.official_lang,no.married,other.attached,non.movers
528540,933,a5_9,m,ao_sao_ei,official_lang,work.no.official_lang,no.married,single.detached.house,non.movers
686113,933,a85_,f,ao_esao_Chinese,no.official_lang,work.no.official_lang,separated,single.detached.house,non.movers
783530,933,a55_59,f,ao_sao_ei,no.official_lang,work.no.official_lang,widowed,apartment,non.movers
375202,933,a45_49,m,ao_sao_ei,official_lang,work.official_lang,married,apartment,non.movers
383255,933,a65_69,f,ao_sao_ei,official_lang,work.no.official_lang,married,apartment,non.movers
319150,933,a80_84,f,ao_esao_Chinese,no.official_lang,work.no.official_lang,widowed,other.attached,non.movers
417256,933,a15_19,m,ao_osao,official_lang,work.no.official_lang,no.married,apartment,non.movers
410518,933,a20_24,m,eo_fo,official_lang,work.official_lang,living.common.law,apartment,other.movers
66388,933,a65_69,f,ao_sao_ei,official_lang,work.no.official_lang,widowed,single.detached.house,non.movers
851250,933,a5_9,m,eo_eeo_Russian,official_lang,work.no.official_lang,no.married,other.attached,non.movers
467214,933,a50_54,f,ao_osao,official_lang,work.no.official_lang,no.married,apartment,non.movers
621544,933,a40_44,m,ao_esao_Chinese,no.official_lang,work.no.official_lang,divorced,other.attached,non.movers
855085,933,a0_4,m,ao_esao_Chinese,no.official_lang,work.no.official_lang,no.married,apartment,non.movers
121372,933,a55_59,f,eo_weo_German,official_lang,work.official_lang,separated,single.detached.house,other.movers
253455,933,a75_79,f,eo_neo,official_lang,work.no.official_lang,married,single.detached.house,non.movers
738876,933,a85_,f,ao_oesao,no.official_lang,work.no.official_lang,separated,apartment,non.movers
415242,933,a70_74,f,ao_sao_ei,no.official_lang,work.no.official_lang,married,single.detached.house,external.movers
579577,933,a85_,m,eo_eeo_Ukrainian,official_lang,work.no.official_lang,married,other.attached,non.movers
567607,933,a30_34,m,ao_sao_ei,official_lang,work.official_lang,married,apartment,interprovincial.movers
21391,933,a70_74,m,ao_sao_ei,official_lang,work.no.official_lang,married,other.attached,non.movers
735492,933,a15_19,m,lcsao,official_lang,work.official_lang,no.married,other.attached,other.movers
132010,933,a75_79,f,eo_weo_German,official_lang,work.official_lang,divorced,other.attached,non.movers
272379,933,a50_54,m,eo_weo_Dutch,official_lang,work.official_lang,married,other.attached,non.movers
589619,933,a30_34,m,ao_sao_ei,official_lang,work.official_lang,married,apartment,non.movers
908987,933,a10_14,f,ao_sao_ei,official_lang,work.no.official_lang,no.married,apartment,non.movers
724710,933,a0_4,f,ao_sao_ei,no.official_lang,work.no.official_lang,no.married,apartment,nonmigrants.movers
734586,933,a10_14,m,ao_esao_Filipino,official_lang,work.no.official_lang,no.married,other.attached,non.movers
200191,933,a20_24,f,ao_sao_ei,official_lang,work.official_lang,no.married,apartment,other.movers
298520,933,a20_24,f,ao_osao,official_lang,work.official_lang,no.married,apartment,non.movers
50530,933,a45_49,f,eo_obio,official_lang,work.official_lang,married,other.attached,non.movers
657283,933,a65_69,m,eo_bio_English,official_lang,work.no.official_lang,married,other.attached,non.movers
205528,933,a85_,f,eo_weo_German,official_lang,work.no.official_lang,married,apartment,non.movers
450555,933,a20_24,m,ao_wcameo,official_lang,work.official_lang,no.married,other.attached,non.movers
464990,933,a85_,f,ao_esao_Chinese,no.official_lang,work.no.official_lang,widowed,other.attached,non.movers
812336,933,a5_9,f,ao_esao_Chinese,no.official_lang,work.no.official_lang,no.married,other.attached,non.movers
845018,933,a60_64,f,ao_sao_ei,no.official_lang,work.no.official_lang,married,apartment,non.movers
475357,933,a20_24,f,ao_wcameo,official_lang,work.no.official_lang,no.married,other.attached,non.movers
663895,933,a10_14,f,ao_sao_ei,official_lang,work.no.official_lang,no.married,single.detached.house,non.movers
390186,933,a5_9,m,ao_sao_ei,official_lang,work.no.official_lang,no.married,other.attached,other.movers
629172,933,a15_19,f,ao_esao_Filipino,official_lang,work.official_lang,no.married,apartment,non.movers
391382,933,a0_4,m,ao_osao,no.official_lang,work.no.official_lang,no.married,apartment,nonmigrants.movers
335603,933,a20_24,m,ao_sao_ei,official_lang,work.no.official_lang,no.married,apartment,nonmigrants.movers
45034,933,a60_64,f,ao_sao_ei,no.official_lang,work.no.official_lang,widowed,apartment,nonmigrants.movers
134674,933,a35_39,f,ao_sao_ei,official_lang,work.official_lang,divorced,apartment,non.movers
222251,933,a5_9,m,ao_osao,official_lang,work.no.official_lang,no.married,other.attached,non.movers
571518,933,a60_64,m,ao_oesao,no.official_lang,work.no.official_lang,married,apartment,non.movers
275817,933,a75_79,m,ao_sao_ei,no.official_lang,work.no.official_lang,widowed,apartment,non.movers
590921,933,a10_14,m,ao_sao_ei,official_lang,work.no.official_lang,no.married,apartment,non.movers
389099,933,a65_69,f,ao_esao_Chinese,no.official_lang,work.no.official_lang,married,other.attached,non.movers
891386,933,a85_,f,ao_oesao,no.official_lang,work.no.official_lang,widowed,apartment,non.movers
925938,933,a0_4,m,ao_sao_ei,official_lang,work.no.official_lang,no.married,apartment,non.movers
582649,933,a10_14,m,oo,official_lang,work.no.official_lang,no.married,other.attached,non.movers
611618,933,a50_54,f,ao_esao_Chinese,no.official_lang,work.no.official_lang,married,apartment,non.movers
490936,933,a20_24,f,ao_sao_ei,official_lang,work.official_lang,no.married,other.attached,other.movers
797564,933,a85_,f,ao_esao_Chinese,no.official_lang,work.no.official_lang,widowed,apartment,non.movers
667552,933,a45_49,f,ao_esao_Chinese,no.official_lang,work.no.official_lang,married,single.detached.house,non.movers
184435,933,a10_14,m,ao_sao_ei,official_lang,work.no.official_lang,no.married,single.detached.house,non.movers
308761,933,a85_,f,eo_bio_Irish,official_lang,work.no.official_lang,widowed,apartment,non.movers
500325,933,a65_69,f,eo_bio_Scottish,official_lang,work.no.official_lang,married,single.detached.house,non.movers
344445,933,a20_24,m,ao_esao_Chinese,official_lang,work.official_lang,no.married,apartment,nonmigrants.movers
722967,933,a0_4,f,ao_esao_Chinese,no.official_lang,work.no.official_lang,no.married,other.attached,other.movers
300131,933,a5_9,f,ao_sao_ei,official_lang,work.no.official_lang,no.married,other.attached,non.movers
731811,933,a35_39,f,ao_esao_Chinese,official_lang,work.no.official_lang,married,other.attached,other.movers
685227,933,a50_54,f,eo_weo_Dutch,official_lang,work.official_lang,married,other.attached,non.movers
658485,933,a45_49,f,ao_oesao,official_lang,work.official_lang,divorced,apartment,non.movers
454810,933,a45_49,m,ao_esao_Chinese,no.official_lang,work.no.official_lang,married,single.detached.house,non.movers
694835,933,a50_54,f,ao_esao_Chinese,no.official_lang,work.no.official_lang,married,apartment,non.movers
666049,933,a80_84,f,eo_fo,official_lang,work.no.official_lang,married,single.detached.house,non.movers
196794,933,a85_,f,ao_esao_Chinese,no.official_lang,work.no.official_lang,widowed,single.detached.house,non.movers
251542,933,a50_54,m,eo_bio_Scottish,official_lang,work.official_lang,married,single.detached.house,non.movers
191342,933,a25_29,m,naao,no.official_lang,work.no.official_lang,no.married,single.detached.house,non.movers
22963,933,a40_44,m,ao_sao_ei,official_lang,work.official_lang,married,apartment,non.movers
337088,933,a55_59,f,ao_sao_ei,official_lang,work.no.official_lang,married,apartment,non.movers
298377,933,a55_59,m,ao_esao_Chinese,official_lang,work.no.official_lang,married,single.detached.house,non.movers
365558,933,a75_79,f,eo_bio_Scottish,official_lang,work.no.official_lang,divorced,other.attached,non.movers
45664,933,a35_39,f,ao_esao_Filipino,official_lang,work.official_lang,no.married,apartment,non.movers
584129,933,a65_69,m,ao_esao_Chinese,official_lang,work.no.official_lang,married,single.detached.house,non.movers
140327,933,a35_39,f,ao_sao_ei,official_lang,work.official_lang,married,single.detached.house,non.movers
759462,933,a35_39,f,ao_sao_ei,official_lang,work.official_lang,married,single.detached.house,non.movers
420285,933,a55_59,m,ao_esao_Chinese,no.official_lang,work.no.official_lang,married,single.detached.house,non.movers
249504,933,a10_14,m,ao_esao_Filipino,official_lang,work.no.official_lang,no.married,other.attached,other.movers
897285,933,a0_4,f,ao_sao_ei,official_lang,work.no.official_lang,no.married,apartment,other.movers
203363,933,a15_19,m,ao_sao_ei,official_lang,work.no.official_lang,no.married,other.attached,other.movers
735157,933,a45_49,m,ao_sao_ei,official_lang,work.no.official_lang,married,apartment,non.movers
661038,933,a75_79,m,onao_Canadian,official_lang,work.no.official_lang,married,apartment,non.movers
445121,933,a15_19,f,ao_esao_Filipino,official_lang,work.official_lang,no.married,other.attached,non.movers
790765,933,a85_,m,ao_sao_ei,no.official_lang,work.no.official_lang,widowed,apartment,non.movers
357026,933,a80_84,m,ao_sao_ei,official_lang,work.no.official_lang,separated,apartment,non.movers
612542,933,a15_19,f,ao,official_lang,work.no.official_lang,no.married,other.attached,non.movers
331385,933,a40_44,f,ao_sao_ei,official_lang,work.official_lang,married,apartment,non.movers
