PPSORT,CMA,AGE,SEX,RACE,KOL,WORKLANG,MARST,DWEL,MOBL
424914,933,a0_4,f,eo_bio_English,official_lang,work.no.official_lang,no.married,single.detached.house,non.movers
543723,933,a60_64,m,eo_eeo_Ukrainian,official_lang,work.official_lang,separated,single.detached.house,non.movers
546021,933,a65_69,f,ao_esao_Filipino,official_lang,work.no.official_lang,divorced,apartment,non.movers
33168,933,a35_39,m,eo_fo,official_lang,work.official_lang,living.common.law,apartment,non.movers
257893,933,a10_14,f,eo_obio,official_lang,work.no.official_lang,no.married,other.attached,non.movers
720270,933,a20_24,f,ao_esao_Chinese,official_lang,work.official_lang,no.married,other.attached,non.movers
679026,933,a50_54,f,ao_esao_Chinese,official_lang,work.official_lang,divorced,apartment,non.movers
67545,933,a5_9,f,ao_esao_Chinese,official_lang,work.no.official_lang,no.married,apartment,non.movers
271137,933,a60_64,m,ao_esao_Filipino,official_lang,work.official_lang,widowed,other.attached,non.movers
191184,933,a60_64,m,eo_eeo_Ukrainian,official_lang,work.official_lang,married,apartment,non.movers
46582,933,a40_44,f,ao_sao_ei,official_lang,work.official_lang,married,apartment,non.movers
48718,933,a50_54,m,ao_esao_Chinese,official_lang,work.official_lang,married,apartment,non.movers
654180,933,a40_44,m,ao_esao_Filipino,official_lang,work.official_lang,married,other.attached,non.movers
799322,933,a35_39,f,eo_weo_German,official_lang,work.no.official_lang,married,single.detached.house,non.movers
400754,933,a65_69,m,eo_eeo_Polish,official_lang,work.no.official_lang,married,other.attached,non.movers
212951,933,a50_54,f,eo_neo,official_lang,work.official_lang,married,single.detached.house,non.movers
592401,933,a55_59,m,ao_esao_Chinese,no.official_lang,work.no.official_lang,married,single.detached.house,non.movers
515779,933,a35_39,m,ao_esao_Chinese,official_lang,work.official_lang,married,apartment,non.movers
299255,933,a20_24,m,eo_bio_Scottish,official_lang,work.official_lang,no.married,single.detached.house,non.movers
372984,933,a5_9,m,eo_weo_Dutch,official_lang,work.no.official_lang,no.married,single.detached.house,non.movers
467784,933,a35_39,f,onao_Canadian,official_lang,work.official_lang,separated,apartment,non.movers
405872,933,a50_54,m,eo_obio,official_lang,work.official_lang,living.common.law,single.detached.house,non.movers
299662,933,a55_59,m,ao_esao_Chinese,official_lang,work.official_lang,married,other.attached,non.movers
450932,933,a45_49,m,ao_oesao,no.official_lang,work.no.official_lang,married,apartment,non.movers
669423,933,a15_19,f,ao_sao_ei,official_lang,work.no.official_lang,no.married,other.attached,external.movers
242872,933,a20_24,f,ao_esao_Chinese,official_lang,work.official_lang,no.married,apartment,non.movers
211981,933,a45_49,m,eo_seo_Italian,official_lang,work.official_lang,no.married,apartment,non.movers
78562,933,a10_14,m,onao_Canadian,official_lang,work.no.official_lang,no.married,single.detached.house,non.movers
578872,933,a80_84,m,eo_weo_German,official_lang,work.no.official_lang,widowed,other.attached,non.movers
406690,933,a10_14,f,eo_oeeo,official_lang,work.no.official_lang,no.married,apartment,non.movers
855688,933,a35_39,f,ao_wcameo,official_lang,work.official_lang,married,apartment,non.movers
387727,933,a20_24,f,ao_esao_Chinese,official_lang,work.official_lang,no.married,apartment,non.movers
846095,933,a70_74,m,eo_oweo,official_lang,work.official_lang,married,single.detached.house,non.movers
747406,933,a40_44,m,eo_bio_Irish,official_lang,work.official_lang,married,other.attached,non.movers
137483,933,a30_34,f,ao_esao_Filipino,official_lang,work.official_lang,married,other.attached,non.movers
531526,933,a35_39,m,ao_oesao,official_lang,work.no.official_lang,married,apartment,non.movers
418925,933,a35_39,f,eo_seo_Italian,official_lang,work.official_lang,married,single.detached.house,non.movers
487914,933,a45_49,m,ao_esao_Filipino,official_lang,work.official_lang,married,apartment,non.movers
900486,933,a25_29,m,ao_esao_Chinese,official_lang,work.official_lang,living.common.law,apartment,non.movers
452830,933,a30_34,m,ao_esao_Filipino,official_lang,work.official_lang,married,other.attached,non.movers
431852,933,a40_44,f,lcsao,official_lang,work.official_lang,married,other.attached,non.movers
315284,933,a5_9,m,ao_esao_Chinese,official_lang,work.no.official_lang,no.married,single.detached.house,non.movers
591796,933,a40_44,f,ao_sao_ei,official_lang,work.no.official_lang,married,apartment,non.movers
802248,933,a50_54,f,eo_eeo_Polish,official_lang,work.official_lang,living.common.law,other.attached,non.movers
524763,933,a30_34,f,eo_eeo_Polish,official_lang,work.official_lang,married,apartment,non.movers
338397,933,a30_34,m,ao_oesao,official_lang,work.no.official_lang,no.married,apartment,non.movers
551325,933,a40_44,f,ao_esao_Chinese,official_lang,work.official_lang,married,other.attached,non.movers
203516,933,a5_9,m,ao_esao_Chinese,official_lang,work.no.official_lang,no.married,apartment,non.movers
124740,933,a85_,m,eo_eeo_Russian,official_lang,work.no.official_lang,married,single.detached.house,non.movers
876165,933,a15_19,f,ao_esao_Filipino,official_lang,work.official_lang,no.married,other.attached,non.movers
604194,933,a30_34,f,ao_esao_Chinese,official_lang,work.official_lang,married,apartment,non.movers
295501,933,a60_64,m,onao_Canadian,official_lang,work.no.official_lang,divorced,other.attached,non.movers
121831,933,a50_54,m,ao_oesao,official_lang,work.official_lang,married,apartment,other.movers
483946,933,a25_29,m,ao_oesao,official_lang,work.official_lang,no.married,other.attached,non.movers
542518,933,a0_4,m,ao_oesao,no.official_lang,work.no.official_lang,no.married,apartment,non.movers
150982,933,a10_14,m,ao_wcameo,official_lang,work.no.official_lang,no.married,apartment,non.movers
820,933,a70_74,f,eo_bio_English,official_lang,work.official_lang,divorced,other.attached,non.movers
163679,933,a25_29,f,eo_bio_English,official_lang,work.official_lang,married,single.detached.house,other.movers
369944,933,a0_4,f,ao_esao_Chinese,official_lang,work.no.official_lang,no.married,other.attached,non.movers
489964,933,a55_59,f,ao_esao_Filipino,official_lang,work.official_lang,no.married,apartment,non.movers
17457,933,a35_39,f,ao_esao_Chinese,official_lang,work.no.official_lang,married,other.attached,non.movers
219168,933,a30_34,f,ao_sao_ei,official_lang,work.official_lang,married,single.detached.house,non.movers
447944,933,a5_9,f,ao_esao_Filipino,official_lang,work.no.official_lang,no.married,other.attached,non.movers
629836,933,a15_19,m,onao_Canadian,official_lang,work.official_lang,no.married,single.detached.house,non.movers
531669,933,a45_49,f,ao_sao_ei,official_lang,work.no.official_lang,living.common.law,other.attached,non.movers
49239,933,a5_9,m,ao_esao_Chinese,official_lang,work.no.official_lang,no.married,other.attached,non.movers
912624,933,a5_9,f,onao_Canadian,official_lang,work.no.official_lang,no.married,other.attached,non.movers
716475,933,a10_14,f,ao_esao_Chinese,official_lang,work.no.official_lang,no.married,other.attached,non.movers
900597,933,a80_84,f,ao_esao_Chinese,official_lang,work.no.official_lang,married,apartment,non.movers
11326,933,a30_34,f,ao_esao_Chinese,official_lang,work.no.official_lang,married,apartment,interprovincial.movers
917300,933,a50_54,m,eo_weo_German,official_lang,work.official_lang,married,other.attached,non.movers
630674,933,a30_34,m,ao_esao_Chinese,official_lang,work.official_lang,no.married,apartment,non.movers
578642,933,a40_44,m,ao_esao_Chinese,official_lang,work.official_lang,married,apartment,non.movers
182258,933,a5_9,m,ao_esao_Chinese,official_lang,work.no.official_lang,no.married,single.detached.house,non.movers
422413,933,a20_24,f,lcsao,official_lang,work.official_lang,no.married,other.attached,non.movers
533241,933,a40_44,m,ao_oesao,official_lang,work.no.official_lang,married,apartment,non.movers
287558,933,a65_69,f,eo_bio_Scottish,official_lang,work.no.official_lang,married,single.detached.house,non.movers
867280,933,a75_79,m,eo_eeo_Ukrainian,official_lang,work.official_lang,married,single.detached.house,non.movers
445969,933,a65_69,f,ao_esao_Chinese,official_lang,work.no.official_lang,married,single.detached.house,non.movers
708921,933,a30_34,m,eo_neo,official_lang,work.official_lang,married,other.attached,non.movers
742173,933,a50_54,m,eo_weo_German,official_lang,work.official_lang,married,other.attached,non.movers
75435,933,a55_59,f,ao_esao_Chinese,official_lang,work.no.official_lang,married,other.attached,non.movers
452662,933,a30_34,m,ao_oesao,official_lang,work.official_lang,married,apartment,non.movers
443699,933,a0_4,m,oco,official_lang,work.no.official_lang,no.married,apartment,non.movers
435556,933,a35_39,m,eo_eeo_Polish,official_lang,work.no.official_lang,living.common.law,other.attached,non.movers
572376,933,a70_74,f,ao_esao_Chinese,official_lang,work.no.official_lang,married,apartment,non.movers
769484,933,a30_34,f,ao_esao_Chinese,official_lang,work.no.official_lang,married,other.attached,non.movers
183479,933,a45_49,m,eo_bio_English,official_lang,work.official_lang,no.married,apartment,non.movers
919850,933,a5_9,f,ao_sao_ei,official_lang,work.no.official_lang,no.married,single.detached.house,nonmigrants.movers
807730,933,a20_24,m,onao_Canadian,official_lang,work.official_lang,no.married,single.detached.house,non.movers
655090,933,a25_29,f,eo_oseo,official_lang,work.official_lang,no.married,other.attached,non.movers
533045,933,a35_39,f,onao_Canadian,official_lang,work.official_lang,married,single.detached.house,non.movers
323423,933,a50_54,m,eo_oeo,official_lang,work.official_lang,married,other.attached,non.movers
248777,933,a35_39,f,ao_oesao,official_lang,work.official_lang,no.married,apartment,non.movers
534741,933,a35_39,f,ao_esao_Chinese,official_lang,work.official_lang,married,apartment,non.movers
291392,933,a45_49,f,eo_seo_Italian,official_lang,work.official_lang,living.common.law,apartment,non.movers
759092,933,a45_49,f,ao_oesao,official_lang,work.no.official_lang,married,apartment,non.movers
522248,933,a0_4,m,ao_sao_ei,official_lang,work.no.official_lang,no.married,other.attached,other.movers
9182,933,a30_34,m,ao_esao_Chinese,official_lang,work.official_lang,no.married,apartment,non.movers
228705,933,a30_34,f,naao,official_lang,work.official_lang,no.married,apartment,non.movers
26447,933,a10_14,m,ao_oesao,official_lang,work.no.official_lang,no.married,other.attached,non.movers
795311,933,a0_4,f,onao_Canadian,official_lang,work.no.official_lang,no.married,other.attached,non.movers
885920,933,a35_39,f,eo_oeeo,official_lang,work.official_lang,married,other.attached,non.movers
603518,933,a50_54,m,ao_esao_Chinese,official_lang,work.official_lang,married,single.detached.house,non.movers
519430,933,a55_59,f,eo_bio_English,official_lang,work.official_lang,married,other.attached,non.movers
560962,933,a80_84,f,eo_weo_German,official_lang,work.no.official_lang,widowed,apartment,non.movers
201912,933,a75_79,f,eo_seo_Italian,official_lang,work.no.official_lang,divorced,other.attached,non.movers
177098,933,a50_54,m,ao_wcameo,official_lang,work.official_lang,no.married,apartment,non.movers
767053,933,a20_24,m,ao_sao_ei,official_lang,work.official_lang,no.married,apartment,non.movers
667547,933,a0_4,m,eo_eeo_Ukrainian,no.official_lang,work.no.official_lang,no.married,single.detached.house,other.movers
227071,933,a45_49,f,ao_esao_Chinese,official_lang,work.official_lang,married,other.attached,non.movers
628388,933,a30_34,m,ao,official_lang,work.official_lang,married,other.attached,non.movers
846122,933,a10_14,f,ao_sao_ei,official_lang,work.no.official_lang,no.married,other.attached,non.movers
204236,933,a5_9,m,ao_esao_Chinese,official_lang,work.no.official_lang,no.married,single.detached.house,non.movers
433374,933,a30_34,f,eo_weo_German,official_lang,work.official_lang,married,single.detached.house,non.movers
779195,933,a25_29,f,ao_sao_ei,official_lang,work.official_lang,married,single.detached.house,non.movers
133572,933,a10_14,f,ao_esao_Chinese,official_lang,work.no.official_lang,no.married,single.detached.house,non.movers
16355,933,a10_14,f,ao_esao_Filipino,official_lang,work.no.official_lang,no.married,other.attached,non.movers
785004,933,a15_19,f,ao_sao_ei,official_lang,work.no.official_lang,no.married,apartment,non.movers
113163,933,a30_34,m,ao_esao_Chinese,official_lang,work.official_lang,married,other.attached,non.movers
211483,933,a30_34,f,ao_esao_Filipino,official_lang,work.official_lang,married,other.attached,non.movers
656652,933,a60_64,f,ao_esao_Chinese,official_lang,work.no.official_lang,married,single.detached.house,non.movers
170228,933,a35_39,m,onao_Canadian,official_lang,work.official_lang,no.married,other.attached,nonmigrants.movers
105311,933,a5_9,m,ao_esao_Filipino,official_lang,work.no.official_lang,no.married,apartment,non.movers
635616,933,a45_49,m,ao_osao,official_lang,work.official_lang,married,other.attached,external.movers
449752,933,a65_69,m,ao_sao_ei,no.official_lang,work.no.official_lang,married,apartment,non.movers
312197,933,a0_4,m,ao_sao_ei,no.official_lang,work.no.official_lang,no.married,apartment,non.movers
201664,933,a0_4,m,ao_esao_Chinese,official_lang,work.no.official_lang,no.married,other.attached,non.movers
399098,933,a35_39,f,ao_esao_Chinese,no.official_lang,work.official_lang,no.married,apartment,non.movers
303477,933,a40_44,f,eo_seo_Italian,official_lang,work.official_lang,living.common.law,apartment,non.movers
386415,933,a40_44,f,lcsao,official_lang,work.official_lang,married,single.detached.house,non.movers
340873,933,a10_14,f,ao_esao_Chinese,official_lang,work.no.official_lang,no.married,apartment,non.movers
415343,933,a15_19,f,eo_seo_Spanish,official_lang,work.no.official_lang,no.married,other.attached,non.movers
535638,933,a0_4,m,ao_wcameo,official_lang,work.no.official_lang,no.married,apartment,other.movers
254865,933,a30_34,f,ao_esao_Chinese,official_lang,work.official_lang,no.married,apartment,non.movers
685354,933,a5_9,m,ao_esao_Chinese,official_lang,work.no.official_lang,no.married,other.attached,non.movers
316149,933,a30_34,f,ao_esao_Chinese,official_lang,work.official_lang,married,single.detached.house,non.movers
575125,933,a25_29,m,ao_esao_Chinese,official_lang,work.official_lang,no.married,apartment,non.movers
785870,933,a30_34,f,eo_bio_Scottish,official_lang,work.official_lang,married,other.attached,non.movers
660579,933,a15_19,m,ao_wcameo,official_lang,work.no.official_lang,no.married,single.detached.house,non.movers
726540,933,a40_44,m,ao_esao_Filipino,official_lang,work.official_lang,married,apartment,nonmigrants.movers
122356,933,a40_44,m,eo_oeeo,official_lang,work.official_lang,married,other.attached,non.movers
758825,933,a40_44,m,ao_esao_Filipino,official_lang,work.official_lang,married,other.attached,non.movers
37531,933,a55_59,f,ao_esao_Chinese,official_lang,work.official_lang,no.married,apartment,non.movers
378948,933,a55_59,f,eo_seo_Spanish,no.official_lang,work.no.official_lang,divorced,other.attached,non.movers
187031,933,a25_29,m,ao_oesao,official_lang,work.official_lang,no.married,apartment,non.movers
2959,933,a45_49,m,eo_eeo_Russian,official_lang,work.official_lang,living.common.law,other.attached,non.movers
179577,933,a40_44,m,ao_esao_Chinese,official_lang,work.official_lang,married,other.attached,non.movers
288558,933,a35_39,f,ao_oesao,official_lang,work.official_lang,no.married,other.attached,non.movers
390434,933,a5_9,f,ao_wcameo,official_lang,work.no.official_lang,no.married,other.attached,external.movers
895978,933,a30_34,m,ao_esao_Chinese,official_lang,work.official_lang,no.married,other.attached,non.movers
347536,933,a0_4,m,onao_Canadian,official_lang,work.no.official_lang,no.married,apartment,non.movers
742160,933,a75_79,f,eo_seo_Italian,official_lang,work.no.official_lang,married,single.detached.house,non.movers
22418,933,a40_44,f,eo_weo_German,official_lang,work.official_lang,married,other.attached,non.movers
362480,933,a40_44,m,eo_seo_Greek,official_lang,work.official_lang,married,other.attached,non.movers
246567,933,a35_39,m,ao_esao_Chinese,official_lang,work.no.official_lang,married,apartment,external.movers
388537,933,a75_79,f,eo_eeo_Russian,official_lang,work.no.official_lang,married,apartment,non.movers
395929,933,a45_49,m,eo_bio_Irish,official_lang,work.official_lang,divorced,apartment,non.movers
794309,933,a40_44,f,onao_Canadian,official_lang,work.official_lang,married,other.attached,non.movers
871075,933,a80_84,m,eo_eeo_Ukrainian,official_lang,work.no.official_lang,married,other.attached,non.movers
350676,933,a25_29,m,ao_oesao,official_lang,work.official_lang,no.married,apartment,non.movers
275591,933,a70_74,m,eo_bio_English,official_lang,work.official_lang,widowed,other.attached,non.movers
817958,933,a35_39,f,eo_bio_Irish,official_lang,work.official_lang,no.married,apartment,external.movers
79280,933,a40_44,f,ao_oesao,official_lang,work.official_lang,married,apartment,non.movers
243206,933,a5_9,f,ao_esao_Chinese,official_lang,work.no.official_lang,no.married,single.detached.house,nonmigrants.movers
571048,933,a35_39,m,onao_Canadian,official_lang,work.official_lang,no.married,apartment,non.movers
198036,933,a5_9,f,ao_wcameo,official_lang,work.no.official_lang,no.married,other.attached,non.movers
420732,933,a30_34,m,eo_eeo_Russian,official_lang,work.official_lang,married,other.attached,other.movers
157818,933,a75_79,f,eo_weo_German,official_lang,work.no.official_lang,married,other.attached,non.movers
641538,933,a55_59,m,eo_weo_German,official_lang,work.no.official_lang,living.common.law,single.detached.house,non.movers
166786,933,a45_49,m,ao_sao_ei,official_lang,work.official_lang,married,apartment,non.movers
548759,933,a40_44,m,eo_fo,official_lang,work.official_lang,living.common.law,other.attached,non.movers
386991,933,a30_34,f,eo_weo_Dutch,official_lang,work.official_lang,no.married,other.attached,non.movers
732561,933,a15_19,m,ao_oesao,official_lang,work.no.official_lang,no.married,other.attached,non.movers
912458,933,a5_9,m,naao,official_lang,work.no.official_lang,no.married,other.attached,non.movers
561425,933,a30_34,m,eo_fo,official_lang,work.official_lang,married,apartment,non.movers
415395,933,a30_34,f,eo_weo_Dutch,official_lang,work.official_lang,married,other.attached,non.movers
324530,933,a70_74,f,ao_esao_Chinese,no.official_lang,work.no.official_lang,married,apartment,non.movers
818574,933,a45_49,f,ao_esao_Chinese,official_lang,work.no.official_lang,married,apartment,non.movers
887703,933,a45_49,f,ao_esao_Chinese,official_lang,work.official_lang,no.married,apartment,non.movers
334299,933,a5_9,f,ao_sao_ei,official_lang,work.no.official_lang,no.married,apartment,non.movers
376551,933,a25_29,m,eo_bio_English,official_lang,work.official_lang,no.married,single.detached.house,non.movers
230438,933,a55_59,m,ao_esao_Chinese,official_lang,work.official_lang,married,single.detached.house,non.movers
655896,933,a55_59,m,ao_oesao,official_lang,work.no.official_lang,married,apartment,non.movers
368317,933,a65_69,m,ao_oesao,official_lang,work.no.official_lang,married,other.attached,non.movers
531897,933,a50_54,f,ao_oesao,official_lang,work.official_lang,married,apartment,non.movers
207768,933,a40_44,m,ao_sao_ei,official_lang,work.official_lang,married,other.attached,non.movers
539063,933,a30_34,m,lcsao,official_lang,work.official_lang,no.married,apartment,nonmigrants.movers
245031,933,a20_24,m,eo_bio_English,official_lang,work.official_lang,no.married,other.attached,non.movers
233058,933,a5_9,m,ao_esao_Chinese,official_lang,work.no.official_lang,no.married,single.detached.house,non.movers
96222,933,a0_4,m,eo_oseo,official_lang,work.no.official_lang,no.married,single.detached.house,non.movers
813832,933,a40_44,f,ao_wcameo,official_lang,work.official_lang,married,apartment,interprovincial.movers
163119,933,a55_59,f,eo_oseo,official_lang,work.official_lang,married,single.detached.house,non.movers
473440,933,a40_44,m,ao_wcameo,official_lang,work.official_lang,married,apartment,nonmigrants.movers
661054,933,a15_19,m,onao_Canadian,official_lang,work.official_lang,no.married,apartment,non.movers
433581,933,a55_59,f,eo_weo_German,official_lang,work.official_lang,divorced,other.attached,non.movers
816199,933,a35_39,m,ao_sao_ei,official_lang,work.official_lang,no.married,apartment,non.movers
449378,933,a60_64,f,lcsao,official_lang,work.official_lang,married,other.attached,non.movers
1779,933,a75_79,m,eo_bio_English,official_lang,work.no.official_lang,married,other.attached,non.movers
579292,933,a25_29,m,ao_oesao,official_lang,work.official_lang,no.married,apartment,non.movers
474887,933,a70_74,m,eo_bio_English,official_lang,work.no.official_lang,divorced,apartment,non.movers
96034,933,a65_69,m,ao_esao_Chinese,official_lang,work.no.official_lang,married,other.attached,non.movers
713635,933,a40_44,m,ao_oesao,official_lang,work.no.official_lang,divorced,apartment,non.movers
9107,933,a0_4,m,ao_oesao,official_lang,work.no.official_lang,no.married,other.attached,non.movers
732209,933,a55_59,f,eo_seo_Italian,official_lang,work.official_lang,married,apartment,non.movers
154129,933,a20_24,m,onao_Canadian,official_lang,work.official_lang,no.married,apartment,non.movers
450979,933,a40_44,m,eo_eeo_Polish,official_lang,work.official_lang,married,other.attached,non.movers
11738,933,a80_84,m,ao_esao_Chinese,official_lang,work.no.official_lang,married,single.detached.house,non.movers
526877,933,a0_4,f,ao_esao_Chinese,official_lang,work.no.official_lang,no.married,single.detached.house,non.movers
321614,933,a35_39,m,ao_esao_Chinese,official_lang,work.official_lang,married,other.attached,non.movers
86732,933,a30_34,f,onao_Canadian,official_lang,work.official_lang,married,apartment,non.movers
303183,933,a5_9,f,ao_sao_ei,official_lang,work.no.official_lang,no.married,apartment,nonmigrants.movers
626231,933,a45_49,m,ao,official_lang,work.no.official_lang,separated,other.attached,non.movers
413502,933,a15_19,m,ao_sao_ei,official_lang,work.official_lang,no.married,apartment,external.movers
421344,933,a70_74,m,ao_sao_ei,official_lang,work.no.official_lang,married,apartment,nonmigrants.movers
142588,933,a20_24,f,eo_seo_Spanish,official_lang,work.no.official_lang,married,apartment,non.movers
396003,933,a25_29,m,onao_Canadian,official_lang,work.official_lang,no.married,single.detached.house,non.movers
351233,933,a15_19,m,eo_seo_Italian,official_lang,work.no.official_lang,no.married,single.detached.house,non.movers
29806,933,a20_24,m,eo_seo_Italian,official_lang,work.official_lang,separated,single.detached.house,non.movers
858675,933,a35_39,m,ao_oesao,official_lang,work.official_lang,married,other.attached,non.movers
243843,933,a40_44,f,ao_sao_ei,official_lang,work.official_lang,married,apartment,non.movers
455905,933,a70_74,f,ao_esao_Chinese,no.official_lang,work.no.official_lang,married,apartment,non.movers
760875,933,a5_9,m,ao_esao_Filipino,official_lang,work.no.official_lang,no.married,other.attached,non.movers
199128,933,a45_49,f,ao_esao_Chinese,no.official_lang,work.no.official_lang,separated,single.detached.house,non.movers
783999,933,a70_74,f,ao_esao_Chinese,official_lang,work.no.official_lang,divorced,other.attached,non.movers
587153,933,a30_34,f,ao_esao_Chinese,official_lang,work.official_lang,living.common.law,apartment,other.movers
837659,933,a65_69,f,eo_obio,official_lang,work.no.official_lang,married,single.detached.house,non.movers
763838,933,a35_39,m,eo_bio_Irish,official_lang,work.official_lang,married,apartment,non.movers
758330,933,a40_44,f,ao_esao_Chinese,no.official_lang,work.no.official_lang,married,apartment,non.movers
598364,933,a35_39,m,eo_bio_Irish,official_lang,work.official_lang,no.married,apartment,non.movers
101995,933,a70_74,m,eo_bio_Scottish,official_lang,work.official_lang,married,apartment,non.movers
360595,933,a40_44,m,ao_esao_Chinese,no.official_lang,work.no.official_lang,married,apartment,non.movers
836804,933,a35_39,f,ao_esao_Chinese,official_lang,work.official_lang,married,apartment,non.movers
752754,933,a45_49,f,ao_esao_Chinese,official_lang,work.no.official_lang,married,single.detached.house,non.movers
599947,933,a35_39,f,lcsao,official_lang,work.no.official_lang,married,other.attached,non.movers
72169,933,a25_29,m,ao_sao_ei,official_lang,work.official_lang,no.married,other.attached,other.movers
727233,933,a75_79,f,eo_bio_Scottish,official_lang,work.no.official_lang,living.common.law,other.attached,non.movers
455901,933,a35_39,m,lcsao,official_lang,work.official_lang,married,apartment,non.movers
208586,933,a35_39,f,ao_oesao,official_lang,work.official_lang,married,apartment,non.movers
404002,933,a10_14,f,lcsao,official_lang,work.no.official_lang,no.married,other.attached,non.movers
895834,933,a5_9,f,ao_esao_Chinese,official_lang,work.no.official_lang,no.married,single.detached.house,non.movers
312713,933,a30_34,m,eo_bio_English,official_lang,work.official_lang,married,other.attached,non.movers
160627,933,a45_49,f,eo_bio_Irish,official_lang,work.official_lang,no.married,single.detached.house,non.movers
22206,933,a80_84,f,eo_weo_German,official_lang,work.no.official_lang,married,apartment,non.movers
705052,933,a80_84,m,ao_esao_Chinese,official_lang,work.no.official_lang,widowed,other.attached,non.movers
874101,933,a40_44,m,ao_sao_ei,official_lang,work.no.official_lang,divorced,other.attached,non.movers
30825,933,a5_9,m,onao_Canadian,official_lang,work.no.official_lang,no.married,other.attached,other.movers
778696,933,a55_59,f,ao_esao_Chinese,official_lang,work.official_lang,married,apartment,non.movers
220312,933,a50_54,m,oo,official_lang,work.official_lang,married,other.attached,non.movers
914759,933,a60_64,m,ao_esao_Chinese,official_lang,work.official_lang,married,apartment,non.movers
8394,933,a30_34,m,ao_esao_Chinese,official_lang,work.no.official_lang,no.married,apartment,non.movers
174583,933,a55_59,m,ao_esao_Chinese,official_lang,work.official_lang,married,other.attached,non.movers
61755,933,a35_39,m,ao_esao_Chinese,official_lang,work.official_lang,married,apartment,non.movers
386304,933,a45_49,m,lcsao,official_lang,work.official_lang,married,apartment,other.movers
266821,933,a25_29,m,onao_Canadian,official_lang,work.official_lang,no.married,single.detached.house,non.movers
886384,933,a0_4,f,ao_esao_Chinese,no.official_lang,work.no.official_lang,no.married,apartment,external.movers
894769,933,a45_49,m,ao_esao_Filipino,official_lang,work.no.official_lang,married,other.attached,nonmigrants.movers
33414,933,a30_34,m,ao_esao_Chinese,official_lang,work.official_lang,no.married,single.detached.house,nonmigrants.movers
105521,933,a40_44,m,eo_obio,official_lang,work.official_lang,married,other.attached,interprovincial.movers
243856,933,a65_69,m,ao_wcameo,official_lang,work.no.official_lang,married,apartment,non.movers
789455,933,a35_39,f,ao_oesao,official_lang,work.no.official_lang,married,single.detached.house,non.movers
622681,933,a35_39,f,onao_Canadian,official_lang,work.official_lang,living.common.law,single.detached.house,non.movers
835648,933,a65_69,m,eo_bio_Scottish,official_lang,work.no.official_lang,married,single.detached.house,non.movers
182675,933,a45_49,m,eo_obio,official_lang,work.official_lang,living.common.law,apartment,non.movers
291454,933,a45_49,m,naao,official_lang,work.official_lang,married,apartment,non.movers
695584,933,a10_14,m,naao,official_lang,work.no.official_lang,no.married,single.detached.house,non.movers
766388,933,a0_4,m,eo_weo_Dutch,official_lang,work.no.official_lang,no.married,apartment,non.movers
414287,933,a40_44,m,ao_sao_ei,official_lang,work.official_lang,married,apartment,non.movers
548019,933,a75_79,m,ao_oesao,official_lang,work.official_lang,widowed,single.detached.house,non.movers
3320,933,a25_29,m,ao_sao_ei,official_lang,work.official_lang,married,apartment,non.movers
818882,933,a40_44,m,ao_esao_Chinese,official_lang,work.official_lang,married,other.attached,non.movers
792604,933,a30_34,f,eo_oseo,official_lang,work.official_lang,no.married,apartment,non.movers
121982,933,a0_4,m,onao_Canadian,official_lang,work.no.official_lang,no.married,other.attached,non.movers
809513,933,a70_74,m,eo_bio_Scottish,official_lang,work.no.official_lang,widowed,other.attached,non.movers
502822,933,a5_9,f,ao_oesao,official_lang,work.no.official_lang,no.married,apartment,external.movers
823789,933,a15_19,f,ao_esao_Filipino,official_lang,work.official_lang,no.married,other.attached,non.movers
89460,933,a25_29,m,eo_weo_German,official_lang,work.official_lang,no.married,other.attached,non.movers
373077,933,a55_59,f,ao_esao_Chinese,no.official_lang,work.no.official_lang,divorced,other.attached,nonmigrants.movers
56819,933,a15_19,m,eo_bio_English,official_lang,work.official_lang,no.married,apartment,non.movers
300328,933,a35_39,f,lcsao,official_lang,work.official_lang,married,apartment,non.movers
316705,933,a70_74,m,eo_eeo_Polish,official_lang,work.no.official_lang,married,single.detached.house,non.movers
155126,933,a5_9,f,onao_Canadian,official_lang,work.no.official_lang,no.married,other.attached,non.movers
417276,933,a45_49,f,naao,official_lang,work.official_lang,separated,apartment,nonmigrants.movers
247185,933,a80_84,m,eo_neo,official_lang,work.no.official_lang,married,other.attached,non.movers
796753,933,a60_64,f,ao_oesao,no.official_lang,work.no.official_lang,married,apartment,non.movers
822728,933,a60_64,f,eo_eeo_Ukrainian,official_lang,work.official_lang,no.married,single.detached.house,non.movers
137134,933,a30_34,f,ao_esao_Chinese,official_lang,work.no.official_lang,no.married,other.attached,other.movers
394370,933,a45_49,m,eo_bio_Scottish,official_lang,work.official_lang,no.married,apartment,nonmigrants.movers
292111,933,a60_64,m,eo_fo,official_lang,work.official_lang,divorced,apartment,non.movers
465655,933,a55_59,f,ao_oesao,official_lang,work.no.official_lang,married,single.detached.house,non.movers
480559,933,a65_69,m,oco,official_lang,work.no.official_lang,no.married,apartment,non.movers
601673,933,a55_59,m,ao_esao_Chinese,official_lang,work.no.official_lang,married,other.attached,non.movers
9306,933,a30_34,m,ao_esao_Chinese,official_lang,work.official_lang,married,other.attached,non.movers
245175,933,a0_4,m,ao_esao_Chinese,official_lang,work.no.official_lang,no.married,single.detached.house,non.movers
727051,933,a30_34,f,ao_wcameo,official_lang,work.no.official_lang,married,single.detached.house,non.movers
604223,933,a35_39,m,eo_oeeo,official_lang,work.official_lang,no.married,single.detached.house,non.movers
146201,933,a5_9,m,ao_sao_ei,official_lang,work.no.official_lang,no.married,apartment,nonmigrants.movers
252261,933,a35_39,m,ao_esao_Filipino,official_lang,work.official_lang,married,apartment,non.movers
468635,933,a55_59,m,ao_esao_Chinese,official_lang,work.official_lang,married,apartment,non.movers
910806,933,a50_54,m,ao_esao_Chinese,official_lang,work.no.official_lang,living.common.law,other.attached,external.movers
325884,933,a5_9,m,ao_osao,official_lang,work.no.official_lang,no.married,apartment,nonmigrants.movers
675637,933,a50_54,f,ao_esao_Chinese,official_lang,work.no.official_lang,living.common.law,single.detached.house,non.movers
406799,933,a30_34,m,ao_esao_Chinese,official_lang,work.official_lang,married,other.attached,non.movers
635477,933,a35_39,f,eo_neo,official_lang,work.no.official_lang,married,single.detached.house,non.movers
460222,933,a50_54,f,eo_eeo_Polish,official_lang,work.official_lang,married,other.attached,non.movers
754534,933,a10_14,f,naao,official_lang,work.no.official_lang,no.married,apartment,non.movers
902214,933,a35_39,m,ao_oesao,official_lang,work.official_lang,no.married,other.attached,non.movers
446102,933,a50_54,f,ao_sao_ei,official_lang,work.official_lang,married,apartment,non.movers
482559,933,a45_49,f,ao_esao_Chinese,official_lang,work.official_lang,separated,apartment,non.movers
29135,933,a5_9,m,ao,official_lang,work.no.official_lang,no.married,apartment,non.movers
758365,933,a15_19,m,eo_seo_Greek,official_lang,work.official_lang,no.married,apartment,nonmigrants.movers
847040,933,a5_9,m,ao,official_lang,work.no.official_lang,no.married,other.attached,non.movers
672947,933,a35_39,m,onao_Canadian,official_lang,work.official_lang,living.common.law,other.attached,non.movers
177166,933,a40_44,f,ao_esao_Chinese,official_lang,work.no.official_lang,married,apartment,non.movers
843332,933,a50_54,m,eo_neo,official_lang,work.official_lang,divorced,single.detached.house,non.movers
353093,933,a65_69,f,ao_sao_ei,official_lang,work.official_lang,married,single.detached.house,non.movers
278024,933,a0_4,f,ao_sao_ei,official_lang,work.no.official_lang,no.married,single.detached.house,non.movers
48544,933,a0_4,f,ao_esao_Chinese,official_lang,work.no.official_lang,no.married,other.attached,non.movers
774940,933,a55_59,m,ao_esao_Filipino,official_lang,work.official_lang,married,apartment,non.movers
831868,933,a0_4,f,onao_Canadian,official_lang,work.no.official_lang,no.married,apartment,non.movers
517233,933,a30_34,m,ao_wcameo,official_lang,work.official_lang,living.common.law,apartment,nonmigrants.movers
771292,933,a60_64,m,ao_esao_Chinese,no.official_lang,work.no.official_lang,married,apartment,non.movers
532426,933,a50_54,f,ao_esao_Chinese,official_lang,work.no.official_lang,married,other.attached,non.movers
263866,933,a35_39,f,eo_weo_Dutch,official_lang,work.official_lang,living.common.law,single.detached.house,non.movers
834123,933,a40_44,m,co_Jamaican,official_lang,work.official_lang,living.common.law,single.detached.house,non.movers
683936,933,a30_34,f,ao_esao_Chinese,official_lang,work.official_lang,living.common.law,single.detached.house,non.movers
146688,933,a50_54,m,ao_esao_Chinese,no.official_lang,work.no.official_lang,married,single.detached.house,external.movers
594619,933,a50_54,f,ao_sao_ei,official_lang,work.no.official_lang,married,apartment,non.movers
665062,933,a5_9,f,ao_esao_Filipino,official_lang,work.no.official_lang,no.married,other.attached,non.movers
81934,933,a35_39,f,ao_esao_Chinese,official_lang,work.no.official_lang,divorced,other.attached,non.movers
277439,933,a50_54,f,ao_esao_Chinese,official_lang,work.no.official_lang,married,other.attached,non.movers
261241,933,a45_49,m,ao_esao_Filipino,official_lang,work.official_lang,married,apartment,non.movers
894345,933,a0_4,m,ao_esao_Chinese,official_lang,work.no.official_lang,no.married,single.detached.house,non.movers
570013,933,a5_9,m,ao_esao_Chinese,official_lang,work.no.official_lang,no.married,other.attached,non.movers
926231,933,a30_34,m,ao_esao_Filipino,official_lang,work.official_lang,married,apartment,nonmigrants.movers
680629,933,a60_64,m,eo_bio_English,official_lang,work.official_lang,married,apartment,non.movers
860572,933,a0_4,m,ao_esao_Chinese,official_lang,work.no.official_lang,no.married,other.attached,non.movers
921909,933,a25_29,m,ao_oesao,official_lang,work.official_lang,no.married,apartment,non.movers
284624,933,a70_74,f,eo_weo_German,official_lang,work.official_lang,divorced,other.attached,non.movers
366948,933,a35_39,m,ao_esao_Chinese,official_lang,work.no.official_lang,no.married,single.detached.house,non.movers
643349,933,a60_64,m,eo_bio_Scottish,official_lang,work.no.official_lang,married,single.detached.house,non.movers
552205,933,a65_69,f,eo_eeo_Polish,official_lang,work.official_lang,divorced,apartment,non.movers
599203,933,a30_34,m,eo_seo_Spanish,official_lang,work.official_lang,living.common.law,apartment,non.movers
539967,933,a30_34,f,onao_Canadian,official_lang,work.official_lang,living.common.law,apartment,other.movers
108430,933,a35_39,f,ao_oesao,official_lang,work.no.official_lang,married,apartment,external.movers
306805,933,a45_49,m,eo_weo_German,official_lang,work.official_lang,living.common.law,other.attached,non.movers
401923,933,a5_9,m,ao_esao_Filipino,official_lang,work.no.official_lang,no.married,other.attached,non.movers
850897,933,a5_9,f,naao,official_lang,work.no.official_lang,no.married,other.attached,non.movers
299393,933,a60_64,m,ao_oesao,official_lang,work.no.official_lang,married,single.detached.house,non.movers
358988,933,a65_69,f,eo_seo_Spanish,official_lang,work.official_lang,living.common.law,apartment,other.movers
564780,933,a20_24,f,ao_esao_Chinese,official_lang,work.official_lang,no.married,other.attached,non.movers
594298,933,a15_19,f,ao_sao_ei,official_lang,work.no.official_lang,no.married,other.attached,non.movers
208380,933,a30_34,f,eo_eeo_Polish,official_lang,work.official_lang,married,apartment,nonmigrants.movers
554350,933,a40_44,f,ao_oesao,official_lang,work.official_lang,married,other.attached,non.movers
873132,933,a80_84,m,eo_weo_German,official_lang,work.no.official_lang,married,single.detached.house,non.movers
865146,933,a60_64,f,eo_bio_Scottish,official_lang,work.no.official_lang,divorced,apartment,nonmigrants.movers
855701,933,a20_24,f,ao_esao_Chinese,official_lang,work.no.official_lang,living.common.law,apartment,non.movers
445072,933,a45_49,f,onao,official_lang,work.official_lang,married,single.detached.house,non.movers
472659,933,a5_9,m,ao_oesao,official_lang,work.no.official_lang,no.married,other.attached,other.movers
786922,933,a50_54,f,ao_oesao,no.official_lang,work.no.official_lang,living.common.law,apartment,non.movers
183228,933,a40_44,f,ao_osao,official_lang,work.no.official_lang,married,apartment,non.movers
548996,933,a50_54,f,ao_esao_Chinese,no.official_lang,work.no.official_lang,divorced,other.attached,other.movers
465538,933,a40_44,f,eo_bio_English,official_lang,work.official_lang,married,single.detached.house,non.movers
118173,933,a60_64,m,eo_oseo,official_lang,work.official_lang,married,single.detached.house,non.movers
139622,933,a10_14,m,ao_esao_Chinese,official_lang,work.no.official_lang,no.married,single.detached.house,non.movers
322228,933,a15_19,m,ao_oesao,official_lang,work.no.official_lang,no.married,other.attached,non.movers
877598,933,a35_39,f,ao_oesao,official_lang,work.no.official_lang,married,apartment,non.movers
413009,933,a30_34,m,ao_esao_Chinese,official_lang,work.official_lang,married,other.attached,non.movers
876478,933,a20_24,f,ao_esao_Chinese,official_lang,work.official_lang,no.married,single.detached.house,non.movers
807689,933,a25_29,f,ao_esao_Chinese,official_lang,work.no.official_lang,no.married,single.detached.house,non.movers
158631,933,a55_59,f,eo_eeo_Polish,official_lang,work.official_lang,separated,other.attached,non.movers
797690,933,a0_4,m,ao_esao_Filipino,official_lang,work.no.official_lang,no.married,apartment,external.movers
44701,933,a55_59,m,ao_esao_Chinese,no.official_lang,work.no.official_lang,widowed,single.detached.house,non.movers
566380,933,a55_59,f,ao_esao_Filipino,official_lang,work.official_lang,separated,other.attached,non.movers
517480,933,a80_84,m,ao_esao_Chinese,no.official_lang,work.no.official_lang,married,apartment,non.movers
872400,933,a35_39,f,ao_oesao,official_lang,work.official_lang,married,other.attached,non.movers
841206,933,a15_19,f,ao_esao_Chinese,official_lang,work.no.official_lang,no.married,single.detached.house,non.movers
49133,933,a55_59,f,ao_esao_Chinese,official_lang,work.official_lang,divorced,single.detached.house,non.movers
926372,933,a40_44,m,ao_sao_ei,official_lang,work.official_lang,married,apartment,non.movers
820714,933,a25_29,m,ao_esao_Chinese,official_lang,work.official_lang,married,other.attached,non.movers
657941,933,a10_14,m,eo_eeo_Hungarian,official_lang,work.no.official_lang,no.married,other.attached,non.movers
543580,933,a45_49,m,ao_oesao,official_lang,work.no.official_lang,married,apartment,non.movers
313070,933,a60_64,m,eo_bio_English,official_lang,work.no.official_lang,married,apartment,non.movers
50461,933,a70_74,f,eo_bio_English,official_lang,work.no.official_lang,married,single.detached.house,non.movers
188253,933,a55_59,f,ao_oesao,official_lang,work.official_lang,married,apartment,non.movers
142935,933,a25_29,m,ao_esao_Chinese,official_lang,work.official_lang,married,apartment,non.movers
66538,933,a35_39,m,ao_esao_Chinese,official_lang,work.official_lang,married,single.detached.house,non.movers
63914,933,a20_24,m,ao_esao_Chinese,official_lang,work.official_lang,no.married,apartment,non.movers
885557,933,a35_39,f,ao_esao_Chinese,official_lang,work.official_lang,divorced,single.detached.house,non.movers
54695,933,a25_29,f,eo_bio_Irish,official_lang,work.official_lang,no.married,apartment,external.movers
619421,933,a35_39,m,ao_esao_Chinese,official_lang,work.official_lang,no.married,apartment,non.movers
481403,933,a45_49,m,ao_esao_Filipino,official_lang,work.official_lang,married,apartment,non.movers
328093,933,a55_59,f,onao_Canadian,official_lang,work.official_lang,married,single.detached.house,non.movers
300666,933,a50_54,m,onao_Canadian,official_lang,work.official_lang,married,other.attached,non.movers
773712,933,a30_34,f,onao_Canadian,official_lang,work.official_lang,married,apartment,nonmigrants.movers
335188,933,a0_4,m,ao_esao_Chinese,official_lang,work.no.official_lang,no.married,other.attached,non.movers
708104,933,a65_69,f,eo_weo_German,official_lang,work.no.official_lang,divorced,apartment,non.movers
303870,933,a40_44,m,ao,official_lang,work.official_lang,living.common.law,other.attached,non.movers
60203,933,a5_9,m,ao_sao_ei,official_lang,work.no.official_lang,no.married,single.detached.house,non.movers
432565,933,a50_54,f,eo_weo_Dutch,official_lang,work.official_lang,living.common.law,single.detached.house,non.movers
657990,933,a55_59,f,eo_fo,official_lang,work.official_lang,divorced,single.detached.house,non.movers
39774,933,a35_39,f,onao_Canadian,official_lang,work.no.official_lang,no.married,other.attached,non.movers
439476,933,a45_49,f,ao_esao_Chinese,official_lang,work.official_lang,married,apartment,non.movers
495450,933,a30_34,f,ao_esao_Chinese,no.official_lang,work.no.official_lang,married,apartment,non.movers
164234,933,a25_29,f,onao_Canadian,official_lang,work.official_lang,no.married,apartment,interprovincial.movers
754193,933,a40_44,m,ao_osao,official_lang,work.official_lang,married,single.detached.house,non.movers
427983,933,a25_29,m,eo_bio_English,official_lang,work.official_lang,living.common.law,apartment,nonmigrants.movers
137398,933,a50_54,f,eo_neo,official_lang,work.official_lang,married,other.attached,non.movers
154427,933,a15_19,m,ao_esao_Chinese,official_lang,work.official_lang,no.married,apartment,non.movers
275241,933,a30_34,f,ao_oesao,official_lang,work.official_lang,married,apartment,nonmigrants.movers
368049,933,a20_24,f,ao_esao_Filipino,official_lang,work.no.official_lang,no.married,other.attached,non.movers
143322,933,a55_59,m,ao_esao_Chinese,official_lang,work.official_lang,separated,other.attached,non.movers
784806,933,a70_74,f,eo_bio_English,official_lang,work.no.official_lang,married,single.detached.house,non.movers
658085,933,a45_49,m,eo_eeo_Hungarian,official_lang,work.official_lang,no.married,apartment,non.movers
890546,933,a55_59,m,ao_sao_ei,official_lang,work.official_lang,married,apartment,non.movers
518350,933,a0_4,f,ao_wcameo,official_lang,work.no.official_lang,no.married,other.attached,non.movers
424716,933,a30_34,m,eo_eeo_Polish,official_lang,work.official_lang,no.married,apartment,non.movers
804027,933,a0_4,m,ao_sao_ei,official_lang,work.no.official_lang,no.married,other.attached,non.movers
50121,933,a70_74,m,eo_eeo_Hungarian,official_lang,work.official_lang,married,apartment,non.movers
317414,933,a80_84,m,eo_bio_English,official_lang,work.no.official_lang,married,apartment,non.movers
142891,933,a80_84,m,eo_bio_English,official_lang,work.no.official_lang,divorced,apartment,other.movers
70696,933,a45_49,m,ao_esao_Chinese,official_lang,work.official_lang,living.common.law,single.detached.house,non.movers
63627,933,a30_34,m,ao_oesao,official_lang,work.official_lang,living.common.law,single.detached.house,non.movers
909594,933,a15_19,f,onao_Canadian,official_lang,work.no.official_lang,no.married,apartment,non.movers
801721,933,a40_44,m,ao_sao_ei,official_lang,work.official_lang,married,apartment,non.movers
830025,933,a45_49,m,eo_bio_English,official_lang,work.official_lang,married,other.attached,non.movers
473331,933,a55_59,f,onao_Canadian,official_lang,work.official_lang,no.married,apartment,non.movers
88914,933,a60_64,m,eo_eeo_Polish,official_lang,work.official_lang,divorced,single.detached.house,non.movers
143917,933,a35_39,f,onao_Canadian,official_lang,work.official_lang,married,apartment,non.movers
632761,933,a30_34,f,ao_esao_Chinese,official_lang,work.official_lang,married,apartment,non.movers
821248,933,a50_54,f,onao_Canadian,official_lang,work.official_lang,living.common.law,other.attached,non.movers
256383,933,a35_39,m,eo_seo_Portuguese,official_lang,work.official_lang,married,apartment,non.movers
353477,933,a45_49,m,ao_esao_Chinese,no.official_lang,work.official_lang,divorced,other.attached,other.movers
373708,933,a0_4,f,ao_esao_Chinese,no.official_lang,work.no.official_lang,no.married,apartment,non.movers
529721,933,a75_79,m,eo_weo_German,official_lang,work.no.official_lang,living.common.law,single.detached.house,non.movers
183762,933,a25_29,m,ao_esao_Chinese,official_lang,work.official_lang,no.married,apartment,non.movers
287372,933,a60_64,m,ao_esao_Filipino,official_lang,work.official_lang,married,other.attached,non.movers
715234,933,a35_39,f,ao_esao_Chinese,official_lang,work.official_lang,married,other.attached,non.movers
193908,933,a50_54,f,onao_Canadian,official_lang,work.no.official_lang,separated,apartment,non.movers
512210,933,a10_14,m,ao_oesao,official_lang,work.no.official_lang,no.married,other.attached,non.movers
309621,933,a30_34,m,lcsao,official_lang,work.official_lang,married,apartment,non.movers
29476,933,a20_24,f,ao_esao_Filipino,official_lang,work.official_lang,living.common.law,other.attached,nonmigrants.movers
634341,933,a70_74,f,eo_weo_German,official_lang,work.no.official_lang,married,other.attached,non.movers
584765,933,a40_44,f,ao_sao_ei,official_lang,work.no.official_lang,married,apartment,external.movers
287124,933,a45_49,m,ao_esao_Chinese,official_lang,work.no.official_lang,married,other.attached,non.movers
419951,933,a30_34,m,ao,official_lang,work.official_lang,no.married,other.attached,non.movers
744885,933,a15_19,m,ao_esao_Chinese,official_lang,work.no.official_lang,no.married,single.detached.house,non.movers
412130,933,a55_59,f,ao_esao_Filipino,official_lang,work.no.official_lang,married,other.attached,non.movers
8377,933,a35_39,m,eo_bio_Irish,official_lang,work.official_lang,married,apartment,non.movers
705309,933,a30_34,m,onao_Canadian,official_lang,work.official_lang,living.common.law,single.detached.house,non.movers
204486,933,a35_39,m,ao_esao_Chinese,official_lang,work.official_lang,married,apartment,non.movers
473670,933,a25_29,f,ao_esao_Chinese,official_lang,work.no.official_lang,no.married,apartment,interprovincial.movers
496491,933,a70_74,f,ao_esao_Chinese,no.official_lang,work.no.official_lang,married,other.attached,external.movers
204986,933,a45_49,m,eo_bio_Irish,official_lang,work.official_lang,married,other.attached,non.movers
569694,933,a15_19,m,eo_eeo_Russian,official_lang,work.no.official_lang,no.married,single.detached.house,non.movers
649389,933,a65_69,f,ao_esao_Chinese,no.official_lang,work.no.official_lang,married,other.attached,non.movers
245285,933,a15_19,m,ao_oesao,official_lang,work.official_lang,no.married,single.detached.house,non.movers
369417,933,a45_49,f,ao_esao_Chinese,official_lang,work.official_lang,living.common.law,single.detached.house,non.movers
586109,933,a35_39,m,eo_seo_Spanish,official_lang,work.official_lang,living.common.law,apartment,non.movers
706221,933,a40_44,f,ao_oesao,official_lang,work.official_lang,married,apartment,non.movers
87010,933,a0_4,m,ao_wcameo,official_lang,work.no.official_lang,no.married,apartment,non.movers
262654,933,a30_34,m,ao_wcameo,official_lang,work.official_lang,no.married,other.attached,non.movers
115532,933,a30_34,m,ao_wcameo,official_lang,work.official_lang,living.common.law,apartment,non.movers
396218,933,a55_59,m,ao_oesao,official_lang,work.official_lang,married,other.attached,non.movers
697083,933,a45_49,m,eo_oweo,official_lang,work.official_lang,married,other.attached,nonmigrants.movers
53863,933,a20_24,f,ao_esao_Chinese,official_lang,work.official_lang,no.married,single.detached.house,non.movers
738941,933,a40_44,f,ao_esao_Chinese,official_lang,work.official_lang,married,single.detached.house,non.movers
290189,933,a40_44,f,ao_esao_Chinese,official_lang,work.official_lang,married,apartment,non.movers
317755,933,a55_59,f,ao_esao_Chinese,official_lang,work.official_lang,married,single.detached.house,non.movers
834615,933,a35_39,m,ao_esao_Filipino,official_lang,work.official_lang,living.common.law,apartment,non.movers
521741,933,a80_84,m,ao_esao_Chinese,official_lang,work.no.official_lang,married,other.attached,non.movers
667777,933,a25_29,m,eo_oeeo,official_lang,work.official_lang,separated,apartment,other.movers
613848,933,a5_9,m,ao_esao_Filipino,official_lang,work.no.official_lang,no.married,apartment,non.movers
617974,933,a55_59,m,eo_neo,official_lang,work.official_lang,living.common.law,apartment,non.movers
258930,933,a80_84,f,eo_eeo_Polish,official_lang,work.official_lang,widowed,other.attached,non.movers
205869,933,a80_84,m,eo_weo_German,official_lang,work.no.official_lang,married,apartment,non.movers
415921,933,a35_39,m,eo_obio,official_lang,work.official_lang,no.married,apartment,non.movers
717336,933,a40_44,f,eo_bio_English,official_lang,work.official_lang,married,single.detached.house,nonmigrants.movers
215030,933,a45_49,f,eo_weo_Dutch,official_lang,work.official_lang,married,apartment,nonmigrants.movers
568290,933,a35_39,m,ao_wcameo,official_lang,work.official_lang,married,other.attached,non.movers
98866,933,a65_69,m,eo_bio_Irish,official_lang,work.official_lang,separated,apartment,non.movers
715637,933,a50_54,f,ao_wcameo,official_lang,work.official_lang,married,other.attached,non.movers
48808,933,a40_44,f,ao_esao_Chinese,official_lang,work.no.official_lang,divorced,single.detached.house,non.movers
547534,933,a50_54,f,ao_oesao,official_lang,work.no.official_lang,married,apartment,other.movers
721466,933,a40_44,m,ao_esao_Filipino,official_lang,work.official_lang,married,other.attached,non.movers
92380,933,a40_44,f,eo_bio_Scottish,official_lang,work.official_lang,living.common.law,single.detached.house,nonmigrants.movers
615252,933,a0_4,m,onao_Canadian,official_lang,work.no.official_lang,no.married,apartment,non.movers
265338,933,a80_84,m,eo_eeo_Polish,official_lang,work.no.official_lang,married,single.detached.house,non.movers
81210,933,a45_49,m,ao_esao_Chinese,official_lang,work.official_lang,living.common.law,apartment,non.movers
470854,933,a25_29,m,ao_esao_Chinese,official_lang,work.official_lang,no.married,other.attached,non.movers
323125,933,a45_49,f,lcsao,official_lang,work.official_lang,married,apartment,non.movers
43521,933,a40_44,f,naao,official_lang,work.no.official_lang,living.common.law,apartment,non.movers
285606,933,a30_34,m,ao_esao_Chinese,official_lang,work.no.official_lang,married,apartment,non.movers
524084,933,a25_29,m,eo_weo_Dutch,official_lang,work.official_lang,no.married,apartment,non.movers
351301,933,a35_39,f,ao_sao_ei,official_lang,work.official_lang,married,single.detached.house,non.movers
360170,933,a60_64,f,eo_eeo_Ukrainian,official_lang,work.official_lang,married,apartment,non.movers
613087,933,a30_34,m,onao_Canadian,official_lang,work.official_lang,no.married,single.detached.house,non.movers
420351,933,a55_59,m,ao_esao_Chinese,official_lang,work.official_lang,married,other.attached,non.movers
505861,933,a55_59,m,eo_weo_German,official_lang,work.official_lang,separated,other.attached,non.movers
329893,933,a60_64,f,ao_wcameo,official_lang,work.official_lang,separated,apartment,non.movers
259551,933,a35_39,f,ao_esao_Chinese,official_lang,work.no.official_lang,married,single.detached.house,non.movers
210829,933,a30_34,m,ao_esao_Chinese,official_lang,work.official_lang,married,single.detached.house,non.movers
465138,933,a40_44,f,onao_Canadian,official_lang,work.official_lang,no.married,apartment,non.movers
36234,933,a10_14,f,eo_bio_English,official_lang,work.no.official_lang,no.married,other.attached,non.movers
660751,933,a30_34,f,ao_esao_Chinese,official_lang,work.official_lang,living.common.law,apartment,non.movers
623844,933,a45_49,f,ao_osao,official_lang,work.official_lang,married,other.attached,non.movers
683605,933,a75_79,f,ao_esao_Chinese,official_lang,work.no.official_lang,married,apartment,non.movers
458792,933,a0_4,f,ao_esao_Chinese,official_lang,work.no.official_lang,no.married,single.detached.house,non.movers
765674,933,a50_54,f,ao_esao_Chinese,official_lang,work.official_lang,no.married,other.attached,non.movers
61321,933,a45_49,f,ao_esao_Chinese,no.official_lang,work.official_lang,married,apartment,non.movers
796115,933,a30_34,m,eo_oeeo,official_lang,work.official_lang,married,apartment,non.movers
288509,933,a55_59,f,eo_bio_Scottish,official_lang,work.official_lang,married,single.detached.house,non.movers
620281,933,a75_79,m,eo_weo_Dutch,official_lang,work.no.official_lang,divorced,apartment,non.movers
578642,933,a40_44,m,ao_esao_Chinese,official_lang,work.official_lang,married,apartment,non.movers
320687,933,a30_34,f,ao_oesao,official_lang,work.official_lang,no.married,single.detached.house,other.movers
571528,933,a50_54,m,eo_weo_German,official_lang,work.official_lang,married,single.detached.house,non.movers
669303,933,a70_74,m,eo_eeo_Polish,official_lang,work.no.official_lang,divorced,apartment,non.movers
103921,933,a20_24,m,ao_esao_Chinese,official_lang,work.official_lang,living.common.law,apartment,non.movers
873718,933,a25_29,f,ao_oesao,official_lang,work.official_lang,no.married,apartment,non.movers
248016,933,a30_34,f,ao_esao_Chinese,official_lang,work.official_lang,no.married,apartment,non.movers
930389,933,a30_34,m,ao_esao_Filipino,official_lang,work.official_lang,no.married,apartment,non.movers
848774,933,a10_14,f,onao_Canadian,official_lang,work.no.official_lang,no.married,other.attached,non.movers
383801,933,a80_84,f,eo_bio_Scottish,official_lang,work.no.official_lang,married,single.detached.house,non.movers
72181,933,a35_39,f,ao_oesao,official_lang,work.official_lang,married,other.attached,non.movers
693606,933,a20_24,m,ao_esao_Filipino,official_lang,work.official_lang,no.married,other.attached,non.movers
99007,933,a35_39,m,ao_oesao,no.official_lang,work.official_lang,married,apartment,non.movers
804686,933,a30_34,m,ao_sao_ei,official_lang,work.official_lang,married,apartment,non.movers
420217,933,a60_64,m,eo_bio_Scottish,official_lang,work.official_lang,separated,apartment,non.movers
186134,933,a45_49,m,onao_Canadian,official_lang,work.official_lang,married,single.detached.house,non.movers
811092,933,a55_59,f,ao_esao_Chinese,official_lang,work.no.official_lang,no.married,apartment,non.movers
396541,933,a30_34,f,eo_bio_English,official_lang,work.official_lang,married,single.detached.house,non.movers
456178,933,a35_39,m,ao_esao_Filipino,official_lang,work.official_lang,married,other.attached,non.movers
650160,933,a20_24,f,ao_esao_Chinese,official_lang,work.no.official_lang,no.married,apartment,non.movers
535776,933,a5_9,f,ao_wcameo,official_lang,work.no.official_lang,no.married,apartment,non.movers
181770,933,a45_49,f,ao_esao_Chinese,official_lang,work.no.official_lang,married,apartment,non.movers
363074,933,a40_44,m,ao_esao_Chinese,no.official_lang,work.official_lang,married,apartment,non.movers
224447,933,a60_64,m,ao_esao_Chinese,official_lang,work.no.official_lang,married,other.attached,non.movers
39013,933,a45_49,f,ao_esao_Filipino,official_lang,work.official_lang,married,apartment,non.movers
494869,933,a35_39,m,ao_osao,official_lang,work.official_lang,married,apartment,non.movers
864819,933,a0_4,f,onao_Canadian,official_lang,work.no.official_lang,no.married,other.attached,non.movers
497720,933,a30_34,m,ao_oesao,official_lang,work.official_lang,married,single.detached.house,nonmigrants.movers
264011,933,a65_69,m,eo_obio,official_lang,work.no.official_lang,no.married,apartment,non.movers
759666,933,a40_44,f,ao_esao_Chinese,official_lang,work.official_lang,married,other.attached,non.movers
814672,933,a35_39,m,ao_oesao,official_lang,work.official_lang,married,apartment,non.movers
462840,933,a25_29,f,ao_oesao,official_lang,work.official_lang,no.married,apartment,non.movers
51343,933,a0_4,m,onao_Canadian,official_lang,work.no.official_lang,no.married,single.detached.house,non.movers
681066,933,a35_39,m,eo_bio_Irish,official_lang,work.official_lang,married,other.attached,non.movers
48995,933,a75_79,m,eo_fo,official_lang,work.no.official_lang,married,apartment,non.movers
42074,933,a40_44,f,eo_oeeo,official_lang,work.official_lang,married,apartment,non.movers
449755,933,a30_34,m,ao_oesao,official_lang,work.official_lang,no.married,apartment,non.movers
352009,933,a30_34,m,ao,official_lang,work.official_lang,no.married,other.attached,non.movers
24127,933,a5_9,m,ao_osao,official_lang,work.no.official_lang,no.married,apartment,non.movers
87799,933,a85_,m,eo_seo_Portuguese,official_lang,work.no.official_lang,married,apartment,non.movers
313172,933,a30_34,f,ao_esao_Chinese,official_lang,work.official_lang,no.married,apartment,non.movers
924702,933,a40_44,m,ao_oesao,official_lang,work.official_lang,married,apartment,non.movers
833156,933,a25_29,m,ao_oesao,official_lang,work.official_lang,married,other.attached,non.movers
122971,933,a0_4,m,ao_esao_Chinese,no.official_lang,work.no.official_lang,no.married,apartment,other.movers
467965,933,a30_34,m,onao_Canadian,official_lang,work.official_lang,living.common.law,single.detached.house,non.movers
334419,933,a45_49,m,eo_oseo,official_lang,work.official_lang,living.common.law,single.detached.house,non.movers
489624,933,a35_39,f,ao_esao_Chinese,official_lang,work.no.official_lang,married,other.attached,nonmigrants.movers
228363,933,a30_34,m,eo_eeo_Polish,official_lang,work.official_lang,no.married,apartment,non.movers
623554,933,a30_34,f,ao_wcameo,official_lang,work.official_lang,married,apartment,non.movers
20567,933,a0_4,m,lcsao,official_lang,work.no.official_lang,no.married,apartment,non.movers
584130,933,a10_14,f,ao_sao_ei,official_lang,work.no.official_lang,no.married,apartment,non.movers
435214,933,a45_49,m,ao_esao_Chinese,official_lang,work.official_lang,married,single.detached.house,non.movers
660316,933,a5_9,m,eo_weo_German,official_lang,work.no.official_lang,no.married,single.detached.house,nonmigrants.movers
418230,933,a55_59,f,ao_oesao,official_lang,work.official_lang,living.common.law,other.attached,non.movers
546941,933,a20_24,f,ao_esao_Filipino,official_lang,work.official_lang,no.married,other.attached,non.movers
775431,933,a0_4,m,ao_esao_Chinese,official_lang,work.no.official_lang,no.married,single.detached.house,non.movers
384949,933,a30_34,f,ao_sao_ei,official_lang,work.no.official_lang,married,apartment,non.movers
39968,933,a5_9,m,ao_oesao,official_lang,work.no.official_lang,no.married,single.detached.house,nonmigrants.movers
287883,933,a40_44,f,ao_sao_ei,official_lang,work.no.official_lang,married,apartment,non.movers
891768,933,a45_49,m,eo_bio_English,official_lang,work.official_lang,living.common.law,single.detached.house,non.movers
245176,933,a40_44,m,ao_oesao,official_lang,work.official_lang,married,apartment,non.movers
229127,933,a35_39,f,ao_esao_Filipino,official_lang,work.official_lang,living.common.law,apartment,non.movers
512926,933,a50_54,m,oco,official_lang,work.official_lang,married,single.detached.house,non.movers
217002,933,a30_34,m,eo_weo_German,official_lang,work.official_lang,living.common.law,apartment,non.movers
867372,933,a25_29,m,ao_wcameo,official_lang,work.official_lang,no.married,other.attached,nonmigrants.movers
794291,933,a85_,f,ao_esao_Chinese,official_lang,work.no.official_lang,widowed,apartment,non.movers
516827,933,a30_34,m,onao_Canadian,official_lang,work.official_lang,married,apartment,nonmigrants.movers
912509,933,a55_59,f,eo_oweo,official_lang,work.official_lang,married,apartment,non.movers
724373,933,a85_,m,eo_bio_Scottish,official_lang,work.no.official_lang,married,single.detached.house,non.movers
799527,933,a20_24,m,ao_esao_Chinese,official_lang,work.official_lang,separated,single.detached.house,non.movers
579997,933,a25_29,m,ao_oesao,official_lang,work.official_lang,no.married,apartment,non.movers
627406,933,a30_34,f,ao_esao_Chinese,official_lang,work.official_lang,separated,other.attached,other.movers
713543,933,a55_59,m,ao_esao_Filipino,official_lang,work.official_lang,married,other.attached,non.movers
793676,933,a30_34,m,ao_esao_Chinese,official_lang,work.official_lang,no.married,apartment,non.movers
864072,933,a25_29,f,ao_esao_Chinese,official_lang,work.no.official_lang,married,single.detached.house,external.movers
579901,933,a25_29,f,ao_esao_Chinese,official_lang,work.no.official_lang,married,apartment,non.movers
875613,933,a25_29,m,ao_esao_Chinese,official_lang,work.official_lang,no.married,apartment,non.movers
826498,933,a5_9,m,ao_esao_Chinese,official_lang,work.no.official_lang,no.married,single.detached.house,non.movers
561140,933,a25_29,m,ao_esao_Chinese,official_lang,work.official_lang,no.married,apartment,non.movers
905967,933,a60_64,f,ao_esao_Chinese,no.official_lang,work.no.official_lang,divorced,apartment,non.movers
430573,933,a55_59,m,eo_fo,official_lang,work.official_lang,married,single.detached.house,non.movers
221061,933,a70_74,m,ao_esao_Chinese,official_lang,work.no.official_lang,married,other.attached,non.movers
583877,933,a25_29,m,ao_esao_Chinese,official_lang,work.official_lang,no.married,apartment,non.movers
347434,933,a75_79,f,eo_weo_German,official_lang,work.no.official_lang,married,single.detached.house,non.movers
855282,933,a45_49,f,ao_esao_Chinese,official_lang,work.official_lang,married,single.detached.house,nonmigrants.movers
328836,933,a75_79,f,ao_esao_Chinese,official_lang,work.no.official_lang,married,other.attached,non.movers
261268,933,a80_84,m,ao_esao_Chinese,no.official_lang,work.no.official_lang,married,single.detached.house,non.movers
573302,933,a55_59,f,onao_Canadian,official_lang,work.official_lang,married,apartment,non.movers
341090,933,a45_49,m,ao_esao_Chinese,official_lang,work.official_lang,married,single.detached.house,nonmigrants.movers
219855,933,a5_9,m,ao_sao_ei,official_lang,work.no.official_lang,no.married,apartment,non.movers
761056,933,a25_29,m,ao_esao_Chinese,official_lang,work.official_lang,living.common.law,single.detached.house,nonmigrants.movers
348586,933,a40_44,f,eo_bio_Irish,official_lang,work.official_lang,married,single.detached.house,non.movers
65125,933,a30_34,f,eo_bio_Irish,official_lang,work.official_lang,married,single.detached.house,non.movers
394263,933,a5_9,m,ao_sao_ei,official_lang,work.no.official_lang,no.married,apartment,non.movers
812246,933,a60_64,f,eo_bio_Scottish,official_lang,work.no.official_lang,separated,apartment,other.movers
153238,933,a35_39,f,ao_esao_Filipino,official_lang,work.official_lang,married,other.attached,non.movers
160459,933,a35_39,m,eo_eeo_Polish,official_lang,work.official_lang,married,single.detached.house,non.movers
117282,933,a55_59,m,ao_oesao,official_lang,work.official_lang,living.common.law,apartment,non.movers
100567,933,a0_4,f,ao_esao_Chinese,official_lang,work.no.official_lang,no.married,single.detached.house,non.movers
691648,933,a25_29,f,onao_Canadian,official_lang,work.official_lang,married,apartment,non.movers
858779,933,a65_69,m,ao_sao_ei,official_lang,work.official_lang,married,other.attached,non.movers
190169,933,a40_44,f,ao_esao_Chinese,official_lang,work.official_lang,married,single.detached.house,non.movers
906036,933,a35_39,f,eo_neo,official_lang,work.official_lang,living.common.law,apartment,non.movers
386579,933,a25_29,f,eo_bio_Irish,official_lang,work.official_lang,living.common.law,apartment,nonmigrants.movers
119605,933,a25_29,m,oo,official_lang,work.no.official_lang,no.married,single.detached.house,non.movers
325100,933,a5_9,f,ao_esao_Chinese,official_lang,work.no.official_lang,no.married,other.attached,non.movers
701705,933,a55_59,f,eo_oseo,official_lang,work.no.official_lang,married,single.detached.house,non.movers
699224,933,a50_54,m,ao_oesao,no.official_lang,work.no.official_lang,married,other.attached,non.movers
431932,933,a45_49,f,ao_esao_Chinese,official_lang,work.official_lang,no.married,apartment,non.movers
610287,933,a35_39,f,eo_eeo_Polish,official_lang,work.official_lang,married,other.attached,non.movers
827285,933,a5_9,f,ao,official_lang,work.no.official_lang,no.married,single.detached.house,non.movers
880254,933,a70_74,f,eo_eeo_Ukrainian,official_lang,work.no.official_lang,married,single.detached.house,non.movers
493184,933,a50_54,f,ao_esao_Chinese,no.official_lang,work.official_lang,married,single.detached.house,non.movers
886532,933,a50_54,f,ao_esao_Chinese,official_lang,work.no.official_lang,married,single.detached.house,non.movers
323496,933,a35_39,m,lcsao,official_lang,work.no.official_lang,separated,apartment,non.movers
144899,933,a10_14,f,ao_esao_Chinese,official_lang,work.no.official_lang,no.married,single.detached.house,non.movers
9245,933,a40_44,f,ao_esao_Chinese,no.official_lang,work.official_lang,married,apartment,non.movers
616209,933,a60_64,f,eo_weo_German,official_lang,work.official_lang,divorced,other.attached,non.movers
555715,933,a50_54,m,ao_esao_Chinese,official_lang,work.official_lang,married,other.attached,non.movers
674464,933,a40_44,m,eo_bio_English,official_lang,work.official_lang,separated,apartment,nonmigrants.movers
832284,933,a25_29,m,ao_esao_Filipino,official_lang,work.official_lang,no.married,single.detached.house,nonmigrants.movers
820714,933,a25_29,m,ao_esao_Chinese,official_lang,work.official_lang,married,other.attached,non.movers
90515,933,a65_69,m,ao_esao_Chinese,official_lang,work.official_lang,married,other.attached,nonmigrants.movers
640334,933,a30_34,f,ao_esao_Chinese,official_lang,work.official_lang,married,other.attached,non.movers
614554,933,a5_9,f,ao_oesao,official_lang,work.no.official_lang,no.married,apartment,non.movers
889939,933,a65_69,m,eo_weo_German,official_lang,work.no.official_lang,married,other.attached,non.movers
351812,933,a5_9,m,eo_seo_Italian,official_lang,work.no.official_lang,no.married,single.detached.house,non.movers
827350,933,a40_44,m,eo_weo_German,official_lang,work.official_lang,married,single.detached.house,non.movers
753073,933,a45_49,f,eo_seo_Italian,official_lang,work.official_lang,married,single.detached.house,other.movers
183349,933,a25_29,m,onao_Canadian,official_lang,work.official_lang,no.married,apartment,non.movers
667099,933,a10_14,m,onao_Canadian,official_lang,work.no.official_lang,no.married,other.attached,non.movers
214468,933,a45_49,m,ao_esao_Chinese,official_lang,work.official_lang,married,other.attached,non.movers
220052,933,a5_9,m,lcsao,official_lang,work.no.official_lang,no.married,apartment,non.movers
223626,933,a50_54,m,eo_oweo,official_lang,work.official_lang,married,single.detached.house,non.movers
13061,933,a30_34,f,eo_eeo_Russian,official_lang,work.official_lang,living.common.law,apartment,non.movers
546980,933,a15_19,m,ao_oesao,official_lang,work.no.official_lang,no.married,single.detached.house,non.movers
310354,933,a45_49,m,ao_wcameo,official_lang,work.official_lang,married,apartment,non.movers
465341,933,a30_34,f,ao_esao_Chinese,official_lang,work.no.official_lang,married,other.attached,non.movers
575225,933,a30_34,m,ao_esao_Chinese,official_lang,work.official_lang,married,single.detached.house,other.movers
874143,933,a10_14,f,lcsao,official_lang,work.no.official_lang,no.married,apartment,non.movers
492640,933,a70_74,m,ao_esao_Filipino,official_lang,work.no.official_lang,married,other.attached,non.movers
795727,933,a30_34,f,ao_esao_Chinese,official_lang,work.official_lang,no.married,apartment,non.movers
333253,933,a35_39,m,eo_neo,official_lang,work.official_lang,married,other.attached,non.movers
397915,933,a30_34,m,eo_seo_Italian,official_lang,work.official_lang,married,single.detached.house,other.movers
360187,933,a20_24,f,ao_oesao,official_lang,work.official_lang,no.married,apartment,non.movers
139288,933,a5_9,f,onao_Canadian,official_lang,work.no.official_lang,no.married,other.attached,non.movers
549750,933,a40_44,m,eo_weo_German,official_lang,work.official_lang,married,apartment,non.movers
168731,933,a10_14,m,ao_esao_Chinese,official_lang,work.no.official_lang,no.married,other.attached,non.movers
743168,933,a45_49,f,ao_esao_Chinese,official_lang,work.official_lang,divorced,apartment,non.movers
894245,933,a65_69,f,ao_esao_Chinese,official_lang,work.no.official_lang,married,single.detached.house,non.movers
740565,933,a40_44,m,ao_wcameo,official_lang,work.official_lang,living.common.law,apartment,non.movers
842651,933,a25_29,f,ao_oesao,official_lang,work.official_lang,no.married,single.detached.house,non.movers
456523,933,a55_59,f,ao_esao_Chinese,official_lang,work.official_lang,married,single.detached.house,non.movers
380432,933,a65_69,m,ao_esao_Chinese,official_lang,work.no.official_lang,married,single.detached.house,non.movers
82014,933,a20_24,f,ao_esao_Chinese,official_lang,work.official_lang,no.married,apartment,non.movers
465927,933,a35_39,f,ao_esao_Filipino,official_lang,work.official_lang,married,other.attached,non.movers
218668,933,a60_64,f,eo_obio,official_lang,work.official_lang,married,other.attached,non.movers
157360,933,a40_44,m,eo_bio_English,official_lang,work.official_lang,married,single.detached.house,non.movers
2215,933,a30_34,m,ao_esao_Chinese,official_lang,work.official_lang,no.married,single.detached.house,non.movers
503449,933,a55_59,m,eo_seo_Italian,official_lang,work.official_lang,living.common.law,apartment,nonmigrants.movers
917885,933,a30_34,f,ao_esao_Chinese,official_lang,work.official_lang,living.common.law,other.attached,nonmigrants.movers
859085,933,a45_49,f,ao_esao_Chinese,official_lang,work.no.official_lang,married,other.attached,non.movers
537404,933,a30_34,m,ao_esao_Chinese,official_lang,work.official_lang,no.married,apartment,nonmigrants.movers
358030,933,a30_34,m,lcsao,official_lang,work.official_lang,no.married,apartment,non.movers
126060,933,a40_44,f,eo_seo_Spanish,official_lang,work.official_lang,married,other.attached,non.movers
867861,933,a30_34,f,ao_esao_Chinese,official_lang,work.official_lang,living.common.law,apartment,non.movers
614130,933,a20_24,f,onao_Canadian,official_lang,work.official_lang,no.married,other.attached,non.movers
10447,933,a30_34,m,ao_esao_Chinese,official_lang,work.no.official_lang,no.married,apartment,non.movers
258309,933,a0_4,m,ao_esao_Chinese,official_lang,work.no.official_lang,no.married,apartment,non.movers
30829,933,a40_44,f,eo_bio_English,official_lang,work.official_lang,married,single.detached.house,non.movers
540788,933,a35_39,f,ao_esao_Chinese,official_lang,work.official_lang,married,single.detached.house,non.movers
306815,933,a40_44,m,ao_esao_Chinese,official_lang,work.official_lang,married,apartment,non.movers
361837,933,a10_14,f,eo_oseo,official_lang,work.no.official_lang,no.married,single.detached.house,non.movers
691202,933,a25_29,f,eo_bio_Scottish,official_lang,work.official_lang,living.common.law,single.detached.house,other.movers
768112,933,a55_59,m,eo_obio,official_lang,work.official_lang,married,other.attached,non.movers
921100,933,a5_9,m,ao,official_lang,work.no.official_lang,no.married,other.attached,non.movers
407325,933,a45_49,f,ao_esao_Chinese,official_lang,work.no.official_lang,married,single.detached.house,non.movers
124278,933,a65_69,f,eo_bio_Scottish,official_lang,work.no.official_lang,married,other.attached,non.movers
370169,933,a30_34,m,ao_esao_Chinese,official_lang,work.no.official_lang,married,apartment,non.movers
476460,933,a40_44,f,ao_esao_Chinese,official_lang,work.no.official_lang,married,apartment,non.movers
424611,933,a60_64,f,onao_Canadian,official_lang,work.official_lang,married,single.detached.house,non.movers
818092,933,a40_44,f,eo_weo_German,official_lang,work.official_lang,married,other.attached,non.movers
386243,933,a40_44,f,ao_oesao,official_lang,work.official_lang,no.married,single.detached.house,non.movers
320514,933,a45_49,m,ao_esao_Chinese,official_lang,work.no.official_lang,married,other.attached,non.movers
211379,933,a55_59,f,onao_Canadian,official_lang,work.no.official_lang,living.common.law,other.attached,nonmigrants.movers
835112,933,a55_59,m,eo_bio_English,official_lang,work.official_lang,married,single.detached.house,non.movers
386994,933,a20_24,f,ao_oesao,official_lang,work.official_lang,no.married,other.attached,non.movers
438566,933,a70_74,m,ao_esao_Chinese,official_lang,work.no.official_lang,married,apartment,non.movers
212411,933,a40_44,f,ao_wcameo,official_lang,work.official_lang,married,other.attached,non.movers
867095,933,a0_4,m,onao_Canadian,official_lang,work.no.official_lang,no.married,single.detached.house,non.movers
64492,933,a30_34,f,ao_esao_Chinese,official_lang,work.no.official_lang,married,single.detached.house,non.movers
670148,933,a40_44,f,lcsao,official_lang,work.official_lang,no.married,other.attached,non.movers
436801,933,a35_39,f,ao_esao_Chinese,official_lang,work.no.official_lang,married,single.detached.house,non.movers
569896,933,a70_74,f,ao_esao_Chinese,official_lang,work.no.official_lang,married,other.attached,non.movers
597034,933,a30_34,f,eo_bio_Scottish,official_lang,work.official_lang,no.married,other.attached,non.movers
788385,933,a40_44,m,eo_bio_English,official_lang,work.official_lang,married,other.attached,non.movers
26322,933,a30_34,m,ao_esao_Chinese,official_lang,work.official_lang,married,single.detached.house,non.movers
244787,933,a60_64,f,ao_oesao,official_lang,work.no.official_lang,married,single.detached.house,non.movers
268503,933,a55_59,f,ao_esao_Chinese,official_lang,work.no.official_lang,married,single.detached.house,non.movers
796930,933,a70_74,m,eo_seo_Spanish,official_lang,work.no.official_lang,living.common.law,other.attached,non.movers
54844,933,a75_79,m,eo_eeo_Hungarian,official_lang,work.no.official_lang,married,single.detached.house,non.movers
67041,933,a15_19,m,onao_Canadian,official_lang,work.official_lang,no.married,single.detached.house,non.movers
846605,933,a5_9,m,onao_Canadian,official_lang,work.no.official_lang,no.married,other.attached,other.movers
752492,933,a30_34,m,eo_eeo_Polish,official_lang,work.official_lang,living.common.law,apartment,other.movers
50157,933,a5_9,m,ao_sao_ei,official_lang,work.no.official_lang,no.married,apartment,non.movers
642605,933,a35_39,m,ao_oesao,official_lang,work.official_lang,married,apartment,non.movers
635059,933,a35_39,m,ao_esao_Chinese,official_lang,work.no.official_lang,married,single.detached.house,non.movers
567278,933,a50_54,f,eo_neo,official_lang,work.official_lang,married,other.attached,non.movers
23082,933,a45_49,f,ao_esao_Chinese,official_lang,work.official_lang,married,other.attached,non.movers
70474,933,a30_34,f,ao_wcameo,official_lang,work.official_lang,divorced,apartment,non.movers
748167,933,a35_39,f,ao_esao_Chinese,official_lang,work.no.official_lang,married,other.attached,non.movers
615145,933,a30_34,f,ao_wcameo,official_lang,work.no.official_lang,married,apartment,nonmigrants.movers
358592,933,a50_54,f,eo_seo_Spanish,official_lang,work.official_lang,married,apartment,non.movers
44232,933,a25_29,m,ao_esao_Chinese,official_lang,work.official_lang,no.married,apartment,non.movers
286560,933,a30_34,m,lcsao,official_lang,work.official_lang,married,apartment,non.movers
340199,933,a45_49,f,ao_esao_Chinese,no.official_lang,work.no.official_lang,married,apartment,interprovincial.movers
197193,933,a15_19,m,naao,official_lang,work.no.official_lang,no.married,other.attached,non.movers
759789,933,a60_64,m,eo_fo,official_lang,work.official_lang,married,apartment,non.movers
634296,933,a20_24,f,ao_esao_Chinese,official_lang,work.no.official_lang,married,other.attached,nonmigrants.movers
124740,933,a85_,m,eo_eeo_Russian,official_lang,work.no.official_lang,married,single.detached.house,non.movers
334693,933,a35_39,f,ao_esao_Chinese,official_lang,work.official_lang,married,other.attached,non.movers
634689,933,a40_44,f,ao_esao_Chinese,official_lang,work.official_lang,no.married,single.detached.house,non.movers
713544,933,a5_9,m,ao_esao_Chinese,official_lang,work.no.official_lang,no.married,single.detached.house,non.movers
388296,933,a30_34,m,eo_bio_English,official_lang,work.official_lang,married,single.detached.house,non.movers
337057,933,a0_4,f,ao_esao_Chinese,official_lang,work.no.official_lang,no.married,other.attached,non.movers
185545,933,a30_34,f,ao_osao,official_lang,work.official_lang,married,single.detached.house,non.movers
715333,933,a20_24,m,ao_esao_Chinese,official_lang,work.no.official_lang,no.married,apartment,nonmigrants.movers
256328,933,a35_39,m,eo_oeeo,official_lang,work.official_lang,married,apartment,non.movers
622340,933,a50_54,f,naao,official_lang,work.official_lang,divorced,other.attached,non.movers
86867,933,a60_64,m,eo_oweo,official_lang,work.official_lang,married,other.attached,non.movers
851516,933,a35_39,f,ao_oesao,official_lang,work.official_lang,married,apartment,non.movers
535638,933,a0_4,m,ao_wcameo,official_lang,work.no.official_lang,no.married,apartment,other.movers
747834,933,a60_64,m,ao_esao_Chinese,official_lang,work.official_lang,married,apartment,non.movers
220604,933,a20_24,m,onao_Canadian,official_lang,work.official_lang,no.married,apartment,non.movers
442182,933,a65_69,f,ao_esao_Chinese,official_lang,work.no.official_lang,divorced,apartment,non.movers
889903,933,a30_34,m,ao_oesao,official_lang,work.no.official_lang,no.married,single.detached.house,non.movers
630081,933,a35_39,m,ao_sao_ei,official_lang,work.official_lang,married,apartment,other.movers
750921,933,a20_24,m,eo_weo_Dutch,official_lang,work.official_lang,no.married,apartment,non.movers
194322,933,a10_14,f,ao_oesao,official_lang,work.no.official_lang,no.married,apartment,non.movers
440920,933,a45_49,f,ao_esao_Chinese,official_lang,work.no.official_lang,married,apartment,non.movers
844960,933,a45_49,m,eo_seo_Portuguese,official_lang,work.official_lang,living.common.law,apartment,non.movers
492555,933,a25_29,m,ao_esao_Chinese,official_lang,work.official_lang,married,apartment,nonmigrants.movers
543868,933,a55_59,f,ao_esao_Chinese,official_lang,work.no.official_lang,married,single.detached.house,non.movers
752695,933,a20_24,m,ao_esao_Filipino,official_lang,work.official_lang,no.married,single.detached.house,non.movers
385712,933,a0_4,f,eo_oseo,official_lang,work.no.official_lang,no.married,apartment,non.movers
480144,933,a35_39,m,lcsao,official_lang,work.official_lang,no.married,apartment,non.movers
593021,933,a40_44,f,ao_esao_Filipino,official_lang,work.official_lang,married,other.attached,other.movers
752674,933,a65_69,f,eo_weo_German,official_lang,work.official_lang,married,other.attached,non.movers
749998,933,a5_9,f,lcsao,official_lang,work.no.official_lang,no.married,apartment,non.movers
796800,933,a25_29,f,ao_esao_Chinese,official_lang,work.official_lang,no.married,apartment,non.movers
890226,933,a85_,f,ao_esao_Chinese,no.official_lang,work.no.official_lang,widowed,apartment,non.movers
177166,933,a40_44,f,ao_esao_Chinese,official_lang,work.no.official_lang,married,apartment,non.movers
627534,933,a40_44,m,ao_wcameo,official_lang,work.official_lang,married,apartment,non.movers
27617,933,a10_14,f,ao_esao_Chinese,official_lang,work.no.official_lang,no.married,single.detached.house,non.movers
64332,933,a50_54,f,ao_esao_Chinese,official_lang,work.no.official_lang,married,single.detached.house,nonmigrants.movers
151756,933,a75_79,f,ao,official_lang,work.no.official_lang,widowed,single.detached.house,non.movers
519950,933,a55_59,m,eo_weo_Dutch,official_lang,work.no.official_lang,no.married,single.detached.house,non.movers
151689,933,a20_24,f,eo_oseo,official_lang,work.official_lang,no.married,apartment,non.movers
454892,933,a50_54,f,ao_esao_Chinese,official_lang,work.no.official_lang,married,other.attached,non.movers
409953,933,a50_54,f,ao_oesao,official_lang,work.no.official_lang,married,apartment,non.movers
150905,933,a55_59,f,ao_esao_Chinese,no.official_lang,work.no.official_lang,married,apartment,non.movers
265070,933,a55_59,f,ao_oesao,official_lang,work.official_lang,married,single.detached.house,non.movers
925152,933,a35_39,m,naao,official_lang,work.official_lang,living.common.law,apartment,non.movers
101435,933,a25_29,f,ao_sao_ei,official_lang,work.official_lang,no.married,apartment,non.movers
706095,933,a40_44,f,eo_oseo,official_lang,work.official_lang,married,apartment,non.movers
138503,933,a35_39,m,ao_esao_Chinese,official_lang,work.no.official_lang,no.married,other.attached,nonmigrants.movers
777378,933,a40_44,f,onao_Canadian,official_lang,work.official_lang,divorced,apartment,other.movers
788726,933,a0_4,m,eo_bio_Irish,official_lang,work.no.official_lang,no.married,single.detached.house,other.movers
36376,933,a30_34,m,ao_sao_ei,official_lang,work.official_lang,no.married,apartment,non.movers
866029,933,a55_59,m,onao,official_lang,work.official_lang,married,other.attached,non.movers
172102,933,a55_59,m,eo_bio_Scottish,official_lang,work.official_lang,married,apartment,non.movers
90427,933,a60_64,m,ao_sao_ei,official_lang,work.no.official_lang,married,other.attached,non.movers
507369,933,a10_14,m,ao_esao_Chinese,official_lang,work.no.official_lang,no.married,single.detached.house,non.movers
840489,933,a30_34,m,onao_Canadian,official_lang,work.official_lang,married,other.attached,non.movers
467066,933,a30_34,f,eo_bio_Scottish,official_lang,work.official_lang,no.married,other.attached,non.movers
123408,933,a25_29,f,ao_esao_Chinese,official_lang,work.official_lang,living.common.law,apartment,non.movers
163634,933,a50_54,m,eo_weo_Dutch,official_lang,work.official_lang,married,single.detached.house,other.movers
248491,933,a0_4,f,onao_Canadian,official_lang,work.no.official_lang,no.married,single.detached.house,non.movers
141722,933,a40_44,f,ao_esao_Chinese,official_lang,work.no.official_lang,married,apartment,non.movers
533259,933,a15_19,m,ao_oesao,official_lang,work.no.official_lang,no.married,apartment,non.movers
318182,933,a45_49,f,ao_sao_ei,no.official_lang,work.official_lang,married,single.detached.house,non.movers
530646,933,a30_34,f,onao_Canadian,official_lang,work.no.official_lang,married,single.detached.house,non.movers
627041,933,a35_39,f,ao_esao_Chinese,official_lang,work.official_lang,married,single.detached.house,non.movers
912458,933,a5_9,m,naao,official_lang,work.no.official_lang,no.married,other.attached,non.movers
715234,933,a35_39,f,ao_esao_Chinese,official_lang,work.official_lang,married,other.attached,non.movers
336715,933,a35_39,f,ao_oesao,official_lang,work.no.official_lang,married,other.attached,non.movers
762988,933,a50_54,m,eo_oweo,official_lang,work.official_lang,married,apartment,non.movers
668937,933,a35_39,m,ao_wcameo,official_lang,work.official_lang,married,other.attached,nonmigrants.movers
23068,933,a70_74,m,ao_esao_Chinese,no.official_lang,work.no.official_lang,married,apartment,non.movers
789814,933,a5_9,f,ao_esao_Chinese,official_lang,work.no.official_lang,no.married,apartment,non.movers
213893,933,a0_4,m,ao_sao_ei,official_lang,work.no.official_lang,no.married,apartment,non.movers
450736,933,a40_44,m,eo_eeo_Polish,official_lang,work.official_lang,living.common.law,single.detached.house,non.movers
776115,933,a30_34,m,ao_esao_Filipino,official_lang,work.official_lang,married,single.detached.house,other.movers
835256,933,a40_44,f,lcsao,official_lang,work.official_lang,married,other.attached,non.movers
304339,933,a70_74,m,eo_fo,official_lang,work.official_lang,married,single.detached.house,non.movers
159277,933,a40_44,m,ao_esao_Chinese,official_lang,work.official_lang,married,single.detached.house,non.movers
850477,933,a35_39,f,onao_Canadian,official_lang,work.official_lang,divorced,single.detached.house,other.movers
187443,933,a50_54,m,eo_bio_English,official_lang,work.official_lang,divorced,other.attached,nonmigrants.movers
375597,933,a35_39,f,ao_oesao,official_lang,work.official_lang,married,single.detached.house,non.movers
857023,933,a45_49,f,ao_esao_Chinese,official_lang,work.official_lang,married,apartment,non.movers
93887,933,a40_44,m,ao_wcameo,official_lang,work.official_lang,married,apartment,non.movers
542405,933,a30_34,m,ao_sao_ei,official_lang,work.official_lang,living.common.law,apartment,non.movers
232712,933,a35_39,f,ao_sao_ei,official_lang,work.official_lang,married,single.detached.house,non.movers
596634,933,a50_54,m,eo_bio_English,official_lang,work.no.official_lang,divorced,apartment,nonmigrants.movers
716475,933,a10_14,f,ao_esao_Chinese,official_lang,work.no.official_lang,no.married,other.attached,non.movers
346603,933,a30_34,f,ao_sao_ei,official_lang,work.official_lang,married,apartment,other.movers
394227,933,a10_14,f,ao_esao_Chinese,official_lang,work.no.official_lang,no.married,single.detached.house,non.movers
327158,933,a5_9,m,ao_esao_Chinese,official_lang,work.no.official_lang,no.married,single.detached.house,non.movers
467226,933,a35_39,m,oo,official_lang,work.official_lang,married,apartment,nonmigrants.movers
860000,933,a30_34,m,lcsao,official_lang,work.official_lang,no.married,apartment,non.movers
850987,933,a30_34,m,ao_esao_Chinese,official_lang,work.official_lang,no.married,single.detached.house,non.movers
731991,933,a10_14,m,ao_esao_Chinese,official_lang,work.no.official_lang,no.married,apartment,non.movers
790695,933,a40_44,f,eo_neo,official_lang,work.no.official_lang,no.married,other.attached,non.movers
393624,933,a45_49,f,ao_oesao,official_lang,work.official_lang,living.common.law,other.attached,non.movers
20997,933,a30_34,m,eo_weo_Dutch,official_lang,work.official_lang,divorced,single.detached.house,non.movers
178641,933,a40_44,m,ao_oesao,official_lang,work.official_lang,married,single.detached.house,non.movers
166941,933,a55_59,f,ao_esao_Filipino,official_lang,work.official_lang,divorced,apartment,non.movers
76471,933,a0_4,f,onao_Canadian,official_lang,work.no.official_lang,no.married,apartment,other.movers
395958,933,a25_29,m,eo_seo_Portuguese,official_lang,work.official_lang,married,other.attached,non.movers
462469,933,a40_44,f,eo_bio_English,official_lang,work.official_lang,married,single.detached.house,non.movers
630248,933,a25_29,m,eo_bio_English,official_lang,work.official_lang,no.married,single.detached.house,other.movers
54778,933,a10_14,f,ao_osao,official_lang,work.no.official_lang,no.married,apartment,non.movers
105125,933,a35_39,f,ao_esao_Chinese,official_lang,work.official_lang,married,other.attached,non.movers
546393,933,a70_74,m,eo_weo_German,official_lang,work.no.official_lang,no.married,single.detached.house,non.movers
558076,933,a60_64,f,ao_esao_Chinese,official_lang,work.no.official_lang,divorced,apartment,nonmigrants.movers
879069,933,a70_74,f,eo_oseo,official_lang,work.no.official_lang,married,single.detached.house,non.movers
212221,933,a75_79,m,eo_weo_German,official_lang,work.no.official_lang,living.common.law,apartment,non.movers
37070,933,a35_39,m,ao_esao_Chinese,official_lang,work.official_lang,married,single.detached.house,non.movers
302044,933,a60_64,f,eo_bio_Scottish,official_lang,work.no.official_lang,married,other.attached,non.movers
159770,933,a30_34,m,eo_bio_Scottish,official_lang,work.official_lang,living.common.law,apartment,non.movers
10881,933,a60_64,f,ao_oesao,official_lang,work.official_lang,married,apartment,non.movers
588852,933,a0_4,m,ao_esao_Chinese,official_lang,work.no.official_lang,no.married,single.detached.house,non.movers
796864,933,a50_54,m,eo_bio_English,official_lang,work.official_lang,married,other.attached,non.movers
182806,933,a5_9,m,eo_bio_English,official_lang,work.no.official_lang,no.married,single.detached.house,non.movers
68986,933,a25_29,f,eo_bio_Scottish,official_lang,work.official_lang,no.married,other.attached,other.movers
861622,933,a55_59,m,lcsao,official_lang,work.no.official_lang,divorced,apartment,non.movers
116018,933,a35_39,m,ao_esao_Chinese,official_lang,work.no.official_lang,married,single.detached.house,interprovincial.movers
916825,933,a30_34,f,ao,official_lang,work.official_lang,married,apartment,non.movers
44232,933,a25_29,m,ao_esao_Chinese,official_lang,work.official_lang,no.married,apartment,non.movers
460222,933,a50_54,f,eo_eeo_Polish,official_lang,work.official_lang,married,other.attached,non.movers
176247,933,a75_79,f,eo_bio_Irish,official_lang,work.no.official_lang,widowed,other.attached,non.movers
640334,933,a30_34,f,ao_esao_Chinese,official_lang,work.official_lang,married,other.attached,non.movers
100580,933,a35_39,f,ao_osao,official_lang,work.no.official_lang,married,apartment,non.movers
207184,933,a30_34,m,eo_eeo_Ukrainian,official_lang,work.official_lang,married,apartment,non.movers
164647,933,a30_34,f,ao_esao_Chinese,official_lang,work.no.official_lang,married,single.detached.house,non.movers
145508,933,a50_54,m,eo_bio_Scottish,official_lang,work.official_lang,married,other.attached,non.movers
331558,933,a10_14,m,eo_bio_English,official_lang,work.no.official_lang,no.married,single.detached.house,non.movers
591101,933,a55_59,m,onao_Canadian,official_lang,work.no.official_lang,no.married,apartment,non.movers
21491,933,a0_4,f,ao_sao_ei,official_lang,work.no.official_lang,no.married,apartment,non.movers
499774,933,a30_34,f,ao_esao_Filipino,official_lang,work.official_lang,married,other.attached,non.movers
796410,933,a5_9,f,lcsao,official_lang,work.no.official_lang,no.married,other.attached,non.movers
300761,933,a20_24,f,lcsao,official_lang,work.official_lang,no.married,other.attached,non.movers
698975,933,a30_34,m,eo_weo_German,official_lang,work.official_lang,living.common.law,apartment,non.movers
398744,933,a35_39,m,ao_esao_Chinese,official_lang,work.official_lang,married,other.attached,non.movers
49429,933,a50_54,m,eo_obio,official_lang,work.official_lang,married,other.attached,non.movers
143437,933,a10_14,m,ao_oesao,official_lang,work.no.official_lang,no.married,apartment,non.movers
725440,933,a20_24,f,ao_oesao,official_lang,work.no.official_lang,no.married,apartment,external.movers
16231,933,a65_69,f,ao_esao_Chinese,official_lang,work.official_lang,married,apartment,non.movers
522537,933,a40_44,m,ao_esao_Chinese,official_lang,work.official_lang,living.common.law,apartment,non.movers
679881,933,a45_49,m,eo_bio_Scottish,official_lang,work.official_lang,married,single.detached.house,non.movers
439153,933,a65_69,f,ao_esao_Chinese,official_lang,work.no.official_lang,married,apartment,non.movers
290308,933,a40_44,f,ao_esao_Chinese,official_lang,work.official_lang,married,single.detached.house,non.movers
254748,933,a55_59,m,ao_esao_Filipino,official_lang,work.official_lang,married,apartment,non.movers
328340,933,a30_34,m,eo_bio_Scottish,official_lang,work.official_lang,no.married,apartment,interprovincial.movers
315137,933,a45_49,f,ao_esao_Chinese,official_lang,work.official_lang,separated,apartment,non.movers
452893,933,a30_34,m,lcsao,official_lang,work.official_lang,married,apartment,nonmigrants.movers
556064,933,a55_59,f,ao_esao_Chinese,no.official_lang,work.no.official_lang,married,apartment,other.movers
705530,933,a40_44,m,ao_esao_Chinese,no.official_lang,work.no.official_lang,no.married,other.attached,nonmigrants.movers
6984,933,a40_44,f,ao_oesao,official_lang,work.official_lang,separated,apartment,non.movers
871018,933,a25_29,m,ao_esao_Chinese,official_lang,work.no.official_lang,no.married,single.detached.house,non.movers
248568,933,a30_34,m,eo_bio_Scottish,official_lang,work.official_lang,married,other.attached,interprovincial.movers
41084,933,a45_49,m,ao_wcameo,official_lang,work.official_lang,married,apartment,interprovincial.movers
837387,933,a60_64,m,ao_esao_Chinese,no.official_lang,work.no.official_lang,married,apartment,non.movers
528318,933,a35_39,m,eo_bio_English,official_lang,work.official_lang,married,apartment,non.movers
350140,933,a80_84,m,ao_oesao,no.official_lang,work.no.official_lang,married,other.attached,non.movers
403502,933,a45_49,f,ao_wcameo,official_lang,work.official_lang,no.married,other.attached,nonmigrants.movers
539745,933,a15_19,m,eo_weo_Dutch,official_lang,work.official_lang,no.married,other.attached,non.movers
32038,933,a65_69,m,onao_Canadian,official_lang,work.no.official_lang,divorced,apartment,non.movers
20719,933,a50_54,m,eo_weo_German,official_lang,work.official_lang,married,single.detached.house,non.movers
663467,933,a15_19,f,eo_eeo_Hungarian,official_lang,work.official_lang,no.married,other.attached,non.movers
112243,933,a15_19,m,ao_oesao,official_lang,work.no.official_lang,no.married,other.attached,non.movers
429073,933,a25_29,f,ao_oesao,official_lang,work.no.official_lang,no.married,apartment,other.movers
162304,933,a40_44,f,eo_fo,official_lang,work.official_lang,living.common.law,apartment,non.movers
437399,933,a85_,f,eo_bio_Scottish,official_lang,work.official_lang,widowed,single.detached.house,non.movers
623048,933,a10_14,m,ao_esao_Chinese,official_lang,work.no.official_lang,no.married,single.detached.house,nonmigrants.movers
73844,933,a20_24,m,ao_esao_Chinese,official_lang,work.official_lang,no.married,apartment,non.movers
254423,933,a55_59,m,eo_neo,official_lang,work.official_lang,married,other.attached,non.movers
286717,933,a30_34,m,eo_bio_English,official_lang,work.official_lang,no.married,apartment,non.movers
41432,933,a10_14,f,ao,official_lang,work.no.official_lang,no.married,other.attached,non.movers
274437,933,a65_69,f,eo_weo_German,official_lang,work.official_lang,no.married,single.detached.house,non.movers
392860,933,a65_69,f,ao_oesao,official_lang,work.no.official_lang,married,apartment,non.movers
323496,933,a35_39,m,lcsao,official_lang,work.no.official_lang,separated,apartment,non.movers
711865,933,a10_14,m,ao_sao_ei,official_lang,work.no.official_lang,no.married,single.detached.house,non.movers
807380,933,a30_34,m,ao_esao_Chinese,official_lang,work.official_lang,married,apartment,non.movers
477903,933,a35_39,f,ao_esao_Chinese,official_lang,work.no.official_lang,married,other.attached,non.movers
850484,933,a30_34,f,eo_bio_Scottish,official_lang,work.official_lang,married,other.attached,non.movers
391819,933,a5_9,m,eo_oeeo,official_lang,work.no.official_lang,no.married,apartment,non.movers
172902,933,a85_,f,eo_obio,official_lang,work.no.official_lang,widowed,apartment,nonmigrants.movers
169214,933,a35_39,m,onao_Canadian,official_lang,work.official_lang,no.married,single.detached.house,non.movers
870521,933,a65_69,f,ao_esao_Chinese,no.official_lang,work.no.official_lang,married,apartment,non.movers
776201,933,a10_14,m,ao_esao_Chinese,official_lang,work.no.official_lang,no.married,single.detached.house,external.movers
137509,933,a55_59,m,ao_esao_Chinese,official_lang,work.no.official_lang,married,single.detached.house,non.movers
778281,933,a40_44,f,eo_eeo_Ukrainian,official_lang,work.official_lang,married,single.detached.house,non.movers
461374,933,a50_54,m,eo_bio_English,official_lang,work.official_lang,living.common.law,single.detached.house,non.movers
604907,933,a65_69,f,eo_eeo_Russian,official_lang,work.official_lang,divorced,apartment,non.movers
778105,933,a45_49,f,ao_esao_Chinese,official_lang,work.official_lang,separated,single.detached.house,non.movers
331239,933,a40_44,f,ao_oesao,official_lang,work.official_lang,married,other.attached,non.movers
103454,933,a40_44,f,eo_bio_English,official_lang,work.official_lang,divorced,other.attached,non.movers
696230,933,a25_29,m,ao_sao_ei,official_lang,work.official_lang,no.married,apartment,non.movers
490658,933,a15_19,m,eo_weo_German,official_lang,work.official_lang,no.married,single.detached.house,non.movers
717796,933,a40_44,f,onao_Canadian,official_lang,work.official_lang,married,apartment,non.movers
836845,933,a35_39,f,ao_esao_Chinese,official_lang,work.official_lang,married,apartment,non.movers
435861,933,a25_29,m,ao_esao_Chinese,official_lang,work.official_lang,no.married,apartment,non.movers
287867,933,a40_44,f,ao_esao_Filipino,official_lang,work.official_lang,no.married,apartment,non.movers
87098,933,a10_14,m,onao_Canadian,official_lang,work.no.official_lang,no.married,single.detached.house,non.movers
873132,933,a80_84,m,eo_weo_German,official_lang,work.no.official_lang,married,single.detached.house,non.movers
124775,933,a45_49,m,eo_weo_German,official_lang,work.official_lang,no.married,single.detached.house,non.movers
706028,933,a25_29,f,ao_wcameo,official_lang,work.no.official_lang,no.married,single.detached.house,non.movers
746768,933,a35_39,f,ao_esao_Filipino,official_lang,work.official_lang,married,other.attached,non.movers
410518,933,a20_24,m,eo_fo,official_lang,work.official_lang,living.common.law,apartment,other.movers
496890,933,a25_29,m,onao_Canadian,official_lang,work.official_lang,living.common.law,apartment,non.movers
68466,933,a40_44,m,onao_Canadian,official_lang,work.official_lang,no.married,apartment,non.movers
808987,933,a30_34,m,ao_esao_Chinese,official_lang,work.official_lang,married,other.attached,nonmigrants.movers
85424,933,a10_14,m,ao_esao_Chinese,official_lang,work.no.official_lang,no.married,apartment,nonmigrants.movers
391316,933,a45_49,m,ao_esao_Chinese,official_lang,work.no.official_lang,separated,apartment,non.movers
73028,933,a5_9,m,ao_esao_Chinese,official_lang,work.no.official_lang,no.married,other.attached,non.movers
82736,933,a30_34,m,ao_sao_ei,official_lang,work.official_lang,married,apartment,non.movers
660603,933,a45_49,m,ao,official_lang,work.official_lang,living.common.law,apartment,non.movers
733270,933,a10_14,m,ao_esao_Chinese,official_lang,work.no.official_lang,no.married,other.attached,non.movers
546393,933,a70_74,m,eo_weo_German,official_lang,work.no.official_lang,no.married,single.detached.house,non.movers
107219,933,a60_64,f,onao_Canadian,official_lang,work.official_lang,divorced,single.detached.house,non.movers
815427,933,a15_19,m,ao_esao_Chinese,official_lang,work.official_lang,no.married,apartment,non.movers
747961,933,a50_54,m,ao_oesao,official_lang,work.official_lang,married,other.attached,non.movers
778951,933,a25_29,f,ao_esao_Chinese,official_lang,work.official_lang,married,other.attached,non.movers
757390,933,a45_49,f,eo_weo_German,official_lang,work.official_lang,divorced,apartment,non.movers
463285,933,a30_34,f,ao_esao_Chinese,official_lang,work.official_lang,married,other.attached,nonmigrants.movers
321614,933,a35_39,m,ao_esao_Chinese,official_lang,work.official_lang,married,other.attached,non.movers
492692,933,a30_34,m,eo_obio,official_lang,work.official_lang,no.married,single.detached.house,non.movers
602857,933,a40_44,f,ao_esao_Filipino,official_lang,work.official_lang,married,apartment,other.movers
697773,933,a45_49,f,ao_esao_Chinese,official_lang,work.no.official_lang,married,other.attached,non.movers
761469,933,a60_64,m,ao_esao_Chinese,official_lang,work.official_lang,married,other.attached,non.movers
431768,933,a45_49,m,onao_Canadian,official_lang,work.official_lang,living.common.law,single.detached.house,non.movers
871455,933,a35_39,f,ao_wcameo,official_lang,work.official_lang,married,other.attached,non.movers
261096,933,a30_34,m,eo_weo_German,official_lang,work.official_lang,living.common.law,single.detached.house,non.movers
816082,933,a35_39,m,ao_sao_ei,official_lang,work.official_lang,married,apartment,non.movers
919769,933,a65_69,m,eo_bio_English,official_lang,work.official_lang,married,apartment,non.movers
215822,933,a30_34,f,eo_weo_German,official_lang,work.official_lang,no.married,apartment,non.movers
511319,933,a0_4,m,ao_sao_ei,official_lang,work.no.official_lang,no.married,apartment,other.movers
698042,933,a20_24,f,eo_eeo_Russian,official_lang,work.official_lang,no.married,apartment,non.movers
177532,933,a10_14,f,ao_osao,official_lang,work.no.official_lang,no.married,apartment,non.movers
844203,933,a0_4,f,ao_esao_Chinese,official_lang,work.no.official_lang,no.married,other.attached,non.movers
470727,933,a45_49,f,naao,official_lang,work.official_lang,no.married,apartment,non.movers
635699,933,a50_54,m,ao_esao_Chinese,official_lang,work.no.official_lang,married,apartment,non.movers
305197,933,a75_79,m,onao_Canadian,official_lang,work.no.official_lang,married,single.detached.house,non.movers
787815,933,a50_54,m,eo_eeo_Polish,official_lang,work.official_lang,married,other.attached,non.movers
196030,933,a40_44,f,eo_fo,official_lang,work.official_lang,married,single.detached.house,non.movers
772685,933,a15_19,m,ao_oesao,official_lang,work.no.official_lang,no.married,apartment,non.movers
219231,933,a60_64,f,eo_weo_German,official_lang,work.official_lang,married,single.detached.house,non.movers
422086,933,a60_64,m,eo_weo_German,official_lang,work.official_lang,married,single.detached.house,non.movers
313593,933,a25_29,f,ao_esao_Chinese,official_lang,work.official_lang,married,other.attached,non.movers
365081,933,a30_34,m,ao_esao_Chinese,official_lang,work.official_lang,married,apartment,nonmigrants.movers
905131,933,a50_54,f,onao_Canadian,official_lang,work.no.official_lang,divorced,apartment,non.movers
331114,933,a65_69,f,eo_seo_Italian,official_lang,work.no.official_lang,married,apartment,non.movers
63492,933,a30_34,m,ao_esao_Chinese,official_lang,work.official_lang,no.married,single.detached.house,non.movers
339573,933,a50_54,f,eo_weo_German,official_lang,work.official_lang,no.married,single.detached.house,nonmigrants.movers
201155,933,a45_49,m,eo_fo,official_lang,work.official_lang,married,single.detached.house,non.movers
105579,933,a15_19,f,ao_esao_Chinese,official_lang,work.no.official_lang,no.married,single.detached.house,non.movers
258030,933,a35_39,m,ao_wcameo,official_lang,work.official_lang,no.married,other.attached,non.movers
35118,933,a35_39,f,eo_seo_Portuguese,official_lang,work.official_lang,no.married,other.attached,non.movers
515749,933,a50_54,m,ao_esao_Chinese,official_lang,work.no.official_lang,married,other.attached,non.movers
918123,933,a5_9,m,naao,official_lang,work.no.official_lang,no.married,apartment,non.movers
76169,933,a5_9,f,ao_sao_ei,official_lang,work.no.official_lang,no.married,apartment,non.movers
62452,933,a75_79,f,eo_bio_Scottish,official_lang,work.no.official_lang,married,apartment,non.movers
918948,933,a65_69,m,eo_bio_Irish,official_lang,work.no.official_lang,married,apartment,non.movers
284329,933,a50_54,f,ao_esao_Filipino,official_lang,work.official_lang,married,other.attached,non.movers
376489,933,a30_34,f,ao_esao_Chinese,official_lang,work.official_lang,no.married,apartment,non.movers
127318,933,a35_39,m,eo_fo,official_lang,work.official_lang,living.common.law,other.attached,non.movers
714501,933,a30_34,f,eo_bio_English,official_lang,work.official_lang,living.common.law,apartment,other.movers
95271,933,a0_4,m,ao,official_lang,work.no.official_lang,no.married,apartment,external.movers
765376,933,a60_64,f,eo_bio_Scottish,official_lang,work.official_lang,married,apartment,non.movers
5353,933,a35_39,m,ao_sao_ei,official_lang,work.no.official_lang,married,apartment,non.movers
446865,933,a55_59,f,ao,official_lang,work.official_lang,no.married,other.attached,non.movers
409428,933,a80_84,f,ao_esao_Chinese,official_lang,work.no.official_lang,married,other.attached,non.movers
709464,933,a50_54,m,eo_bio_English,official_lang,work.official_lang,married,apartment,non.movers
114332,933,a25_29,f,ao_esao_Chinese,official_lang,work.official_lang,no.married,apartment,non.movers
96548,933,a30_34,m,eo_eeo_Polish,official_lang,work.official_lang,no.married,other.attached,non.movers
198193,933,a65_69,m,ao_sao_ei,official_lang,work.no.official_lang,married,apartment,non.movers
702262,933,a35_39,m,ao_oesao,official_lang,work.official_lang,married,apartment,non.movers
54177,933,a25_29,m,ao_esao_Chinese,official_lang,work.official_lang,no.married,other.attached,nonmigrants.movers
183115,933,a35_39,f,ao_oesao,official_lang,work.no.official_lang,married,apartment,non.movers
121982,933,a0_4,m,onao_Canadian,official_lang,work.no.official_lang,no.married,other.attached,non.movers
832869,933,a25_29,f,eo_weo_Dutch,official_lang,work.official_lang,living.common.law,apartment,non.movers
795811,933,a40_44,m,ao_sao_ei,official_lang,work.official_lang,married,apartment,non.movers
879324,933,a45_49,m,ao_esao_Chinese,official_lang,work.official_lang,no.married,single.detached.house,non.movers
186964,933,a30_34,m,ao_esao_Chinese,official_lang,work.official_lang,no.married,apartment,non.movers
706491,933,a40_44,f,ao_sao_ei,official_lang,work.no.official_lang,married,apartment,non.movers
658248,933,a45_49,m,lcsao,official_lang,work.official_lang,living.common.law,apartment,non.movers
205607,933,a25_29,m,ao_oesao,official_lang,work.official_lang,married,apartment,other.movers
267979,933,a5_9,f,onao_Canadian,official_lang,work.no.official_lang,no.married,single.detached.house,non.movers
300158,933,a10_14,m,ao_esao_Filipino,official_lang,work.no.official_lang,no.married,single.detached.house,non.movers
773436,933,a25_29,m,eo_oeeo,official_lang,work.official_lang,no.married,apartment,nonmigrants.movers
673500,933,a40_44,m,ao_oesao,official_lang,work.no.official_lang,married,other.attached,nonmigrants.movers
447518,933,a30_34,f,ao_sao_ei,official_lang,work.official_lang,married,apartment,non.movers
758644,933,a0_4,f,ao_esao_Chinese,official_lang,work.no.official_lang,no.married,single.detached.house,non.movers
57935,933,a10_14,f,ao_esao_Filipino,official_lang,work.no.official_lang,no.married,apartment,non.movers
431373,933,a40_44,f,ao,official_lang,work.official_lang,married,apartment,non.movers
689011,933,a25_29,f,eo_eeo_Polish,official_lang,work.official_lang,married,apartment,non.movers
84933,933,a15_19,f,oo,official_lang,work.official_lang,no.married,other.attached,non.movers
228676,933,a60_64,m,ao_esao_Chinese,official_lang,work.no.official_lang,married,apartment,non.movers
118213,933,a55_59,m,ao_esao_Chinese,official_lang,work.official_lang,married,apartment,non.movers
264594,933,a80_84,f,eo_weo_German,official_lang,work.no.official_lang,widowed,apartment,non.movers
527619,933,a20_24,f,eo_oeo,official_lang,work.official_lang,no.married,other.attached,non.movers
407444,933,a30_34,m,ao_esao_Chinese,official_lang,work.official_lang,living.common.law,other.attached,other.movers
707818,933,a45_49,m,eo_seo_Italian,official_lang,work.official_lang,no.married,apartment,non.movers
729098,933,a40_44,m,ao_esao_Chinese,official_lang,work.official_lang,married,other.attached,non.movers
421348,933,a30_34,m,ao_esao_Chinese,official_lang,work.official_lang,no.married,apartment,non.movers
110829,933,a5_9,m,ao_esao_Filipino,official_lang,work.no.official_lang,no.married,other.attached,non.movers
697867,933,a30_34,f,ao_oesao,official_lang,work.official_lang,divorced,apartment,non.movers
16728,933,a30_34,f,eo_neo,official_lang,work.official_lang,married,apartment,non.movers
454020,933,a40_44,m,eo_bio_Irish,official_lang,work.official_lang,married,single.detached.house,non.movers
346438,933,a40_44,f,ao_esao_Chinese,official_lang,work.no.official_lang,married,apartment,non.movers
508407,933,a35_39,m,ao_esao_Chinese,official_lang,work.official_lang,married,apartment,non.movers
809513,933,a70_74,m,eo_bio_Scottish,official_lang,work.no.official_lang,widowed,other.attached,non.movers
360705,933,a5_9,f,ao_esao_Chinese,official_lang,work.no.official_lang,no.married,other.attached,non.movers
71996,933,a35_39,f,onao_Canadian,official_lang,work.official_lang,no.married,apartment,non.movers
585642,933,a30_34,m,ao_sao_ei,official_lang,work.official_lang,no.married,apartment,non.movers
719037,933,a45_49,f,ao_oesao,official_lang,work.no.official_lang,married,other.attached,interprovincial.movers
353020,933,a20_24,m,ao_osao,official_lang,work.official_lang,no.married,other.attached,non.movers
631284,933,a55_59,m,onao_Canadian,official_lang,work.official_lang,no.married,apartment,non.movers
742517,933,a70_74,f,eo_bio_English,official_lang,work.official_lang,married,single.detached.house,non.movers
484416,933,a40_44,m,ao_oesao,official_lang,work.official_lang,no.married,apartment,non.movers
12207,933,a50_54,f,ao_esao_Chinese,no.official_lang,work.official_lang,married,single.detached.house,non.movers
845580,933,a35_39,m,ao_esao_Chinese,official_lang,work.official_lang,married,single.detached.house,non.movers
658978,933,a40_44,m,ao_esao_Chinese,official_lang,work.official_lang,married,other.attached,non.movers
825023,933,a20_24,m,ao_oesao,official_lang,work.no.official_lang,married,apartment,non.movers
21859,933,a70_74,f,eo_seo_Italian,official_lang,work.no.official_lang,divorced,single.detached.house,non.movers
504206,933,a30_34,f,ao_esao_Filipino,official_lang,work.official_lang,no.married,apartment,non.movers
503213,933,a35_39,m,ao_sao_ei,official_lang,work.official_lang,married,single.detached.house,non.movers
924993,933,a60_64,m,ao_wcameo,official_lang,work.no.official_lang,married,other.attached,non.movers
86572,933,a0_4,f,ao,official_lang,work.no.official_lang,no.married,single.detached.house,non.movers
29016,933,a20_24,m,onao_Canadian,official_lang,work.official_lang,no.married,apartment,interprovincial.movers
275413,933,a50_54,f,onao_Canadian,official_lang,work.no.official_lang,separated,apartment,non.movers
230193,933,a40_44,f,ao_oesao,official_lang,work.official_lang,married,apartment,nonmigrants.movers
93814,933,a35_39,f,ao_esao_Filipino,official_lang,work.official_lang,married,apartment,nonmigrants.movers
728539,933,a25_29,f,lcsao,official_lang,work.official_lang,no.married,apartment,non.movers
451843,933,a20_24,m,ao_oesao,official_lang,work.official_lang,no.married,apartment,non.movers
505272,933,a35_39,f,ao_oesao,official_lang,work.no.official_lang,married,single.detached.house,non.movers
782357,933,a0_4,f,oo,official_lang,work.no.official_lang,no.married,other.attached,other.movers
818979,933,a20_24,m,ao_esao_Chinese,official_lang,work.official_lang,no.married,apartment,non.movers
476124,933,a15_19,m,eo_seo_Italian,official_lang,work.official_lang,no.married,single.detached.house,non.movers
435871,933,a35_39,f,ao_esao_Chinese,official_lang,work.official_lang,married,apartment,nonmigrants.movers
422413,933,a20_24,f,lcsao,official_lang,work.official_lang,no.married,other.attached,non.movers
41912,933,a30_34,f,onao_Canadian,official_lang,work.no.official_lang,separated,apartment,non.movers
160280,933,a35_39,m,ao_esao_Chinese,official_lang,work.official_lang,married,other.attached,non.movers
320030,933,a75_79,m,eo_bio_Scottish,official_lang,work.no.official_lang,married,apartment,non.movers
128928,933,a25_29,f,eo_weo_German,official_lang,work.official_lang,living.common.law,single.detached.house,non.movers
656474,933,a40_44,f,ao_esao_Chinese,official_lang,work.no.official_lang,married,apartment,non.movers
902404,933,a50_54,m,eo_weo_German,official_lang,work.official_lang,married,single.detached.house,non.movers
588356,933,a45_49,m,ao_oesao,official_lang,work.official_lang,married,other.attached,non.movers
119649,933,a35_39,m,ao_wcameo,official_lang,work.official_lang,married,single.detached.house,other.movers
866458,933,a60_64,m,ao_esao_Chinese,official_lang,work.official_lang,married,other.attached,non.movers
397716,933,a55_59,m,ao_esao_Filipino,official_lang,work.no.official_lang,separated,apartment,non.movers
719192,933,a15_19,m,onao_Canadian,official_lang,work.no.official_lang,no.married,single.detached.house,non.movers
756718,933,a50_54,f,ao_oesao,official_lang,work.no.official_lang,living.common.law,apartment,non.movers
213759,933,a25_29,f,ao_osao,official_lang,work.no.official_lang,no.married,apartment,non.movers
39060,933,a25_29,m,ao_osao,official_lang,work.official_lang,no.married,single.detached.house,non.movers
899787,933,a20_24,m,ao_oesao,official_lang,work.official_lang,no.married,other.attached,non.movers
622506,933,a45_49,f,eo_seo_Italian,official_lang,work.official_lang,no.married,apartment,non.movers
337119,933,a45_49,f,ao_wcameo,official_lang,work.official_lang,no.married,apartment,non.movers
349980,933,a10_14,m,ao_esao_Chinese,official_lang,work.no.official_lang,no.married,single.detached.house,non.movers
746937,933,a15_19,f,ao_esao_Chinese,official_lang,work.official_lang,no.married,other.attached,non.movers
469897,933,a35_39,m,ao_oesao,official_lang,work.official_lang,married,single.detached.house,non.movers
223695,933,a50_54,m,eo_bio_English,official_lang,work.official_lang,married,single.detached.house,non.movers
906630,933,a65_69,f,onao_Canadian,official_lang,work.official_lang,married,apartment,non.movers
396386,933,a30_34,f,ao_wcameo,official_lang,work.official_lang,living.common.law,apartment,non.movers
438430,933,a35_39,m,ao_esao_Chinese,official_lang,work.official_lang,married,apartment,non.movers
657966,933,a25_29,m,ao_esao_Chinese,no.official_lang,work.no.official_lang,married,apartment,non.movers
374099,933,a0_4,m,ao_esao_Chinese,no.official_lang,work.no.official_lang,no.married,single.detached.house,other.movers
365753,933,a30_34,m,ao_esao_Chinese,official_lang,work.official_lang,married,apartment,non.movers
592575,933,a30_34,m,lcsao,official_lang,work.official_lang,living.common.law,apartment,non.movers
113163,933,a30_34,m,ao_esao_Chinese,official_lang,work.official_lang,married,other.attached,non.movers
559550,933,a70_74,m,ao_sao_ei,official_lang,work.no.official_lang,married,apartment,non.movers
651612,933,a25_29,m,ao_sao_ei,official_lang,work.official_lang,no.married,apartment,external.movers
883966,933,a35_39,m,ao_esao_Chinese,official_lang,work.official_lang,married,other.attached,non.movers
824238,933,a25_29,m,eo_seo_Italian,official_lang,work.no.official_lang,widowed,single.detached.house,non.movers
746715,933,a65_69,m,eo_eeo_Polish,official_lang,work.official_lang,married,other.attached,non.movers
841929,933,a50_54,m,ao_esao_Chinese,official_lang,work.official_lang,married,apartment,non.movers
686808,933,a0_4,f,ao_wcameo,no.official_lang,work.no.official_lang,no.married,other.attached,other.movers
252760,933,a20_24,f,ao_oesao,official_lang,work.official_lang,no.married,apartment,non.movers
687174,933,a65_69,m,ao_esao_Chinese,official_lang,work.no.official_lang,living.common.law,apartment,non.movers
507660,933,a35_39,f,onao_Canadian,official_lang,work.official_lang,living.common.law,single.detached.house,nonmigrants.movers
649443,933,a30_34,f,ao_osao,official_lang,work.official_lang,married,single.detached.house,non.movers
381241,933,a55_59,m,eo_seo_Greek,official_lang,work.official_lang,living.common.law,apartment,non.movers
735540,933,a40_44,f,eo_eeo_Russian,official_lang,work.official_lang,married,apartment,non.movers
323066,933,a75_79,f,eo_weo_German,official_lang,work.no.official_lang,widowed,single.detached.house,non.movers
360311,933,a30_34,m,ao_wcameo,official_lang,work.official_lang,no.married,apartment,interprovincial.movers
656768,933,a45_49,m,eo_neo,official_lang,work.official_lang,divorced,other.attached,non.movers
588356,933,a45_49,m,ao_oesao,official_lang,work.official_lang,married,other.attached,non.movers
220798,933,a5_9,f,ao_wcameo,official_lang,work.no.official_lang,no.married,other.attached,non.movers
247405,933,a35_39,f,eo_neo,official_lang,work.official_lang,married,other.attached,non.movers
315357,933,a25_29,f,ao_osao,official_lang,work.official_lang,married,apartment,nonmigrants.movers
875927,933,a5_9,m,naao,official_lang,work.no.official_lang,no.married,single.detached.house,non.movers
783234,933,a65_69,f,ao_oesao,official_lang,work.no.official_lang,married,apartment,non.movers
920841,933,a35_39,m,ao_esao_Chinese,official_lang,work.official_lang,married,apartment,non.movers
849403,933,a0_4,f,ao_esao_Chinese,no.official_lang,work.no.official_lang,no.married,apartment,other.movers
305045,933,a25_29,m,ao_esao_Chinese,official_lang,work.official_lang,living.common.law,other.attached,non.movers
847432,933,a55_59,m,onao_Canadian,official_lang,work.no.official_lang,no.married,apartment,interprovincial.movers
527851,933,a55_59,m,ao_esao_Chinese,official_lang,work.official_lang,married,other.attached,non.movers
63099,933,a0_4,m,eo_seo_Spanish,official_lang,work.no.official_lang,no.married,other.attached,non.movers
760372,933,a5_9,m,ao_wcameo,official_lang,work.no.official_lang,no.married,other.attached,non.movers
517768,933,a50_54,m,ao_esao_Chinese,official_lang,work.no.official_lang,married,single.detached.house,non.movers
102854,933,a55_59,m,ao_oesao,official_lang,work.no.official_lang,married,apartment,external.movers
569830,933,a5_9,m,eo_bio_English,official_lang,work.no.official_lang,no.married,other.attached,non.movers
637744,933,a25_29,m,ao_oesao,official_lang,work.official_lang,no.married,apartment,non.movers
600921,933,a50_54,f,ao_oesao,official_lang,work.no.official_lang,married,other.attached,non.movers
655963,933,a40_44,f,ao_oesao,official_lang,work.official_lang,married,apartment,non.movers
528038,933,a40_44,f,ao_esao_Chinese,official_lang,work.official_lang,divorced,single.detached.house,non.movers
58760,933,a40_44,f,ao_esao_Filipino,official_lang,work.official_lang,married,other.attached,non.movers
560099,933,a5_9,f,onao_Canadian,official_lang,work.no.official_lang,no.married,single.detached.house,non.movers
535690,933,a10_14,f,ao_esao_Chinese,official_lang,work.no.official_lang,no.married,other.attached,non.movers
308811,933,a10_14,f,ao_oesao,official_lang,work.no.official_lang,no.married,apartment,non.movers
389439,933,a10_14,m,ao_oesao,official_lang,work.no.official_lang,no.married,apartment,non.movers
476295,933,a45_49,f,ao_sao_ei,official_lang,work.no.official_lang,married,apartment,non.movers
883944,933,a45_49,f,ao_esao_Chinese,official_lang,work.official_lang,married,other.attached,other.movers
890954,933,a30_34,m,ao,official_lang,work.official_lang,married,apartment,non.movers
704817,933,a0_4,m,ao_esao_Chinese,official_lang,work.no.official_lang,no.married,single.detached.house,non.movers
393299,933,a35_39,m,eo_eeo_Ukrainian,official_lang,work.official_lang,living.common.law,other.attached,non.movers
544453,933,a25_29,f,eo_seo_Portuguese,official_lang,work.official_lang,married,apartment,nonmigrants.movers
22229,933,a60_64,m,eo_bio_Irish,official_lang,work.official_lang,married,other.attached,non.movers
923999,933,a30_34,f,eo_eeo_Ukrainian,official_lang,work.official_lang,married,other.attached,other.movers
693160,933,a10_14,m,oco,official_lang,work.no.official_lang,no.married,single.detached.house,nonmigrants.movers
334675,933,a0_4,f,onao_Canadian,official_lang,work.no.official_lang,no.married,apartment,non.movers
293562,933,a60_64,f,ao_esao_Chinese,official_lang,work.official_lang,divorced,apartment,non.movers
821301,933,a35_39,m,eo_fo,official_lang,work.official_lang,married,other.attached,non.movers
503907,933,a25_29,f,ao_esao_Chinese,official_lang,work.official_lang,no.married,apartment,non.movers
46039,933,a55_59,m,onao_Canadian,official_lang,work.official_lang,married,apartment,non.movers
539594,933,a40_44,f,ao_wcameo,official_lang,work.no.official_lang,married,apartment,nonmigrants.movers
738092,933,a60_64,m,ao_esao_Filipino,official_lang,work.official_lang,married,other.attached,non.movers
729079,933,a25_29,m,ao_oesao,official_lang,work.official_lang,no.married,apartment,non.movers
188345,933,a10_14,f,onao_Canadian,official_lang,work.no.official_lang,no.married,apartment,non.movers
210425,933,a35_39,m,lcsao,official_lang,work.official_lang,married,single.detached.house,non.movers
494960,933,a70_74,m,eo_fo,official_lang,work.no.official_lang,married,other.attached,non.movers
840684,933,a60_64,m,eo_obio,official_lang,work.official_lang,divorced,apartment,non.movers
891795,933,a15_19,f,ao_esao_Filipino,official_lang,work.official_lang,no.married,other.attached,non.movers
191554,933,a35_39,f,ao_wcameo,official_lang,work.official_lang,married,other.attached,nonmigrants.movers
282833,933,a60_64,f,eo_bio_English,official_lang,work.no.official_lang,married,apartment,non.movers
329335,933,a50_54,m,ao_oesao,official_lang,work.official_lang,married,apartment,non.movers
441309,933,a10_14,m,eo_oeeo,official_lang,work.no.official_lang,no.married,apartment,other.movers
856433,933,a40_44,f,ao_esao_Chinese,official_lang,work.official_lang,divorced,other.attached,non.movers
492250,933,a40_44,f,eo_seo_Italian,official_lang,work.no.official_lang,married,other.attached,other.movers
446965,933,a5_9,f,ao_esao_Chinese,official_lang,work.no.official_lang,no.married,single.detached.house,external.movers
361394,933,a75_79,f,eo_weo_German,official_lang,work.no.official_lang,divorced,apartment,non.movers
749594,933,a30_34,m,ao_sao_ei,official_lang,work.official_lang,no.married,single.detached.house,non.movers
790609,933,a35_39,m,ao_esao_Filipino,official_lang,work.official_lang,living.common.law,other.attached,non.movers
421348,933,a30_34,m,ao_esao_Chinese,official_lang,work.official_lang,no.married,apartment,non.movers
608848,933,a10_14,f,ao_esao_Chinese,official_lang,work.no.official_lang,no.married,other.attached,non.movers
767504,933,a5_9,m,ao_sao_ei,official_lang,work.no.official_lang,no.married,apartment,non.movers
2914,933,a30_34,f,eo_oseo,official_lang,work.official_lang,living.common.law,other.attached,non.movers
124194,933,a45_49,f,ao_osao,official_lang,work.official_lang,married,apartment,non.movers
22229,933,a60_64,m,eo_bio_Irish,official_lang,work.official_lang,married,other.attached,non.movers
37478,933,a55_59,m,eo_neo,official_lang,work.official_lang,married,apartment,other.movers
862705,933,a75_79,m,ao_sao_ei,official_lang,work.no.official_lang,married,other.attached,non.movers
474697,933,a50_54,f,eo_eeo_Russian,official_lang,work.no.official_lang,divorced,apartment,non.movers
694284,933,a25_29,f,eo_bio_Irish,official_lang,work.official_lang,no.married,other.attached,non.movers
581222,933,a15_19,f,lcsao,official_lang,work.no.official_lang,no.married,single.detached.house,external.movers
671242,933,a45_49,f,eo_bio_Irish,official_lang,work.official_lang,married,other.attached,non.movers
438582,933,a75_79,m,ao_esao_Chinese,no.official_lang,work.no.official_lang,married,other.attached,non.movers
163329,933,a5_9,f,ao_sao_ei,official_lang,work.no.official_lang,no.married,other.attached,nonmigrants.movers
879152,933,a25_29,f,eo_bio_Irish,official_lang,work.official_lang,married,other.attached,non.movers
883106,933,a25_29,m,eo_seo_Italian,official_lang,work.official_lang,married,single.detached.house,non.movers
33121,933,a30_34,m,eo_bio_Irish,official_lang,work.official_lang,no.married,apartment,nonmigrants.movers
102934,933,a30_34,f,ao_sao_ei,official_lang,work.no.official_lang,married,single.detached.house,non.movers
865873,933,a50_54,m,eo_weo_German,official_lang,work.official_lang,no.married,apartment,non.movers
9262,933,a25_29,m,lcsao,official_lang,work.no.official_lang,living.common.law,apartment,non.movers
474575,933,a45_49,m,eo_weo_German,official_lang,work.no.official_lang,no.married,apartment,non.movers
406366,933,a45_49,m,eo_bio_English,official_lang,work.official_lang,married,single.detached.house,non.movers
874407,933,a45_49,f,ao_esao_Chinese,no.official_lang,work.no.official_lang,married,apartment,non.movers
770532,933,a30_34,f,ao_sao_ei,official_lang,work.official_lang,married,single.detached.house,non.movers
68394,933,a20_24,f,ao_oesao,official_lang,work.official_lang,no.married,apartment,non.movers
814922,933,a45_49,m,ao_esao_Chinese,official_lang,work.no.official_lang,married,single.detached.house,non.movers
358369,933,a35_39,f,eo_bio_English,official_lang,work.official_lang,married,single.detached.house,non.movers
631178,933,a50_54,f,ao_esao_Filipino,official_lang,work.official_lang,married,other.attached,non.movers
806151,933,a25_29,f,ao_sao_ei,official_lang,work.no.official_lang,no.married,apartment,non.movers
560398,933,a60_64,f,ao_esao_Chinese,official_lang,work.official_lang,married,apartment,non.movers
78139,933,a65_69,m,eo_eeo_Polish,official_lang,work.no.official_lang,living.common.law,other.attached,non.movers
454287,933,a60_64,m,eo_bio_Irish,official_lang,work.official_lang,married,single.detached.house,non.movers
802890,933,a45_49,m,ao_esao_Chinese,official_lang,work.official_lang,married,apartment,non.movers
895978,933,a30_34,m,ao_esao_Chinese,official_lang,work.official_lang,no.married,other.attached,non.movers
237302,933,a10_14,m,eo_seo_Italian,official_lang,work.no.official_lang,no.married,single.detached.house,non.movers
395958,933,a25_29,m,eo_seo_Portuguese,official_lang,work.official_lang,married,other.attached,non.movers
569903,933,a45_49,f,ao_esao_Chinese,official_lang,work.no.official_lang,married,single.detached.house,non.movers
372495,933,a0_4,f,ao_oesao,official_lang,work.no.official_lang,no.married,apartment,non.movers
620613,933,a0_4,m,onao_Canadian,official_lang,work.no.official_lang,no.married,single.detached.house,non.movers
529941,933,a50_54,f,eo_seo_Portuguese,official_lang,work.official_lang,living.common.law,apartment,non.movers
372142,933,a40_44,f,ao_esao_Chinese,official_lang,work.official_lang,married,other.attached,non.movers
914669,933,a10_14,m,ao_oesao,official_lang,work.no.official_lang,no.married,apartment,non.movers
87045,933,a35_39,f,ao_sao_ei,official_lang,work.official_lang,married,single.detached.house,non.movers
760678,933,a80_84,f,ao_esao_Chinese,no.official_lang,work.no.official_lang,married,other.attached,non.movers
525433,933,a40_44,f,ao_esao_Chinese,official_lang,work.no.official_lang,separated,other.attached,nonmigrants.movers
899787,933,a20_24,m,ao_oesao,official_lang,work.official_lang,no.married,other.attached,non.movers
902948,933,a5_9,m,ao_sao_ei,official_lang,work.no.official_lang,no.married,apartment,non.movers
904032,933,a35_39,f,ao_sao_ei,official_lang,work.official_lang,married,apartment,non.movers
273093,933,a35_39,f,ao_oesao,official_lang,work.official_lang,married,apartment,non.movers
603913,933,a65_69,m,onao_Canadian,official_lang,work.no.official_lang,divorced,other.attached,non.movers
400387,933,a30_34,m,eo_seo_Italian,official_lang,work.official_lang,married,other.attached,non.movers
576131,933,a50_54,f,eo_bio_English,official_lang,work.official_lang,living.common.law,apartment,non.movers
878747,933,a30_34,m,ao_sao_ei,official_lang,work.official_lang,married,single.detached.house,non.movers
890254,933,a30_34,f,ao_oesao,official_lang,work.official_lang,married,other.attached,non.movers
116051,933,a0_4,m,ao_esao_Chinese,official_lang,work.no.official_lang,no.married,apartment,non.movers
792616,933,a35_39,f,ao_esao_Chinese,official_lang,work.no.official_lang,married,other.attached,non.movers
820965,933,a60_64,m,eo_bio_Scottish,official_lang,work.official_lang,married,apartment,non.movers
398778,933,a20_24,f,ao_esao_Chinese,official_lang,work.official_lang,married,apartment,other.movers
181459,933,a30_34,f,ao_sao_ei,official_lang,work.official_lang,married,single.detached.house,non.movers
339315,933,a30_34,m,ao_esao_Filipino,official_lang,work.official_lang,married,other.attached,nonmigrants.movers
295885,933,a45_49,f,ao_oesao,official_lang,work.no.official_lang,married,other.attached,other.movers
654044,933,a30_34,f,ao_sao_ei,official_lang,work.official_lang,married,single.detached.house,nonmigrants.movers
617591,933,a35_39,m,eo_weo_German,official_lang,work.official_lang,living.common.law,apartment,non.movers
846055,933,a5_9,f,ao_sao_ei,official_lang,work.no.official_lang,no.married,single.detached.house,non.movers
164745,933,a50_54,m,ao_esao_Chinese,official_lang,work.official_lang,married,apartment,non.movers
110883,933,a40_44,m,eo_eeo_Ukrainian,official_lang,work.official_lang,married,apartment,non.movers
271371,933,a30_34,m,ao_oesao,official_lang,work.no.official_lang,no.married,other.attached,non.movers
71242,933,a35_39,f,eo_weo_German,official_lang,work.official_lang,no.married,apartment,non.movers
540071,933,a45_49,f,ao_sao_ei,official_lang,work.official_lang,married,other.attached,non.movers
763621,933,a0_4,f,ao_oesao,official_lang,work.no.official_lang,no.married,other.attached,non.movers
687174,933,a65_69,m,ao_esao_Chinese,official_lang,work.no.official_lang,living.common.law,apartment,non.movers
111124,933,a30_34,m,naao,official_lang,work.no.official_lang,living.common.law,apartment,non.movers
256948,933,a50_54,f,ao_esao_Chinese,official_lang,work.no.official_lang,married,other.attached,non.movers
467066,933,a30_34,f,eo_bio_Scottish,official_lang,work.official_lang,no.married,other.attached,non.movers
300835,933,a10_14,m,ao_esao_Filipino,official_lang,work.no.official_lang,no.married,apartment,other.movers
691893,933,a35_39,m,ao_oesao,official_lang,work.official_lang,no.married,apartment,non.movers
421126,933,a50_54,f,ao_oesao,official_lang,work.no.official_lang,married,other.attached,non.movers
248970,933,a60_64,m,ao_oesao,official_lang,work.no.official_lang,divorced,apartment,non.movers
845432,933,a45_49,m,eo_weo_German,official_lang,work.no.official_lang,living.common.law,single.detached.house,non.movers
849684,933,a50_54,f,lcsao,official_lang,work.official_lang,divorced,other.attached,non.movers
856888,933,a35_39,f,ao_esao_Chinese,official_lang,work.official_lang,no.married,apartment,interprovincial.movers
123715,933,a80_84,f,ao_esao_Chinese,no.official_lang,work.no.official_lang,married,apartment,non.movers
462475,933,a30_34,f,ao_esao_Chinese,official_lang,work.official_lang,married,apartment,nonmigrants.movers
880667,933,a25_29,m,ao_esao_Chinese,official_lang,work.official_lang,no.married,apartment,interprovincial.movers
583510,933,a0_4,m,ao_esao_Filipino,official_lang,work.no.official_lang,no.married,apartment,non.movers
287953,933,a55_59,f,ao_sao_ei,official_lang,work.official_lang,divorced,other.attached,non.movers
97987,933,a55_59,f,ao_esao_Filipino,official_lang,work.official_lang,no.married,apartment,non.movers
685909,933,a30_34,m,eo_weo_Dutch,official_lang,work.official_lang,married,single.detached.house,non.movers
90337,933,a35_39,f,oo,official_lang,work.official_lang,married,apartment,non.movers
423561,933,a40_44,m,ao_esao_Chinese,official_lang,work.official_lang,married,single.detached.house,non.movers
376661,933,a15_19,f,ao,official_lang,work.official_lang,no.married,other.attached,non.movers
163641,933,a10_14,f,eo_oseo,official_lang,work.no.official_lang,no.married,other.attached,other.movers
189024,933,a45_49,m,eo_bio_English,official_lang,work.official_lang,married,other.attached,non.movers
893990,933,a60_64,f,ao_sao_ei,official_lang,work.official_lang,divorced,other.attached,non.movers
700505,933,a10_14,f,ao_esao_Filipino,official_lang,work.no.official_lang,no.married,other.attached,non.movers
850653,933,a25_29,m,eo_bio_English,official_lang,work.official_lang,no.married,single.detached.house,non.movers
592350,933,a65_69,m,eo_weo_German,official_lang,work.official_lang,married,apartment,non.movers
760398,933,a30_34,f,naao,official_lang,work.official_lang,living.common.law,apartment,nonmigrants.movers
471954,933,a55_59,f,onao_Canadian,official_lang,work.official_lang,no.married,apartment,non.movers
858675,933,a35_39,m,ao_oesao,official_lang,work.official_lang,married,other.attached,non.movers
366241,933,a60_64,m,ao_esao_Chinese,official_lang,work.official_lang,married,apartment,non.movers
295185,933,a0_4,m,onao_Canadian,official_lang,work.no.official_lang,no.married,other.attached,nonmigrants.movers
869127,933,a45_49,m,eo_neo,official_lang,work.official_lang,married,single.detached.house,non.movers
78076,933,a15_19,f,eo_bio_English,official_lang,work.official_lang,no.married,other.attached,non.movers
482063,933,a60_64,f,ao_oesao,official_lang,work.official_lang,married,single.detached.house,non.movers
265796,933,a0_4,f,ao_sao_ei,official_lang,work.no.official_lang,no.married,other.attached,other.movers
12424,933,a30_34,f,lcsao,official_lang,work.official_lang,married,other.attached,non.movers
862587,933,a65_69,m,ao_esao_Chinese,official_lang,work.no.official_lang,living.common.law,other.attached,non.movers
265338,933,a80_84,m,eo_eeo_Polish,official_lang,work.no.official_lang,married,single.detached.house,non.movers
478851,933,a35_39,f,ao_esao_Chinese,official_lang,work.official_lang,no.married,other.attached,non.movers
813259,933,a25_29,m,ao_esao_Chinese,official_lang,work.official_lang,no.married,apartment,other.movers
486330,933,a40_44,f,ao_esao_Filipino,official_lang,work.official_lang,married,other.attached,non.movers
771120,933,a0_4,m,ao,official_lang,work.no.official_lang,no.married,other.attached,non.movers
755224,933,a55_59,f,eo_fo,official_lang,work.official_lang,married,apartment,non.movers
538430,933,a35_39,m,eo_bio_Irish,official_lang,work.official_lang,living.common.law,apartment,non.movers
100547,933,a50_54,f,oo,official_lang,work.official_lang,married,other.attached,non.movers
35374,933,a45_49,m,eo_fo,official_lang,work.official_lang,living.common.law,apartment,non.movers
658621,933,a50_54,m,ao_sao_ei,official_lang,work.official_lang,divorced,apartment,non.movers
720104,933,a30_34,f,eo_seo_Portuguese,official_lang,work.official_lang,married,single.detached.house,non.movers
841595,933,a5_9,f,ao_esao_Chinese,official_lang,work.no.official_lang,no.married,apartment,non.movers
160460,933,a30_34,f,ao,official_lang,work.official_lang,married,apartment,non.movers
906012,933,a35_39,m,ao_oesao,official_lang,work.official_lang,married,other.attached,other.movers
850367,933,a30_34,m,onao_Canadian,official_lang,work.official_lang,living.common.law,apartment,non.movers
262185,933,a30_34,f,ao_oesao,official_lang,work.official_lang,living.common.law,apartment,nonmigrants.movers
503511,933,a70_74,m,eo_eeo_Polish,official_lang,work.no.official_lang,married,single.detached.house,non.movers
928397,933,a25_29,f,ao_oesao,official_lang,work.official_lang,no.married,other.attached,non.movers
638786,933,a0_4,f,ao_wcameo,official_lang,work.no.official_lang,no.married,apartment,non.movers
748078,933,a5_9,m,ao_oesao,official_lang,work.no.official_lang,no.married,apartment,non.movers
924993,933,a60_64,m,ao_wcameo,official_lang,work.no.official_lang,married,other.attached,non.movers
457193,933,a45_49,m,eo_eeo_Ukrainian,official_lang,work.official_lang,no.married,apartment,non.movers
335501,933,a50_54,m,eo_eeo_Ukrainian,official_lang,work.official_lang,married,other.attached,non.movers
454300,933,a10_14,f,ao,official_lang,work.no.official_lang,no.married,other.attached,non.movers
863898,933,a55_59,m,eo_bio_Irish,official_lang,work.official_lang,married,apartment,non.movers
304857,933,a35_39,f,ao_esao_Chinese,no.official_lang,work.no.official_lang,no.married,apartment,non.movers
517597,933,a30_34,f,ao_sao_ei,official_lang,work.official_lang,married,apartment,non.movers
599123,933,a45_49,f,ao_oesao,official_lang,work.official_lang,married,single.detached.house,non.movers
159502,933,a25_29,f,ao_esao_Chinese,official_lang,work.no.official_lang,no.married,other.attached,non.movers
330194,933,a70_74,m,eo_bio_Scottish,official_lang,work.no.official_lang,married,single.detached.house,non.movers
680112,933,a55_59,f,ao_sao_ei,official_lang,work.official_lang,married,apartment,non.movers
813472,933,a65_69,f,ao_esao_Chinese,no.official_lang,work.no.official_lang,separated,other.attached,non.movers
238004,933,a50_54,m,eo_weo_German,official_lang,work.official_lang,married,single.detached.house,non.movers
915452,933,a35_39,m,ao_esao_Chinese,official_lang,work.official_lang,married,single.detached.house,non.movers
575056,933,a5_9,m,ao_oesao,official_lang,work.no.official_lang,no.married,single.detached.house,external.movers
556419,933,a50_54,m,ao_oesao,official_lang,work.official_lang,married,apartment,nonmigrants.movers
316213,933,a45_49,m,ao_esao_Chinese,official_lang,work.official_lang,married,apartment,non.movers
428752,933,a15_19,f,ao_oesao,official_lang,work.official_lang,no.married,other.attached,non.movers
134223,933,a30_34,f,ao_esao_Chinese,official_lang,work.official_lang,married,other.attached,non.movers
58109,933,a55_59,f,ao_wcameo,no.official_lang,work.no.official_lang,married,single.detached.house,non.movers
378193,933,a30_34,f,ao_sao_ei,official_lang,work.official_lang,married,single.detached.house,non.movers
671283,933,a25_29,m,ao_esao_Chinese,official_lang,work.official_lang,no.married,single.detached.house,non.movers
39027,933,a30_34,m,eo_bio_Irish,official_lang,work.official_lang,married,other.attached,nonmigrants.movers
432437,933,a40_44,m,eo_obio,official_lang,work.official_lang,living.common.law,apartment,nonmigrants.movers
660453,933,a40_44,f,ao_sao_ei,official_lang,work.official_lang,divorced,apartment,non.movers
752651,933,a25_29,m,ao_esao_Chinese,official_lang,work.official_lang,married,other.attached,non.movers
901102,933,a45_49,m,ao_esao_Filipino,official_lang,work.official_lang,divorced,apartment,non.movers
378940,933,a55_59,f,ao_esao_Chinese,official_lang,work.no.official_lang,married,apartment,non.movers
30322,933,a85_,f,eo_eeo_Russian,no.official_lang,work.no.official_lang,widowed,single.detached.house,non.movers
260127,933,a20_24,m,ao_esao_Chinese,official_lang,work.no.official_lang,no.married,single.detached.house,non.movers
49180,933,a35_39,f,onao_Canadian,official_lang,work.official_lang,living.common.law,single.detached.house,non.movers
337047,933,a25_29,f,ao_sao_ei,official_lang,work.official_lang,no.married,apartment,non.movers
629883,933,a45_49,f,eo_seo_Spanish,official_lang,work.official_lang,married,apartment,non.movers
740898,933,a40_44,m,ao_esao_Chinese,official_lang,work.official_lang,married,other.attached,non.movers
329891,933,a10_14,f,ao_esao_Chinese,official_lang,work.no.official_lang,no.married,other.attached,non.movers
17476,933,a40_44,f,ao_esao_Chinese,official_lang,work.official_lang,no.married,apartment,non.movers
68650,933,a10_14,m,onao_Canadian,official_lang,work.no.official_lang,no.married,other.attached,non.movers
729368,933,a25_29,f,ao_esao_Chinese,official_lang,work.official_lang,married,apartment,non.movers
520288,933,a55_59,m,ao_wcameo,official_lang,work.no.official_lang,widowed,apartment,non.movers
872049,933,a25_29,f,ao_oesao,official_lang,work.official_lang,no.married,apartment,non.movers
441108,933,a0_4,m,onao_Canadian,official_lang,work.no.official_lang,no.married,single.detached.house,non.movers
524224,933,a5_9,m,ao_sao_ei,official_lang,work.no.official_lang,no.married,single.detached.house,non.movers
794596,933,a35_39,f,ao_osao,official_lang,work.no.official_lang,married,apartment,non.movers
262294,933,a70_74,m,ao_esao_Chinese,no.official_lang,work.no.official_lang,married,single.detached.house,non.movers
81934,933,a35_39,f,ao_esao_Chinese,official_lang,work.no.official_lang,divorced,other.attached,non.movers
437660,933,a5_9,m,eo_oseo,official_lang,work.no.official_lang,no.married,single.detached.house,non.movers
5492,933,a40_44,m,eo_seo_Spanish,official_lang,work.official_lang,married,apartment,other.movers
4539,933,a30_34,m,lcsao,official_lang,work.official_lang,married,apartment,non.movers
167194,933,a40_44,m,eo_fo,official_lang,work.official_lang,married,single.detached.house,non.movers
848270,933,a20_24,f,eo_eeo_Polish,official_lang,work.no.official_lang,no.married,other.attached,non.movers
841906,933,a85_,f,eo_bio_English,official_lang,work.no.official_lang,married,other.attached,non.movers
764675,933,a30_34,f,ao_esao_Chinese,official_lang,work.no.official_lang,no.married,other.attached,nonmigrants.movers
57999,933,a15_19,f,ao_esao_Chinese,official_lang,work.official_lang,no.married,other.attached,non.movers
724769,933,a40_44,f,eo_bio_English,official_lang,work.official_lang,married,single.detached.house,non.movers
740985,933,a5_9,m,ao_oesao,official_lang,work.no.official_lang,no.married,apartment,non.movers
811910,933,a40_44,m,eo_bio_English,official_lang,work.no.official_lang,married,apartment,non.movers
925110,933,a45_49,m,ao_esao_Chinese,official_lang,work.official_lang,married,single.detached.house,non.movers
373636,933,a30_34,m,ao_esao_Chinese,official_lang,work.no.official_lang,no.married,apartment,external.movers
2453,933,a55_59,f,eo_oweo,official_lang,work.official_lang,married,other.attached,nonmigrants.movers
914058,933,a35_39,f,eo_bio_English,official_lang,work.official_lang,married,apartment,non.movers
139579,933,a25_29,m,ao_oesao,official_lang,work.official_lang,living.common.law,apartment,nonmigrants.movers
683010,933,a40_44,f,eo_bio_Scottish,official_lang,work.official_lang,married,single.detached.house,nonmigrants.movers
650948,933,a35_39,m,eo_bio_Scottish,official_lang,work.official_lang,no.married,apartment,non.movers
731638,933,a15_19,m,ao_esao_Chinese,official_lang,work.no.official_lang,no.married,single.detached.house,external.movers
884149,933,a0_4,f,ao_sao_ei,no.official_lang,work.no.official_lang,no.married,apartment,nonmigrants.movers
751756,933,a35_39,f,eo_oeeo,official_lang,work.official_lang,married,apartment,non.movers
315506,933,a50_54,m,ao_oesao,official_lang,work.official_lang,married,single.detached.house,non.movers
315050,933,a60_64,m,eo_oseo,official_lang,work.official_lang,divorced,apartment,non.movers
451735,933,a35_39,f,onao_Canadian,official_lang,work.no.official_lang,married,apartment,non.movers
583831,933,a0_4,m,ao_esao_Chinese,official_lang,work.no.official_lang,no.married,single.detached.house,non.movers
836271,933,a20_24,m,ao_oesao,official_lang,work.official_lang,no.married,single.detached.house,interprovincial.movers
726685,933,a50_54,m,eo_seo_Portuguese,official_lang,work.official_lang,married,apartment,non.movers
436950,933,a10_14,m,onao_Canadian,official_lang,work.no.official_lang,no.married,single.detached.house,non.movers
144024,933,a25_29,f,ao_esao_Chinese,official_lang,work.official_lang,living.common.law,other.attached,other.movers
235871,933,a5_9,f,ao_sao_ei,official_lang,work.no.official_lang,no.married,apartment,non.movers
543244,933,a5_9,f,ao_esao_Chinese,official_lang,work.no.official_lang,no.married,apartment,non.movers
397177,933,a30_34,f,ao_esao_Chinese,official_lang,work.official_lang,no.married,other.attached,non.movers
354613,933,a20_24,f,ao_oesao,official_lang,work.official_lang,married,single.detached.house,interprovincial.movers
149126,933,a80_84,f,eo_eeo_Ukrainian,official_lang,work.no.official_lang,widowed,apartment,non.movers
466713,933,a35_39,f,ao_oesao,official_lang,work.official_lang,no.married,apartment,nonmigrants.movers
568459,933,a60_64,m,eo_bio_Irish,official_lang,work.official_lang,married,other.attached,non.movers
824919,933,a30_34,m,ao_esao_Chinese,official_lang,work.official_lang,no.married,apartment,non.movers
546949,933,a40_44,f,eo_eeo_Russian,official_lang,work.official_lang,married,other.attached,non.movers
133794,933,a60_64,f,onao_Canadian,official_lang,work.official_lang,married,single.detached.house,non.movers
275805,933,a45_49,f,ao_esao_Filipino,official_lang,work.official_lang,married,other.attached,non.movers
867218,933,a60_64,f,ao_esao_Chinese,official_lang,work.no.official_lang,divorced,single.detached.house,non.movers
566574,933,a30_34,f,onao_Canadian,official_lang,work.official_lang,married,other.attached,non.movers
105182,933,a15_19,m,lcsao,official_lang,work.no.official_lang,no.married,other.attached,non.movers
342227,933,a30_34,f,ao_oesao,official_lang,work.official_lang,married,apartment,nonmigrants.movers
896726,933,a15_19,m,ao_esao_Chinese,official_lang,work.official_lang,no.married,other.attached,non.movers
94519,933,a40_44,m,ao_esao_Chinese,official_lang,work.no.official_lang,married,single.detached.house,non.movers
588147,933,a30_34,m,eo_bio_Irish,official_lang,work.official_lang,living.common.law,other.attached,non.movers
854031,933,a65_69,f,ao_esao_Chinese,official_lang,work.no.official_lang,divorced,apartment,nonmigrants.movers
2734,933,a35_39,f,onao_Canadian,official_lang,work.official_lang,married,single.detached.house,non.movers
436758,933,a50_54,m,eo_weo_German,official_lang,work.official_lang,married,single.detached.house,non.movers
862499,933,a30_34,m,eo_bio_Scottish,official_lang,work.official_lang,living.common.law,apartment,non.movers
119968,933,a60_64,m,ao_oesao,official_lang,work.no.official_lang,no.married,single.detached.house,non.movers
414549,933,a75_79,m,eo_seo_Spanish,official_lang,work.official_lang,married,other.attached,non.movers
10782,933,a65_69,m,eo_neo,official_lang,work.no.official_lang,married,apartment,non.movers
34479,933,a45_49,m,ao_esao_Chinese,official_lang,work.official_lang,married,other.attached,non.movers
383563,933,a45_49,m,eo_bio_Irish,official_lang,work.official_lang,married,other.attached,non.movers
634630,933,a55_59,m,eo_neo,official_lang,work.official_lang,no.married,apartment,non.movers
92970,933,a25_29,m,ao_sao_ei,official_lang,work.no.official_lang,no.married,single.detached.house,non.movers
357817,933,a25_29,m,ao_esao_Chinese,official_lang,work.official_lang,no.married,apartment,nonmigrants.movers
872445,933,a30_34,f,onao_Canadian,official_lang,work.official_lang,no.married,single.detached.house,non.movers
123945,933,a40_44,f,ao_esao_Chinese,official_lang,work.official_lang,married,other.attached,non.movers
838533,933,a40_44,m,ao_osao,official_lang,work.official_lang,married,single.detached.house,non.movers
740693,933,a55_59,f,eo_weo_German,official_lang,work.official_lang,living.common.law,single.detached.house,non.movers
872017,933,a50_54,f,ao_sao_ei,official_lang,work.official_lang,married,apartment,non.movers
163958,933,a50_54,m,eo_fo,official_lang,work.no.official_lang,no.married,single.detached.house,non.movers
592073,933,a40_44,f,eo_seo_Italian,official_lang,work.official_lang,married,apartment,non.movers
634433,933,a45_49,m,ao_esao_Chinese,official_lang,work.official_lang,no.married,single.detached.house,non.movers
353388,933,a55_59,m,ao_esao_Chinese,official_lang,work.official_lang,married,single.detached.house,non.movers
175121,933,a40_44,m,eo_bio_Irish,official_lang,work.official_lang,married,single.detached.house,non.movers
256529,933,a30_34,f,ao_esao_Chinese,official_lang,work.no.official_lang,divorced,other.attached,non.movers
425072,933,a60_64,m,ao_esao_Chinese,official_lang,work.official_lang,married,single.detached.house,non.movers
898897,933,a40_44,m,ao_oesao,official_lang,work.official_lang,married,apartment,non.movers
548019,933,a75_79,m,ao_oesao,official_lang,work.official_lang,widowed,single.detached.house,non.movers
592454,933,a20_24,m,onao_Canadian,official_lang,work.official_lang,no.married,single.detached.house,non.movers
623690,933,a30_34,m,ao_esao_Chinese,official_lang,work.official_lang,divorced,apartment,non.movers
44099,933,a25_29,m,onao_Canadian,official_lang,work.no.official_lang,no.married,single.detached.house,nonmigrants.movers
350534,933,a30_34,f,ao_esao_Chinese,official_lang,work.no.official_lang,married,single.detached.house,non.movers
360230,933,a0_4,m,ao_sao_ei,official_lang,work.no.official_lang,no.married,single.detached.house,non.movers
731632,933,a15_19,f,ao_esao_Chinese,official_lang,work.no.official_lang,no.married,single.detached.house,external.movers
788407,933,a30_34,m,lcsao,official_lang,work.official_lang,no.married,apartment,other.movers
692515,933,a60_64,f,ao_esao_Chinese,official_lang,work.official_lang,living.common.law,apartment,non.movers
502602,933,a25_29,m,ao_esao_Filipino,official_lang,work.official_lang,living.common.law,apartment,other.movers
50065,933,a70_74,f,ao_esao_Chinese,official_lang,work.no.official_lang,divorced,apartment,non.movers
224447,933,a60_64,m,ao_esao_Chinese,official_lang,work.no.official_lang,married,other.attached,non.movers
195525,933,a55_59,f,eo_eeo_Russian,official_lang,work.no.official_lang,married,other.attached,non.movers
102154,933,a85_,f,eo_bio_Scottish,official_lang,work.no.official_lang,married,other.attached,non.movers
633587,933,a65_69,f,eo_seo_Italian,official_lang,work.no.official_lang,widowed,apartment,non.movers
70854,933,a25_29,f,ao_oesao,official_lang,work.no.official_lang,no.married,apartment,external.movers
472239,933,a45_49,m,ao_esao_Filipino,official_lang,work.official_lang,married,apartment,non.movers
262200,933,a35_39,m,eo_seo_Portuguese,official_lang,work.official_lang,married,apartment,non.movers
545044,933,a35_39,f,ao_oesao,official_lang,work.official_lang,married,apartment,nonmigrants.movers
692796,933,a30_34,f,ao_osao,official_lang,work.no.official_lang,married,apartment,non.movers
202920,933,a85_,f,ao_esao_Filipino,official_lang,work.no.official_lang,widowed,single.detached.house,nonmigrants.movers
277518,933,a50_54,m,ao_esao_Chinese,official_lang,work.official_lang,married,other.attached,non.movers
533910,933,a60_64,m,ao_esao_Chinese,official_lang,work.no.official_lang,divorced,apartment,non.movers
199956,933,a30_34,f,ao_esao_Filipino,official_lang,work.official_lang,no.married,other.attached,non.movers
700828,933,a25_29,m,eo_bio_Irish,official_lang,work.no.official_lang,no.married,other.attached,non.movers
407791,933,a70_74,f,eo_bio_Scottish,official_lang,work.no.official_lang,widowed,apartment,non.movers
370613,933,a30_34,f,eo_bio_English,official_lang,work.official_lang,no.married,apartment,non.movers
617953,933,a70_74,m,eo_bio_English,official_lang,work.no.official_lang,married,apartment,non.movers
818211,933,a10_14,m,ao_esao_Chinese,official_lang,work.no.official_lang,no.married,other.attached,non.movers
805585,933,a25_29,f,ao_esao_Chinese,official_lang,work.no.official_lang,no.married,apartment,other.movers
564780,933,a20_24,f,ao_esao_Chinese,official_lang,work.official_lang,no.married,other.attached,non.movers
67917,933,a25_29,f,eo_weo_Dutch,official_lang,work.official_lang,no.married,apartment,non.movers
152550,933,a20_24,f,eo_eeo_Polish,official_lang,work.no.official_lang,no.married,apartment,non.movers
269820,933,a35_39,f,onao_Canadian,official_lang,work.official_lang,married,single.detached.house,non.movers
129167,933,a20_24,f,ao_oesao,official_lang,work.official_lang,no.married,apartment,non.movers
648110,933,a80_84,f,eo_bio_Scottish,official_lang,work.no.official_lang,widowed,apartment,non.movers
348590,933,a0_4,m,ao_sao_ei,official_lang,work.no.official_lang,no.married,apartment,other.movers
872281,933,a60_64,f,ao_esao_Chinese,no.official_lang,work.no.official_lang,married,apartment,nonmigrants.movers
310173,933,a50_54,m,ao_esao_Chinese,official_lang,work.official_lang,married,apartment,non.movers
637284,933,a25_29,m,eo_fo,official_lang,work.official_lang,no.married,apartment,non.movers
189114,933,a60_64,f,ao_esao_Chinese,official_lang,work.official_lang,divorced,other.attached,non.movers
429960,933,a20_24,m,ao_esao_Chinese,official_lang,work.official_lang,no.married,single.detached.house,interprovincial.movers
25170,933,a25_29,f,eo_weo_German,official_lang,work.official_lang,no.married,apartment,other.movers
398886,933,a55_59,f,eo_eeo_Polish,official_lang,work.official_lang,married,other.attached,non.movers
138311,933,a55_59,f,ao_esao_Chinese,official_lang,work.official_lang,separated,apartment,non.movers
313605,933,a15_19,f,onao_Canadian,official_lang,work.official_lang,no.married,single.detached.house,non.movers
645882,933,a40_44,m,ao_sao_ei,official_lang,work.official_lang,married,apartment,non.movers
71501,933,a65_69,m,eo_bio_Scottish,official_lang,work.no.official_lang,married,other.attached,other.movers
659815,933,a50_54,f,ao_oesao,official_lang,work.official_lang,divorced,other.attached,non.movers
880308,933,a25_29,m,ao_esao_Chinese,official_lang,work.no.official_lang,no.married,single.detached.house,non.movers
39680,933,a25_29,m,ao_esao_Chinese,official_lang,work.official_lang,married,apartment,non.movers
70308,933,a65_69,m,ao_esao_Filipino,official_lang,work.official_lang,married,apartment,non.movers
776547,933,a35_39,m,onao_Canadian,official_lang,work.official_lang,married,single.detached.house,non.movers
484317,933,a25_29,m,ao_esao_Chinese,official_lang,work.official_lang,no.married,other.attached,non.movers
181412,933,a30_34,f,lcsao,official_lang,work.official_lang,married,apartment,non.movers
607074,933,a35_39,f,eo_seo_Italian,official_lang,work.official_lang,married,single.detached.house,non.movers
322788,933,a20_24,m,ao_esao_Chinese,official_lang,work.official_lang,no.married,apartment,non.movers
377047,933,a0_4,f,ao_esao_Chinese,official_lang,work.no.official_lang,no.married,apartment,non.movers
354557,933,a55_59,m,ao_esao_Chinese,official_lang,work.official_lang,living.common.law,apartment,non.movers
705744,933,a25_29,m,ao_esao_Chinese,official_lang,work.official_lang,no.married,apartment,nonmigrants.movers
55072,933,a40_44,f,ao_esao_Filipino,official_lang,work.official_lang,married,other.attached,non.movers
871610,933,a45_49,f,ao_esao_Filipino,official_lang,work.official_lang,married,single.detached.house,non.movers
479841,933,a10_14,m,ao_oesao,official_lang,work.no.official_lang,no.married,other.attached,non.movers
721840,933,a45_49,m,ao_esao_Chinese,official_lang,work.official_lang,married,single.detached.house,non.movers
41626,933,a60_64,m,ao_esao_Chinese,official_lang,work.official_lang,married,single.detached.house,non.movers
661010,933,a35_39,f,eo_bio_Irish,official_lang,work.official_lang,no.married,single.detached.house,non.movers
283401,933,a35_39,m,onao_Canadian,official_lang,work.official_lang,married,single.detached.house,non.movers
757123,933,a55_59,f,eo_weo_Dutch,official_lang,work.official_lang,married,other.attached,non.movers
401339,933,a25_29,f,ao_oesao,official_lang,work.official_lang,married,apartment,non.movers
196216,933,a60_64,m,onao_Canadian,official_lang,work.no.official_lang,divorced,apartment,non.movers
817019,933,a15_19,m,ao_esao_Chinese,official_lang,work.official_lang,no.married,single.detached.house,non.movers
922796,933,a40_44,f,ao_esao_Chinese,official_lang,work.official_lang,married,other.attached,non.movers
690687,933,a35_39,f,onao_Canadian,official_lang,work.official_lang,married,apartment,non.movers
390151,933,a35_39,m,eo_obio,official_lang,work.official_lang,no.married,other.attached,non.movers
90080,933,a45_49,m,eo_bio_English,official_lang,work.official_lang,married,apartment,non.movers
394660,933,a0_4,f,ao_esao_Chinese,official_lang,work.no.official_lang,no.married,apartment,other.movers
902556,933,a25_29,f,ao_osao,official_lang,work.no.official_lang,married,apartment,non.movers
161765,933,a10_14,m,ao_oesao,official_lang,work.no.official_lang,no.married,other.attached,non.movers
237494,933,a15_19,m,ao_esao_Chinese,no.official_lang,work.no.official_lang,no.married,single.detached.house,external.movers
500738,933,a0_4,f,onao_Canadian,official_lang,work.no.official_lang,no.married,apartment,non.movers
440486,933,a35_39,m,eo_bio_Irish,official_lang,work.official_lang,no.married,apartment,non.movers
616083,933,a25_29,f,ao_wcameo,official_lang,work.no.official_lang,no.married,other.attached,non.movers
16074,933,a35_39,m,ao_esao_Filipino,official_lang,work.official_lang,no.married,single.detached.house,other.movers
589776,933,a65_69,m,ao_esao_Chinese,no.official_lang,work.no.official_lang,living.common.law,other.attached,non.movers
872619,933,a20_24,m,eo_bio_English,official_lang,work.official_lang,no.married,single.detached.house,non.movers
202446,933,a30_34,m,ao_esao_Chinese,official_lang,work.official_lang,married,apartment,non.movers
576496,933,a40_44,f,ao_sao_ei,official_lang,work.official_lang,married,apartment,non.movers
641683,933,a30_34,m,ao_oesao,no.official_lang,work.no.official_lang,no.married,apartment,non.movers
561425,933,a30_34,m,eo_fo,official_lang,work.official_lang,married,apartment,non.movers
645095,933,a10_14,m,ao_sao_ei,official_lang,work.no.official_lang,no.married,single.detached.house,non.movers
260562,933,a55_59,f,ao_esao_Chinese,official_lang,work.official_lang,no.married,apartment,non.movers
509377,933,a60_64,f,ao_sao_ei,official_lang,work.official_lang,married,single.detached.house,non.movers
620809,933,a5_9,m,ao_wcameo,official_lang,work.no.official_lang,no.married,other.attached,non.movers
74758,933,a30_34,m,ao_esao_Chinese,official_lang,work.no.official_lang,no.married,apartment,non.movers
582279,933,a45_49,m,eo_oseo,official_lang,work.official_lang,married,other.attached,non.movers
180636,933,a60_64,f,eo_weo_German,official_lang,work.no.official_lang,married,apartment,non.movers
138973,933,a0_4,m,eo_fo,official_lang,work.no.official_lang,no.married,single.detached.house,non.movers
292266,933,a50_54,m,ao_wcameo,official_lang,work.official_lang,married,other.attached,non.movers
262654,933,a30_34,m,ao_wcameo,official_lang,work.official_lang,no.married,other.attached,non.movers
24348,933,a35_39,m,ao_esao_Chinese,official_lang,work.official_lang,no.married,apartment,non.movers
439940,933,a40_44,m,onao_Canadian,official_lang,work.official_lang,married,single.detached.house,non.movers
117104,933,a35_39,m,eo_oseo,official_lang,work.official_lang,married,other.attached,non.movers
648229,933,a40_44,m,ao_esao_Chinese,official_lang,work.official_lang,married,other.attached,non.movers
469483,933,a40_44,f,ao,official_lang,work.official_lang,married,apartment,non.movers
180463,933,a50_54,f,ao_wcameo,official_lang,work.official_lang,married,apartment,non.movers
99713,933,a0_4,f,eo_eeo_Ukrainian,no.official_lang,work.no.official_lang,no.married,single.detached.house,non.movers
681327,933,a20_24,f,eo_eeo_Polish,official_lang,work.official_lang,no.married,apartment,interprovincial.movers
96522,933,a40_44,f,ao_esao_Chinese,official_lang,work.official_lang,married,other.attached,non.movers
25155,933,a25_29,m,ao_sao_ei,official_lang,work.official_lang,no.married,apartment,non.movers
563199,933,a80_84,m,eo_eeo_Hungarian,official_lang,work.no.official_lang,widowed,apartment,non.movers
574079,933,a70_74,f,eo_bio_English,official_lang,work.official_lang,divorced,apartment,non.movers
513493,933,a30_34,f,onao_Canadian,official_lang,work.official_lang,separated,single.detached.house,non.movers
402418,933,a30_34,f,ao_oesao,official_lang,work.official_lang,married,other.attached,non.movers
390186,933,a5_9,m,ao_sao_ei,official_lang,work.no.official_lang,no.married,other.attached,other.movers
814533,933,a65_69,m,ao_esao_Chinese,official_lang,work.official_lang,married,single.detached.house,non.movers
722775,933,a5_9,f,ao_esao_Chinese,official_lang,work.no.official_lang,no.married,other.attached,non.movers
133278,933,a60_64,f,ao_wcameo,official_lang,work.no.official_lang,married,single.detached.house,non.movers
872400,933,a35_39,f,ao_oesao,official_lang,work.official_lang,married,other.attached,non.movers
248648,933,a35_39,m,ao_sao_ei,official_lang,work.official_lang,married,other.attached,non.movers
788385,933,a40_44,m,eo_bio_English,official_lang,work.official_lang,married,other.attached,non.movers
309788,933,a35_39,m,ao_oesao,official_lang,work.official_lang,married,other.attached,non.movers
232303,933,a55_59,m,ao_esao_Chinese,official_lang,work.official_lang,divorced,apartment,non.movers
617279,933,a5_9,f,onao_Canadian,official_lang,work.no.official_lang,no.married,single.detached.house,non.movers
34297,933,a60_64,m,eo_bio_Scottish,official_lang,work.official_lang,married,single.detached.house,non.movers
561425,933,a30_34,m,eo_fo,official_lang,work.official_lang,married,apartment,non.movers
544059,933,a30_34,m,ao_sao_ei,official_lang,work.no.official_lang,married,apartment,nonmigrants.movers
185043,933,a65_69,m,ao_wcameo,no.official_lang,work.no.official_lang,married,apartment,non.movers
433033,933,a25_29,f,ao_esao_Chinese,official_lang,work.official_lang,no.married,apartment,non.movers
147405,933,a30_34,m,ao_esao_Chinese,official_lang,work.official_lang,married,apartment,non.movers
764696,933,a40_44,m,eo_bio_Scottish,official_lang,work.official_lang,living.common.law,apartment,non.movers
345954,933,a35_39,f,ao_esao_Chinese,official_lang,work.official_lang,married,other.attached,non.movers
743196,933,a35_39,m,ao_esao_Chinese,official_lang,work.official_lang,no.married,other.attached,non.movers
752637,933,a45_49,f,eo_eeo_Russian,official_lang,work.official_lang,married,other.attached,non.movers
491740,933,a55_59,f,eo_fo,official_lang,work.official_lang,living.common.law,single.detached.house,non.movers
548759,933,a40_44,m,eo_fo,official_lang,work.official_lang,living.common.law,other.attached,non.movers
564445,933,a5_9,f,ao_esao_Chinese,official_lang,work.no.official_lang,no.married,other.attached,external.movers
842388,933,a55_59,f,eo_bio_Scottish,official_lang,work.official_lang,married,apartment,non.movers
527876,933,a30_34,f,ao_oesao,official_lang,work.official_lang,married,other.attached,non.movers
650570,933,a30_34,m,eo_eeo_Russian,official_lang,work.official_lang,married,single.detached.house,non.movers
341897,933,a55_59,f,ao_esao_Chinese,official_lang,work.official_lang,married,other.attached,non.movers
818062,933,a10_14,f,ao_esao_Chinese,official_lang,work.no.official_lang,no.married,single.detached.house,non.movers
140150,933,a15_19,m,eo_eeo_Polish,official_lang,work.official_lang,no.married,single.detached.house,non.movers
171598,933,a65_69,f,ao_esao_Chinese,official_lang,work.official_lang,married,single.detached.house,non.movers
190054,933,a30_34,m,eo_neo,official_lang,work.official_lang,living.common.law,apartment,nonmigrants.movers
637769,933,a70_74,m,eo_neo,official_lang,work.no.official_lang,divorced,other.attached,non.movers
786139,933,a35_39,m,ao_esao_Filipino,official_lang,work.official_lang,married,other.attached,non.movers
894345,933,a0_4,m,ao_esao_Chinese,official_lang,work.no.official_lang,no.married,single.detached.house,non.movers
256496,933,a0_4,f,eo_oseo,official_lang,work.no.official_lang,no.married,other.attached,other.movers
574844,933,a65_69,m,eo_bio_English,official_lang,work.no.official_lang,separated,single.detached.house,non.movers
640308,933,a45_49,m,eo_weo_Dutch,official_lang,work.official_lang,married,apartment,non.movers
519193,933,a5_9,m,naao,official_lang,work.no.official_lang,no.married,apartment,non.movers
209555,933,a35_39,f,lcsao,official_lang,work.official_lang,married,other.attached,non.movers
121262,933,a0_4,m,ao_esao_Chinese,official_lang,work.no.official_lang,no.married,other.attached,non.movers
135042,933,a60_64,m,ao_esao_Chinese,official_lang,work.no.official_lang,married,apartment,non.movers
681216,933,a55_59,f,eo_seo_Spanish,official_lang,work.official_lang,married,other.attached,non.movers
533983,933,a60_64,m,ao_oesao,no.official_lang,work.official_lang,separated,apartment,non.movers
78250,933,a10_14,f,ao_esao_Chinese,official_lang,work.no.official_lang,no.married,apartment,non.movers
605526,933,a25_29,f,ao_esao_Chinese,official_lang,work.official_lang,married,other.attached,non.movers
396860,933,a65_69,m,ao_esao_Chinese,official_lang,work.official_lang,married,single.detached.house,non.movers
765493,933,a0_4,f,onao_Canadian,official_lang,work.no.official_lang,no.married,single.detached.house,non.movers
5778,933,a30_34,f,ao_sao_ei,official_lang,work.official_lang,married,apartment,non.movers
731215,933,a0_4,f,ao_oesao,official_lang,work.no.official_lang,no.married,single.detached.house,other.movers
713635,933,a40_44,m,ao_oesao,official_lang,work.no.official_lang,divorced,apartment,non.movers
226902,933,a60_64,m,eo_weo_German,official_lang,work.official_lang,divorced,apartment,non.movers
726133,933,a40_44,m,onao_Canadian,official_lang,work.official_lang,married,single.detached.house,non.movers
697741,933,a30_34,m,onao_Canadian,official_lang,work.no.official_lang,married,single.detached.house,nonmigrants.movers
209698,933,a5_9,m,ao_esao_Chinese,official_lang,work.no.official_lang,no.married,other.attached,external.movers
636352,933,a50_54,m,ao_oesao,official_lang,work.official_lang,no.married,apartment,non.movers
814199,933,a80_84,f,eo_seo_Italian,official_lang,work.no.official_lang,widowed,other.attached,non.movers
172203,933,a35_39,f,ao_oesao,official_lang,work.official_lang,married,single.detached.house,non.movers
189529,933,a85_,f,eo_oeo,official_lang,work.no.official_lang,divorced,other.attached,non.movers
463467,933,a30_34,f,ao_oesao,official_lang,work.no.official_lang,married,other.attached,non.movers
120468,933,a35_39,f,eo_bio_Irish,official_lang,work.official_lang,married,single.detached.house,non.movers
439739,933,a65_69,f,eo_bio_English,official_lang,work.no.official_lang,divorced,other.attached,non.movers
173602,933,a55_59,m,ao_oesao,official_lang,work.official_lang,married,apartment,non.movers
62714,933,a75_79,m,eo_weo_German,official_lang,work.no.official_lang,married,apartment,non.movers
661143,933,a35_39,m,ao,official_lang,work.official_lang,separated,apartment,non.movers
73986,933,a80_84,f,ao_oesao,no.official_lang,work.no.official_lang,widowed,single.detached.house,non.movers
112261,933,a20_24,f,ao_esao_Chinese,official_lang,work.no.official_lang,no.married,apartment,nonmigrants.movers
313423,933,a35_39,m,eo_bio_Scottish,official_lang,work.official_lang,married,apartment,non.movers
538551,933,a40_44,m,ao_sao_ei,official_lang,work.official_lang,married,single.detached.house,non.movers
413633,933,a55_59,f,ao_esao_Chinese,official_lang,work.no.official_lang,divorced,other.attached,other.movers
665111,933,a50_54,f,ao_sao_ei,official_lang,work.official_lang,married,single.detached.house,non.movers
869378,933,a40_44,f,ao_oesao,official_lang,work.no.official_lang,married,other.attached,non.movers
393438,933,a10_14,m,ao_esao_Filipino,official_lang,work.no.official_lang,no.married,other.attached,non.movers
693643,933,a40_44,m,ao_sao_ei,official_lang,work.official_lang,married,single.detached.house,non.movers
606677,933,a50_54,f,ao_esao_Chinese,no.official_lang,work.no.official_lang,married,apartment,external.movers
458949,933,a50_54,f,ao_esao_Filipino,official_lang,work.official_lang,married,other.attached,non.movers
485265,933,a30_34,f,ao_esao_Chinese,official_lang,work.official_lang,no.married,apartment,non.movers
84430,933,a60_64,m,ao_esao_Chinese,official_lang,work.official_lang,married,other.attached,non.movers
723417,933,a75_79,f,ao_esao_Chinese,no.official_lang,work.no.official_lang,married,apartment,non.movers
109087,933,a0_4,m,onao_Canadian,official_lang,work.no.official_lang,no.married,other.attached,other.movers
565216,933,a40_44,f,ao_esao_Chinese,official_lang,work.no.official_lang,married,apartment,non.movers
840008,933,a15_19,m,ao_esao_Chinese,official_lang,work.official_lang,no.married,single.detached.house,non.movers
813703,933,a60_64,m,eo_fo,official_lang,work.official_lang,married,single.detached.house,non.movers
438291,933,a75_79,m,onao_Canadian,official_lang,work.no.official_lang,married,apartment,other.movers
891142,933,a25_29,f,ao_esao_Chinese,official_lang,work.official_lang,living.common.law,apartment,non.movers
374099,933,a0_4,m,ao_esao_Chinese,no.official_lang,work.no.official_lang,no.married,single.detached.house,other.movers
660819,933,a40_44,m,ao_esao_Filipino,official_lang,work.official_lang,married,apartment,non.movers
927598,933,a40_44,m,ao_sao_ei,official_lang,work.official_lang,married,single.detached.house,non.movers
127318,933,a35_39,m,eo_fo,official_lang,work.official_lang,living.common.law,other.attached,non.movers
673492,933,a0_4,f,eo_eeo_Hungarian,official_lang,work.no.official_lang,no.married,apartment,non.movers
721803,933,a30_34,m,ao_esao_Chinese,official_lang,work.official_lang,married,apartment,nonmigrants.movers
561439,933,a35_39,f,onao_Canadian,official_lang,work.official_lang,married,other.attached,non.movers
37281,933,a40_44,m,ao_esao_Chinese,official_lang,work.no.official_lang,separated,single.detached.house,non.movers
277451,933,a50_54,m,ao_esao_Chinese,official_lang,work.official_lang,married,single.detached.house,non.movers
442158,933,a5_9,m,ao_sao_ei,official_lang,work.no.official_lang,no.married,apartment,non.movers
159336,933,a40_44,m,ao_esao_Chinese,official_lang,work.no.official_lang,married,apartment,non.movers
201322,933,a5_9,f,ao_oesao,official_lang,work.no.official_lang,no.married,apartment,nonmigrants.movers
897857,933,a75_79,m,eo_bio_Scottish,official_lang,work.official_lang,married,apartment,non.movers
454803,933,a20_24,f,ao_esao_Chinese,official_lang,work.no.official_lang,no.married,other.attached,non.movers
776766,933,a55_59,m,ao_sao_ei,official_lang,work.official_lang,married,apartment,non.movers
731590,933,a5_9,f,eo_oeeo,official_lang,work.no.official_lang,no.married,apartment,non.movers
550541,933,a80_84,m,eo_neo,official_lang,work.no.official_lang,widowed,apartment,non.movers
638548,933,a55_59,m,ao_esao_Filipino,official_lang,work.official_lang,married,apartment,non.movers
685356,933,a75_79,f,eo_weo_German,official_lang,work.no.official_lang,widowed,other.attached,non.movers
541443,933,a70_74,f,ao_esao_Filipino,official_lang,work.no.official_lang,married,other.attached,external.movers
130867,933,a10_14,f,ao_esao_Chinese,official_lang,work.no.official_lang,no.married,single.detached.house,non.movers
451245,933,a35_39,f,ao_esao_Chinese,official_lang,work.no.official_lang,married,single.detached.house,non.movers
910323,933,a40_44,f,ao_esao_Chinese,no.official_lang,work.no.official_lang,married,other.attached,non.movers
149867,933,a35_39,m,ao_sao_ei,official_lang,work.official_lang,married,single.detached.house,other.movers
655780,933,a10_14,f,ao_osao,official_lang,work.no.official_lang,no.married,apartment,non.movers
447165,933,a50_54,m,eo_eeo_Ukrainian,official_lang,work.official_lang,no.married,apartment,non.movers
337494,933,a10_14,m,ao_esao_Chinese,official_lang,work.no.official_lang,no.married,apartment,non.movers
513444,933,a0_4,f,ao_esao_Chinese,official_lang,work.no.official_lang,no.married,other.attached,non.movers
801912,933,a30_34,f,eo_neo,official_lang,work.official_lang,no.married,apartment,non.movers
242526,933,a40_44,m,ao_sao_ei,official_lang,work.official_lang,married,apartment,nonmigrants.movers
204101,933,a35_39,m,onao_Canadian,official_lang,work.official_lang,married,single.detached.house,non.movers
686906,933,a75_79,m,eo_oeeo,no.official_lang,work.official_lang,married,apartment,non.movers
334419,933,a45_49,m,eo_oseo,official_lang,work.official_lang,living.common.law,single.detached.house,non.movers
396437,933,a25_29,f,ao_oesao,official_lang,work.official_lang,living.common.law,apartment,non.movers
102551,933,a35_39,m,eo_seo_Italian,official_lang,work.official_lang,no.married,other.attached,non.movers
288542,933,a25_29,m,ao_esao_Filipino,official_lang,work.official_lang,living.common.law,other.attached,non.movers
139335,933,a35_39,f,eo_seo_Italian,official_lang,work.official_lang,married,single.detached.house,non.movers
164266,933,a55_59,f,eo_neo,official_lang,work.official_lang,married,single.detached.house,non.movers
295501,933,a60_64,m,onao_Canadian,official_lang,work.no.official_lang,divorced,other.attached,non.movers
304533,933,a40_44,m,eo_eeo_Russian,official_lang,work.official_lang,separated,single.detached.house,non.movers
592073,933,a40_44,f,eo_seo_Italian,official_lang,work.official_lang,married,apartment,non.movers
87740,933,a70_74,m,eo_bio_Scottish,official_lang,work.no.official_lang,married,apartment,interprovincial.movers
562196,933,a85_,m,eo_neo,official_lang,work.no.official_lang,married,single.detached.house,non.movers
890748,933,a35_39,m,onao_Canadian,official_lang,work.no.official_lang,no.married,apartment,nonmigrants.movers
532384,933,a30_34,m,ao_esao_Chinese,official_lang,work.no.official_lang,no.married,apartment,non.movers
242415,933,a80_84,m,eo_seo_Portuguese,official_lang,work.no.official_lang,married,apartment,non.movers
642737,933,a10_14,m,ao_esao_Chinese,official_lang,work.no.official_lang,no.married,single.detached.house,non.movers
498532,933,a55_59,f,eo_bio_Scottish,official_lang,work.official_lang,divorced,other.attached,non.movers
773506,933,a0_4,m,ao_sao_ei,official_lang,work.no.official_lang,no.married,single.detached.house,non.movers
321555,933,a40_44,m,ao_osao,official_lang,work.official_lang,married,other.attached,external.movers
378361,933,a30_34,f,ao,official_lang,work.no.official_lang,married,other.attached,nonmigrants.movers
57574,933,a40_44,m,onao_Canadian,official_lang,work.no.official_lang,no.married,other.attached,non.movers
849048,933,a10_14,f,ao_esao_Chinese,official_lang,work.no.official_lang,no.married,single.detached.house,nonmigrants.movers
253168,933,a35_39,f,ao_oesao,official_lang,work.official_lang,married,apartment,non.movers
335751,933,a20_24,m,ao_oesao,official_lang,work.no.official_lang,no.married,single.detached.house,interprovincial.movers
105774,933,a45_49,m,oo,official_lang,work.official_lang,married,other.attached,non.movers
762909,933,a45_49,m,ao_esao_Chinese,official_lang,work.official_lang,no.married,single.detached.house,nonmigrants.movers
658161,933,a30_34,m,ao_esao_Chinese,official_lang,work.official_lang,no.married,other.attached,non.movers
206599,933,a75_79,m,ao_esao_Chinese,no.official_lang,work.no.official_lang,married,single.detached.house,non.movers
81943,933,a0_4,f,eo_obio,official_lang,work.no.official_lang,no.married,apartment,non.movers
704492,933,a50_54,m,eo_oeo,official_lang,work.no.official_lang,divorced,apartment,non.movers
556388,933,a40_44,f,ao_esao_Chinese,official_lang,work.official_lang,married,single.detached.house,non.movers
506222,933,a45_49,m,lcsao,official_lang,work.no.official_lang,married,apartment,non.movers
201778,933,a5_9,f,onao_Canadian,official_lang,work.no.official_lang,no.married,other.attached,non.movers
721967,933,a55_59,f,lcsao,official_lang,work.official_lang,widowed,apartment,non.movers
104233,933,a30_34,m,onao_Canadian,official_lang,work.official_lang,married,other.attached,non.movers
731149,933,a15_19,f,ao_esao_Chinese,official_lang,work.no.official_lang,no.married,single.detached.house,non.movers
194905,933,a40_44,m,ao_esao_Chinese,official_lang,work.official_lang,no.married,apartment,non.movers
544729,933,a55_59,m,ao_oesao,official_lang,work.no.official_lang,married,apartment,non.movers
837727,933,a5_9,m,ao,official_lang,work.no.official_lang,no.married,other.attached,non.movers
699249,933,a55_59,m,eo_weo_German,official_lang,work.official_lang,no.married,apartment,non.movers
889117,933,a0_4,f,eo_bio_English,official_lang,work.no.official_lang,no.married,single.detached.house,non.movers
146527,933,a55_59,m,eo_seo_Greek,official_lang,work.official_lang,divorced,single.detached.house,non.movers
378011,933,a75_79,f,ao_esao_Chinese,no.official_lang,work.no.official_lang,widowed,single.detached.house,non.movers
556214,933,a35_39,f,eo_obio,official_lang,work.official_lang,married,single.detached.house,non.movers
441640,933,a35_39,m,ao_sao_ei,official_lang,work.official_lang,married,single.detached.house,non.movers
888274,933,a40_44,f,eo_obio,official_lang,work.official_lang,married,single.detached.house,non.movers
21529,933,a50_54,f,eo_bio_Scottish,official_lang,work.official_lang,living.common.law,single.detached.house,non.movers
218309,933,a20_24,m,onao_Canadian,official_lang,work.official_lang,living.common.law,other.attached,non.movers
748505,933,a15_19,f,ao_esao_Chinese,official_lang,work.no.official_lang,no.married,other.attached,non.movers
119365,933,a65_69,f,eo_eeo_Hungarian,official_lang,work.official_lang,married,apartment,nonmigrants.movers
182061,933,a30_34,f,onao_Canadian,official_lang,work.official_lang,living.common.law,other.attached,non.movers
276549,933,a60_64,f,eo_weo_German,official_lang,work.no.official_lang,married,other.attached,non.movers
718205,933,a5_9,m,lcsao,official_lang,work.no.official_lang,no.married,other.attached,non.movers
413009,933,a30_34,m,ao_esao_Chinese,official_lang,work.official_lang,married,other.attached,non.movers
687626,933,a60_64,m,eo_bio_Irish,official_lang,work.no.official_lang,married,apartment,other.movers
735076,933,a30_34,m,ao_sao_ei,official_lang,work.official_lang,married,single.detached.house,non.movers
571337,933,a30_34,f,ao_esao_Chinese,official_lang,work.official_lang,married,apartment,nonmigrants.movers
858053,933,a35_39,m,ao_esao_Chinese,official_lang,work.official_lang,no.married,other.attached,non.movers
283126,933,a40_44,f,lcsao,official_lang,work.official_lang,no.married,apartment,non.movers
758866,933,a0_4,m,ao_esao_Filipino,official_lang,work.no.official_lang,no.married,other.attached,non.movers
555032,933,a45_49,m,ao_esao_Chinese,official_lang,work.official_lang,married,apartment,non.movers
227195,933,a80_84,m,ao_esao_Chinese,official_lang,work.no.official_lang,married,single.detached.house,non.movers
476194,933,a35_39,f,ao_esao_Chinese,official_lang,work.official_lang,no.married,apartment,non.movers
110346,933,a0_4,m,ao_esao_Chinese,official_lang,work.no.official_lang,no.married,other.attached,non.movers
383973,933,a55_59,m,ao_esao_Chinese,official_lang,work.no.official_lang,living.common.law,single.detached.house,non.movers
312388,933,a40_44,f,ao_esao_Chinese,official_lang,work.official_lang,married,single.detached.house,non.movers
674106,933,a60_64,m,ao_sao_ei,no.official_lang,work.official_lang,married,single.detached.house,non.movers
41940,933,a30_34,m,lcsao,official_lang,work.official_lang,living.common.law,apartment,non.movers
760154,933,a0_4,m,ao_oesao,official_lang,work.no.official_lang,no.married,apartment,non.movers
908094,933,a25_29,f,ao_esao_Chinese,official_lang,work.official_lang,no.married,other.attached,non.movers
310380,933,a55_59,f,ao_oesao,no.official_lang,work.no.official_lang,living.common.law,other.attached,non.movers
243975,933,a5_9,f,ao_oesao,official_lang,work.no.official_lang,no.married,apartment,non.movers
112614,933,a35_39,m,ao,official_lang,work.official_lang,divorced,apartment,non.movers
270924,933,a0_4,m,ao_sao_ei,official_lang,work.no.official_lang,no.married,other.attached,other.movers
549479,933,a40_44,f,ao_esao_Chinese,official_lang,work.official_lang,married,single.detached.house,non.movers
623528,933,a50_54,m,ao_esao_Chinese,official_lang,work.no.official_lang,married,apartment,external.movers
511883,933,a30_34,m,ao_esao_Chinese,official_lang,work.no.official_lang,no.married,other.attached,non.movers
689980,933,a35_39,f,eo_oseo,official_lang,work.official_lang,married,single.detached.house,non.movers
512817,933,a25_29,m,ao_esao_Chinese,official_lang,work.official_lang,no.married,other.attached,non.movers
344418,933,a80_84,f,eo_bio_English,official_lang,work.no.official_lang,no.married,apartment,non.movers
319097,933,a50_54,m,ao_sao_ei,official_lang,work.official_lang,married,single.detached.house,non.movers
351144,933,a0_4,f,onao_Canadian,official_lang,work.no.official_lang,no.married,single.detached.house,non.movers
63690,933,a30_34,f,ao_oesao,official_lang,work.official_lang,no.married,apartment,non.movers
79655,933,a80_84,f,eo_bio_Irish,official_lang,work.no.official_lang,divorced,apartment,non.movers
850717,933,a80_84,f,eo_bio_Scottish,official_lang,work.no.official_lang,married,other.attached,non.movers
831106,933,a15_19,m,ao_esao_Chinese,official_lang,work.no.official_lang,no.married,single.detached.house,non.movers
247405,933,a35_39,f,eo_neo,official_lang,work.official_lang,married,other.attached,non.movers
713380,933,a25_29,f,ao_esao_Chinese,official_lang,work.no.official_lang,married,other.attached,non.movers
899101,933,a55_59,m,onao_Canadian,official_lang,work.official_lang,no.married,apartment,non.movers
602976,933,a25_29,m,eo_weo_German,official_lang,work.official_lang,living.common.law,apartment,non.movers
794364,933,a25_29,m,eo_weo_German,official_lang,work.official_lang,living.common.law,apartment,nonmigrants.movers
165849,933,a55_59,m,eo_bio_Scottish,official_lang,work.official_lang,married,other.attached,nonmigrants.movers
127318,933,a35_39,m,eo_fo,official_lang,work.official_lang,living.common.law,other.attached,non.movers
462369,933,a10_14,f,ao_esao_Filipino,official_lang,work.no.official_lang,no.married,single.detached.house,non.movers
256811,933,a40_44,f,ao_oesao,official_lang,work.official_lang,married,single.detached.house,non.movers
293095,933,a75_79,m,ao_esao_Chinese,official_lang,work.no.official_lang,married,single.detached.house,non.movers
430191,933,a65_69,m,ao_oesao,official_lang,work.no.official_lang,married,other.attached,non.movers
844189,933,a35_39,m,onao_Canadian,official_lang,work.official_lang,married,single.detached.house,non.movers
785996,933,a60_64,m,ao_sao_ei,official_lang,work.official_lang,married,other.attached,nonmigrants.movers
546367,933,a40_44,m,ao_sao_ei,official_lang,work.official_lang,married,single.detached.house,non.movers
253952,933,a65_69,m,ao_esao_Filipino,official_lang,work.official_lang,married,apartment,non.movers
674383,933,a25_29,m,eo_bio_Irish,official_lang,work.official_lang,no.married,other.attached,non.movers
361621,933,a20_24,f,oo,official_lang,work.official_lang,living.common.law,apartment,nonmigrants.movers
238914,933,a50_54,m,ao_oesao,official_lang,work.official_lang,married,single.detached.house,non.movers
846573,933,a45_49,f,ao_esao_Chinese,official_lang,work.no.official_lang,divorced,apartment,nonmigrants.movers
620558,933,a5_9,m,ao,official_lang,work.no.official_lang,no.married,other.attached,non.movers
146294,933,a15_19,m,ao_esao_Chinese,official_lang,work.no.official_lang,no.married,single.detached.house,external.movers
771075,933,a15_19,m,ao_oesao,official_lang,work.no.official_lang,no.married,single.detached.house,non.movers
664323,933,a0_4,m,ao_esao_Chinese,no.official_lang,work.no.official_lang,no.married,single.detached.house,other.movers
291590,933,a35_39,f,onao_Canadian,official_lang,work.no.official_lang,no.married,other.attached,other.movers
674545,933,a10_14,f,naao,official_lang,work.no.official_lang,no.married,apartment,non.movers
172390,933,a40_44,f,ao_esao_Filipino,official_lang,work.official_lang,married,apartment,non.movers
525576,933,a15_19,m,eo_eeo_Russian,official_lang,work.no.official_lang,no.married,other.attached,non.movers
871947,933,a60_64,m,onao_Canadian,official_lang,work.official_lang,married,single.detached.house,non.movers
445918,933,a50_54,f,eo_neo,official_lang,work.official_lang,living.common.law,other.attached,non.movers
379796,933,a45_49,m,naao,official_lang,work.official_lang,no.married,apartment,non.movers
562873,933,a0_4,m,ao_esao_Filipino,official_lang,work.no.official_lang,no.married,other.attached,non.movers
326908,933,a0_4,f,ao_esao_Chinese,official_lang,work.no.official_lang,no.married,other.attached,other.movers
722996,933,a20_24,f,lcsao,official_lang,work.no.official_lang,no.married,single.detached.house,external.movers
49340,933,a40_44,f,eo_bio_English,official_lang,work.official_lang,married,apartment,non.movers
289500,933,a25_29,m,ao_esao_Chinese,official_lang,work.official_lang,no.married,other.attached,non.movers
760154,933,a0_4,m,ao_oesao,official_lang,work.no.official_lang,no.married,apartment,non.movers
62710,933,a40_44,f,ao_oesao,official_lang,work.official_lang,married,apartment,non.movers
456999,933,a30_34,f,eo_seo_Spanish,official_lang,work.official_lang,married,other.attached,other.movers
121886,933,a45_49,m,eo_oseo,official_lang,work.official_lang,married,single.detached.house,non.movers
788827,933,a25_29,m,ao_esao_Chinese,official_lang,work.official_lang,no.married,other.attached,non.movers
435496,933,a50_54,m,eo_bio_English,official_lang,work.official_lang,divorced,other.attached,non.movers
176199,933,a50_54,f,eo_oseo,official_lang,work.official_lang,married,other.attached,non.movers
831117,933,a40_44,f,ao_oesao,official_lang,work.official_lang,married,other.attached,non.movers
273987,933,a60_64,m,ao_oesao,no.official_lang,work.official_lang,married,apartment,non.movers
538830,933,a0_4,m,ao_esao_Filipino,official_lang,work.no.official_lang,no.married,other.attached,other.movers
587096,933,a40_44,m,ao_oesao,official_lang,work.official_lang,no.married,apartment,non.movers
94475,933,a20_24,m,ao_oesao,official_lang,work.official_lang,no.married,single.detached.house,non.movers
869378,933,a40_44,f,ao_oesao,official_lang,work.no.official_lang,married,other.attached,non.movers
588488,933,a35_39,m,ao_esao_Chinese,official_lang,work.official_lang,no.married,other.attached,non.movers
264966,933,a55_59,m,eo_eeo_Ukrainian,official_lang,work.official_lang,married,other.attached,non.movers
24124,933,a35_39,m,eo_bio_English,official_lang,work.official_lang,no.married,apartment,non.movers
44167,933,a10_14,m,onao_Canadian,official_lang,work.no.official_lang,no.married,single.detached.house,non.movers
874307,933,a0_4,f,onao_Canadian,official_lang,work.no.official_lang,no.married,single.detached.house,non.movers
627047,933,a80_84,f,eo_seo_Portuguese,official_lang,work.no.official_lang,married,apartment,non.movers
733536,933,a30_34,f,eo_eeo_Russian,official_lang,work.no.official_lang,married,single.detached.house,non.movers
701572,933,a35_39,f,ao_sao_ei,official_lang,work.official_lang,separated,other.attached,non.movers
633135,933,a45_49,f,ao_esao_Chinese,official_lang,work.official_lang,no.married,apartment,non.movers
190613,933,a5_9,f,eo_fo,official_lang,work.no.official_lang,no.married,single.detached.house,non.movers
758270,933,a10_14,f,ao,official_lang,work.no.official_lang,no.married,single.detached.house,non.movers
180988,933,a80_84,f,ao_sao_ei,official_lang,work.no.official_lang,married,other.attached,non.movers
329610,933,a55_59,f,eo_weo_Dutch,official_lang,work.no.official_lang,married,single.detached.house,non.movers
437472,933,a30_34,m,onao_Canadian,official_lang,work.official_lang,no.married,single.detached.house,non.movers
221007,933,a0_4,m,ao_esao_Filipino,official_lang,work.no.official_lang,no.married,other.attached,non.movers
610088,933,a5_9,m,ao_osao,official_lang,work.no.official_lang,no.married,apartment,non.movers
591273,933,a35_39,f,ao_oesao,official_lang,work.official_lang,married,apartment,non.movers
734701,933,a20_24,m,eo_fo,official_lang,work.official_lang,no.married,apartment,external.movers
640466,933,a65_69,m,ao_oesao,official_lang,work.official_lang,married,apartment,non.movers
249120,933,a0_4,m,ao_sao_ei,official_lang,work.no.official_lang,no.married,other.attached,non.movers
412826,933,a40_44,m,ao_sao_ei,official_lang,work.official_lang,married,apartment,non.movers
739702,933,a25_29,m,onao_Canadian,official_lang,work.official_lang,no.married,apartment,nonmigrants.movers
371918,933,a40_44,f,ao_esao_Chinese,official_lang,work.official_lang,no.married,single.detached.house,non.movers
903863,933,a0_4,m,ao_esao_Filipino,official_lang,work.no.official_lang,no.married,apartment,non.movers
69741,933,a45_49,f,eo_weo_German,official_lang,work.no.official_lang,married,single.detached.house,non.movers
613181,933,a25_29,m,eo_bio_English,official_lang,work.official_lang,no.married,apartment,other.movers
704618,933,a20_24,m,onao_Canadian,official_lang,work.official_lang,no.married,single.detached.house,non.movers
275632,933,a0_4,m,ao_esao_Chinese,official_lang,work.no.official_lang,no.married,other.attached,non.movers
843361,933,a30_34,m,eo_seo_Portuguese,official_lang,work.official_lang,married,other.attached,non.movers
721253,933,a25_29,f,ao_esao_Chinese,official_lang,work.official_lang,no.married,other.attached,non.movers
425338,933,a35_39,f,ao_esao_Filipino,official_lang,work.official_lang,married,apartment,non.movers
94437,933,a40_44,m,eo_oeo,official_lang,work.official_lang,married,single.detached.house,non.movers
895403,933,a40_44,f,ao_esao_Filipino,official_lang,work.official_lang,married,apartment,non.movers
591518,933,a50_54,f,ao_esao_Chinese,official_lang,work.no.official_lang,married,other.attached,other.movers
448674,933,a40_44,f,ao_esao_Chinese,official_lang,work.official_lang,married,apartment,non.movers
664960,933,a85_,f,eo_seo_Italian,official_lang,work.no.official_lang,married,apartment,non.movers
879033,933,a45_49,m,ao_esao_Chinese,official_lang,work.no.official_lang,married,single.detached.house,non.movers
404188,933,a0_4,f,ao_esao_Chinese,official_lang,work.no.official_lang,no.married,other.attached,non.movers
144218,933,a10_14,m,lcsao,official_lang,work.no.official_lang,no.married,apartment,non.movers
452662,933,a30_34,m,ao_oesao,official_lang,work.official_lang,married,apartment,non.movers
638135,933,a20_24,f,eo_seo_Portuguese,official_lang,work.official_lang,no.married,apartment,non.movers
607758,933,a35_39,m,eo_weo_German,official_lang,work.official_lang,married,apartment,non.movers
104047,933,a35_39,m,eo_oeo,official_lang,work.official_lang,married,single.detached.house,non.movers
322558,933,a45_49,f,ao_esao_Chinese,official_lang,work.official_lang,married,other.attached,non.movers
655273,933,a40_44,f,onao_Canadian,official_lang,work.official_lang,married,apartment,non.movers
719517,933,a5_9,f,ao_esao_Filipino,official_lang,work.no.official_lang,no.married,other.attached,non.movers
477719,933,a35_39,f,ao_osao,official_lang,work.no.official_lang,married,apartment,non.movers
247467,933,a50_54,m,ao_wcameo,official_lang,work.official_lang,divorced,apartment,non.movers
823314,933,a55_59,f,ao_esao_Filipino,official_lang,work.official_lang,married,other.attached,interprovincial.movers
108677,933,a40_44,m,ao_osao,official_lang,work.official_lang,married,other.attached,non.movers
483763,933,a25_29,m,ao_sao_ei,official_lang,work.official_lang,married,apartment,non.movers
334066,933,a65_69,f,eo_neo,official_lang,work.official_lang,married,apartment,non.movers
289010,933,a65_69,f,ao_esao_Chinese,no.official_lang,work.no.official_lang,widowed,other.attached,non.movers
164204,933,a65_69,f,onao_Canadian,official_lang,work.no.official_lang,married,apartment,non.movers
185638,933,a25_29,f,eo_eeo_Russian,official_lang,work.official_lang,no.married,apartment,nonmigrants.movers
121407,933,a40_44,m,ao_sao_ei,official_lang,work.official_lang,married,apartment,non.movers
834615,933,a35_39,m,ao_esao_Filipino,official_lang,work.official_lang,living.common.law,apartment,non.movers
260933,933,a30_34,m,eo_oseo,official_lang,work.official_lang,married,apartment,non.movers
347172,933,a5_9,m,onao_Canadian,official_lang,work.no.official_lang,no.married,single.detached.house,non.movers
813344,933,a15_19,f,ao_esao_Chinese,official_lang,work.no.official_lang,no.married,single.detached.house,external.movers
254041,933,a25_29,m,eo_bio_Irish,official_lang,work.official_lang,no.married,apartment,interprovincial.movers
748847,933,a25_29,m,ao_esao_Chinese,official_lang,work.no.official_lang,no.married,apartment,non.movers
83304,933,a25_29,m,ao_esao_Chinese,official_lang,work.official_lang,no.married,single.detached.house,non.movers
303766,933,a0_4,f,ao_esao_Chinese,official_lang,work.no.official_lang,no.married,single.detached.house,non.movers
374881,933,a50_54,f,ao_sao_ei,official_lang,work.official_lang,divorced,other.attached,non.movers
803698,933,a0_4,m,ao_esao_Chinese,no.official_lang,work.no.official_lang,no.married,other.attached,external.movers
295437,933,a15_19,f,ao_wcameo,official_lang,work.no.official_lang,no.married,single.detached.house,non.movers
454088,933,a60_64,m,eo_eeo_Polish,official_lang,work.official_lang,divorced,apartment,non.movers
390128,933,a30_34,m,ao_esao_Chinese,official_lang,work.official_lang,married,single.detached.house,non.movers
479598,933,a35_39,f,ao_oesao,official_lang,work.no.official_lang,married,other.attached,non.movers
890994,933,a40_44,m,eo_seo_Italian,official_lang,work.official_lang,divorced,apartment,non.movers
789588,933,a25_29,f,ao_esao_Chinese,official_lang,work.official_lang,married,single.detached.house,non.movers
769305,933,a30_34,f,ao_esao_Chinese,official_lang,work.official_lang,married,single.detached.house,non.movers
289810,933,a30_34,f,ao_esao_Chinese,official_lang,work.official_lang,living.common.law,apartment,non.movers
807974,933,a25_29,f,ao_esao_Chinese,official_lang,work.no.official_lang,no.married,single.detached.house,non.movers
20336,933,a80_84,f,eo_oseo,no.official_lang,work.no.official_lang,married,apartment,non.movers
489230,933,a65_69,m,ao_esao_Chinese,no.official_lang,work.no.official_lang,married,apartment,non.movers
751569,933,a45_49,m,ao_wcameo,official_lang,work.official_lang,married,apartment,non.movers
676667,933,a60_64,f,onao_Canadian,official_lang,work.official_lang,no.married,apartment,non.movers
360663,933,a45_49,m,eo_bio_English,official_lang,work.official_lang,married,other.attached,non.movers
75271,933,a45_49,f,ao_oesao,official_lang,work.official_lang,divorced,apartment,non.movers
132583,933,a50_54,f,eo_bio_English,official_lang,work.official_lang,married,apartment,other.movers
415657,933,a65_69,m,ao_sao_ei,official_lang,work.no.official_lang,married,apartment,non.movers
429849,933,a45_49,m,ao,no.official_lang,work.no.official_lang,married,other.attached,non.movers
847317,933,a45_49,f,ao_esao_Chinese,official_lang,work.official_lang,married,other.attached,non.movers
792616,933,a35_39,f,ao_esao_Chinese,official_lang,work.no.official_lang,married,other.attached,non.movers
737371,933,a20_24,m,ao_esao_Chinese,official_lang,work.no.official_lang,no.married,other.attached,non.movers
765792,933,a40_44,m,ao_esao_Filipino,official_lang,work.official_lang,married,other.attached,non.movers
449336,933,a75_79,m,eo_neo,official_lang,work.official_lang,married,single.detached.house,non.movers
407010,933,a30_34,m,ao_esao_Filipino,official_lang,work.official_lang,living.common.law,apartment,non.movers
605455,933,a70_74,f,eo_bio_Scottish,official_lang,work.no.official_lang,widowed,apartment,non.movers
830571,933,a40_44,f,eo_bio_English,official_lang,work.official_lang,divorced,apartment,non.movers
761778,933,a45_49,m,eo_eeo_Russian,official_lang,work.official_lang,married,other.attached,non.movers
554867,933,a30_34,f,ao_wcameo,official_lang,work.no.official_lang,married,apartment,nonmigrants.movers
331187,933,a45_49,f,eo_weo_German,official_lang,work.official_lang,divorced,apartment,non.movers
316500,933,a55_59,m,eo_eeo_Russian,official_lang,work.official_lang,married,other.attached,non.movers
817247,933,a60_64,m,ao_esao_Filipino,official_lang,work.official_lang,married,other.attached,non.movers
770438,933,a30_34,f,ao_esao_Chinese,official_lang,work.official_lang,no.married,apartment,nonmigrants.movers
304185,933,a60_64,m,eo_obio,official_lang,work.official_lang,married,other.attached,non.movers
437242,933,a20_24,m,ao_oesao,official_lang,work.no.official_lang,no.married,other.attached,interprovincial.movers
723338,933,a35_39,f,ao_sao_ei,official_lang,work.official_lang,married,other.attached,nonmigrants.movers
585962,933,a40_44,m,ao_oesao,official_lang,work.official_lang,no.married,other.attached,non.movers
515237,933,a70_74,m,eo_seo_Italian,official_lang,work.no.official_lang,married,single.detached.house,non.movers
298818,933,a50_54,f,onao_Canadian,official_lang,work.official_lang,married,single.detached.house,non.movers
586368,933,a25_29,m,ao_esao_Chinese,official_lang,work.official_lang,married,single.detached.house,non.movers
231620,933,a35_39,m,eo_bio_English,official_lang,work.official_lang,married,single.detached.house,nonmigrants.movers
911162,933,a55_59,m,eo_weo_German,official_lang,work.official_lang,living.common.law,single.detached.house,non.movers
606128,933,a45_49,f,eo_eeo_Polish,official_lang,work.official_lang,divorced,apartment,non.movers
260427,933,a35_39,f,ao_esao_Filipino,official_lang,work.official_lang,living.common.law,apartment,non.movers
607443,933,a65_69,m,eo_seo_Italian,official_lang,work.no.official_lang,married,apartment,non.movers
894283,933,a45_49,m,eo_bio_English,official_lang,work.official_lang,separated,apartment,non.movers
323574,933,a40_44,f,ao_esao_Filipino,official_lang,work.official_lang,married,apartment,non.movers
36051,933,a30_34,f,ao_oesao,official_lang,work.no.official_lang,divorced,other.attached,nonmigrants.movers
885237,933,a50_54,f,ao_esao_Chinese,official_lang,work.no.official_lang,married,single.detached.house,non.movers
832301,933,a30_34,m,onao_Canadian,official_lang,work.official_lang,living.common.law,other.attached,nonmigrants.movers
383563,933,a45_49,m,eo_bio_Irish,official_lang,work.official_lang,married,other.attached,non.movers
135131,933,a50_54,m,eo_eeo_Ukrainian,official_lang,work.official_lang,married,single.detached.house,non.movers
803970,933,a20_24,m,ao_esao_Chinese,official_lang,work.official_lang,no.married,apartment,non.movers
218136,933,a15_19,f,ao_oesao,official_lang,work.no.official_lang,no.married,other.attached,non.movers
485015,933,a50_54,m,eo_eeo_Hungarian,official_lang,work.official_lang,married,single.detached.house,non.movers
155784,933,a25_29,f,eo_fo,official_lang,work.official_lang,no.married,apartment,non.movers
1716,933,a30_34,f,naao,official_lang,work.official_lang,living.common.law,apartment,non.movers
472133,933,a15_19,f,ao_oesao,official_lang,work.no.official_lang,no.married,single.detached.house,interprovincial.movers
460391,933,a40_44,f,lcsao,official_lang,work.official_lang,married,apartment,non.movers
172676,933,a50_54,m,eo_bio_Irish,official_lang,work.official_lang,married,single.detached.house,non.movers
482829,933,a15_19,f,ao_esao_Chinese,official_lang,work.no.official_lang,no.married,single.detached.house,non.movers
749763,933,a40_44,f,lcsao,official_lang,work.official_lang,married,apartment,interprovincial.movers
372154,933,a50_54,m,onao_Canadian,official_lang,work.official_lang,no.married,other.attached,non.movers
817817,933,a50_54,m,ao_esao_Chinese,official_lang,work.official_lang,married,single.detached.house,non.movers
60400,933,a65_69,f,eo_obio,official_lang,work.no.official_lang,widowed,other.attached,non.movers
804536,933,a40_44,f,ao_esao_Chinese,no.official_lang,work.official_lang,married,single.detached.house,non.movers
72152,933,a5_9,f,ao_oesao,official_lang,work.no.official_lang,no.married,single.detached.house,other.movers
116948,933,a35_39,f,ao_esao_Filipino,official_lang,work.official_lang,married,apartment,non.movers
685621,933,a45_49,f,ao_esao_Chinese,official_lang,work.no.official_lang,married,other.attached,non.movers
895978,933,a30_34,m,ao_esao_Chinese,official_lang,work.official_lang,no.married,other.attached,non.movers
724535,933,a80_84,m,eo_bio_Scottish,official_lang,work.no.official_lang,married,other.attached,non.movers
142609,933,a30_34,m,ao_oesao,official_lang,work.official_lang,married,single.detached.house,non.movers
911969,933,a60_64,f,eo_weo_German,official_lang,work.official_lang,married,single.detached.house,non.movers
606356,933,a45_49,f,eo_bio_Scottish,official_lang,work.official_lang,divorced,single.detached.house,non.movers
881219,933,a25_29,f,eo_neo,official_lang,work.official_lang,no.married,apartment,non.movers
93245,933,a5_9,m,eo_bio_English,official_lang,work.no.official_lang,no.married,single.detached.house,non.movers
466206,933,a60_64,m,ao_esao_Chinese,official_lang,work.official_lang,married,single.detached.house,non.movers
700048,933,a35_39,m,eo_bio_English,official_lang,work.official_lang,no.married,single.detached.house,non.movers
726685,933,a50_54,m,eo_seo_Portuguese,official_lang,work.official_lang,married,apartment,non.movers
29139,933,a20_24,f,ao_sao_ei,official_lang,work.official_lang,no.married,other.attached,non.movers
146448,933,a40_44,f,onao_Canadian,official_lang,work.official_lang,divorced,single.detached.house,non.movers
309621,933,a30_34,m,lcsao,official_lang,work.official_lang,married,apartment,non.movers
546288,933,a50_54,m,ao_oesao,official_lang,work.official_lang,married,apartment,non.movers
791680,933,a35_39,f,onao_Canadian,official_lang,work.official_lang,married,other.attached,non.movers
18957,933,a45_49,m,eo_oweo,official_lang,work.official_lang,married,single.detached.house,non.movers
282928,933,a35_39,f,eo_seo_Portuguese,official_lang,work.official_lang,married,other.attached,non.movers
881408,933,a5_9,f,lcsao,official_lang,work.no.official_lang,no.married,other.attached,non.movers
671901,933,a50_54,m,ao_esao_Chinese,no.official_lang,work.no.official_lang,married,other.attached,non.movers
621148,933,a40_44,f,onao_Canadian,official_lang,work.official_lang,married,single.detached.house,non.movers
188567,933,a45_49,m,onao_Canadian,official_lang,work.official_lang,no.married,apartment,non.movers
263660,933,a35_39,f,onao_Canadian,official_lang,work.official_lang,married,single.detached.house,non.movers
444916,933,a10_14,f,ao_sao_ei,official_lang,work.no.official_lang,no.married,apartment,non.movers
814271,933,a45_49,m,eo_bio_English,official_lang,work.official_lang,married,apartment,non.movers
805557,933,a25_29,m,ao_oesao,official_lang,work.official_lang,living.common.law,apartment,non.movers
735819,933,a45_49,m,eo_bio_Irish,official_lang,work.official_lang,married,apartment,non.movers
699249,933,a55_59,m,eo_weo_German,official_lang,work.official_lang,no.married,apartment,non.movers
231399,933,a65_69,m,ao_esao_Chinese,no.official_lang,work.no.official_lang,married,apartment,non.movers
58788,933,a85_,f,eo_weo_German,official_lang,work.no.official_lang,widowed,apartment,non.movers
895188,933,a35_39,m,eo_seo_Portuguese,official_lang,work.official_lang,married,other.attached,non.movers
352992,933,a30_34,m,eo_bio_Irish,official_lang,work.official_lang,living.common.law,other.attached,non.movers
458172,933,a45_49,f,ao_esao_Chinese,no.official_lang,work.no.official_lang,separated,single.detached.house,non.movers
6921,933,a35_39,f,ao_sao_ei,official_lang,work.official_lang,married,apartment,non.movers
124269,933,a40_44,f,ao_esao_Chinese,official_lang,work.official_lang,married,single.detached.house,nonmigrants.movers
95030,933,a0_4,m,onao_Canadian,official_lang,work.no.official_lang,no.married,single.detached.house,non.movers
323462,933,a50_54,f,ao_esao_Chinese,official_lang,work.official_lang,divorced,single.detached.house,nonmigrants.movers
258966,933,a30_34,m,ao_oesao,official_lang,work.official_lang,married,apartment,non.movers
223638,933,a45_49,m,ao_esao_Chinese,official_lang,work.official_lang,married,single.detached.house,non.movers
538066,933,a40_44,f,ao_wcameo,official_lang,work.official_lang,married,other.attached,non.movers
56150,933,a60_64,m,ao_esao_Chinese,official_lang,work.official_lang,married,apartment,non.movers
661527,933,a5_9,f,ao_esao_Chinese,official_lang,work.no.official_lang,no.married,other.attached,non.movers
887081,933,a60_64,m,ao_esao_Chinese,official_lang,work.official_lang,married,single.detached.house,non.movers
15130,933,a80_84,f,eo_bio_Irish,official_lang,work.no.official_lang,married,other.attached,non.movers
68311,933,a35_39,m,ao_oesao,no.official_lang,work.no.official_lang,married,apartment,non.movers
517835,933,a35_39,m,ao_sao_ei,official_lang,work.official_lang,married,apartment,nonmigrants.movers
705735,933,a25_29,m,ao_sao_ei,official_lang,work.official_lang,married,other.attached,non.movers
8207,933,a55_59,m,ao_esao_Chinese,official_lang,work.official_lang,divorced,single.detached.house,non.movers
915871,933,a85_,f,ao_oesao,official_lang,work.no.official_lang,married,single.detached.house,non.movers
846156,933,a20_24,f,onao_Canadian,official_lang,work.official_lang,no.married,other.attached,non.movers
779142,933,a65_69,f,ao_sao_ei,official_lang,work.no.official_lang,married,apartment,non.movers
205418,933,a35_39,f,ao_esao_Chinese,official_lang,work.no.official_lang,married,apartment,non.movers
474726,933,a50_54,m,eo_bio_Irish,official_lang,work.official_lang,married,other.attached,non.movers
927828,933,a30_34,f,ao_esao_Filipino,official_lang,work.official_lang,no.married,apartment,non.movers
685116,933,a10_14,f,eo_bio_English,official_lang,work.no.official_lang,no.married,other.attached,non.movers
880979,933,a50_54,m,ao_esao_Filipino,official_lang,work.official_lang,married,other.attached,other.movers
24788,933,a15_19,m,lcsao,official_lang,work.no.official_lang,no.married,apartment,non.movers
708050,933,a55_59,f,ao_esao_Chinese,official_lang,work.official_lang,married,apartment,non.movers
114770,933,a55_59,f,eo_neo,official_lang,work.official_lang,married,apartment,non.movers
703562,933,a5_9,f,ao_sao_ei,official_lang,work.no.official_lang,no.married,apartment,nonmigrants.movers
87028,933,a60_64,f,eo_seo_Spanish,official_lang,work.official_lang,married,single.detached.house,non.movers
927065,933,a5_9,m,ao_sao_ei,official_lang,work.no.official_lang,no.married,other.attached,non.movers
313470,933,a40_44,f,ao_sao_ei,official_lang,work.official_lang,separated,apartment,other.movers
519391,933,a25_29,m,ao_esao_Chinese,official_lang,work.official_lang,married,apartment,non.movers
528667,933,a35_39,m,ao_esao_Filipino,official_lang,work.official_lang,married,other.attached,non.movers
579330,933,a65_69,m,ao_esao_Chinese,official_lang,work.official_lang,married,single.detached.house,non.movers
483969,933,a45_49,m,eo_oseo,official_lang,work.official_lang,married,single.detached.house,non.movers
450583,933,a45_49,f,eo_bio_English,official_lang,work.official_lang,married,single.detached.house,non.movers
242891,933,a45_49,f,lcsao,official_lang,work.no.official_lang,married,apartment,non.movers
929280,933,a30_34,f,eo_eeo_Polish,official_lang,work.official_lang,married,apartment,non.movers
503238,933,a25_29,m,ao_esao_Chinese,official_lang,work.official_lang,separated,single.detached.house,external.movers
700018,933,a50_54,m,ao_esao_Chinese,official_lang,work.official_lang,married,apartment,non.movers
741956,933,a45_49,m,eo_bio_English,official_lang,work.official_lang,married,other.attached,non.movers
816366,933,a40_44,m,ao_oesao,official_lang,work.official_lang,no.married,apartment,non.movers
908861,933,a40_44,m,ao_esao_Chinese,official_lang,work.official_lang,married,apartment,non.movers
121623,933,a0_4,f,ao_oesao,official_lang,work.no.official_lang,no.married,apartment,non.movers
145789,933,a5_9,f,ao_esao_Filipino,official_lang,work.no.official_lang,no.married,apartment,non.movers
588487,933,a40_44,f,ao_oesao,official_lang,work.no.official_lang,married,single.detached.house,non.movers
134879,933,a70_74,m,eo_bio_English,official_lang,work.no.official_lang,divorced,other.attached,non.movers
602509,933,a25_29,m,ao_esao_Chinese,official_lang,work.official_lang,married,apartment,non.movers
640301,933,a50_54,f,ao_esao_Filipino,official_lang,work.official_lang,divorced,apartment,non.movers
774029,933,a30_34,m,onao_Canadian,official_lang,work.official_lang,living.common.law,apartment,non.movers
871327,933,a5_9,m,ao_esao_Filipino,official_lang,work.no.official_lang,no.married,single.detached.house,non.movers
887787,933,a0_4,f,ao_esao_Filipino,official_lang,work.no.official_lang,no.married,apartment,non.movers
76182,933,a5_9,f,ao_sao_ei,official_lang,work.no.official_lang,no.married,apartment,non.movers
916553,933,a35_39,m,eo_eeo_Russian,official_lang,work.official_lang,married,apartment,non.movers
511266,933,a65_69,m,onao_Canadian,official_lang,work.official_lang,married,other.attached,non.movers
566621,933,a10_14,m,ao_esao_Chinese,official_lang,work.no.official_lang,no.married,apartment,nonmigrants.movers
492538,933,a10_14,f,ao_esao_Chinese,official_lang,work.no.official_lang,no.married,single.detached.house,non.movers
534709,933,a45_49,f,lcsao,official_lang,work.official_lang,married,apartment,non.movers
675306,933,a0_4,f,ao_wcameo,official_lang,work.no.official_lang,no.married,other.attached,non.movers
591372,933,a55_59,m,ao_esao_Chinese,official_lang,work.official_lang,married,other.attached,non.movers
539535,933,a10_14,f,ao_esao_Chinese,official_lang,work.no.official_lang,no.married,other.attached,non.movers
189798,933,a25_29,m,ao_esao_Chinese,official_lang,work.official_lang,no.married,single.detached.house,non.movers
827934,933,a45_49,m,eo_oseo,official_lang,work.official_lang,married,single.detached.house,non.movers
649349,933,a45_49,m,eo_weo_German,official_lang,work.official_lang,no.married,apartment,non.movers
649241,933,a20_24,m,ao_esao_Chinese,official_lang,work.no.official_lang,no.married,single.detached.house,non.movers
555749,933,a30_34,f,ao_esao_Chinese,official_lang,work.official_lang,married,single.detached.house,non.movers
713609,933,a75_79,f,ao_esao_Chinese,official_lang,work.no.official_lang,divorced,apartment,non.movers
172719,933,a30_34,f,onao_Canadian,official_lang,work.official_lang,married,single.detached.house,nonmigrants.movers
539260,933,a20_24,m,ao_esao_Chinese,official_lang,work.official_lang,no.married,single.detached.house,non.movers
760875,933,a5_9,m,ao_esao_Filipino,official_lang,work.no.official_lang,no.married,other.attached,non.movers
195299,933,a40_44,m,ao,official_lang,work.official_lang,married,other.attached,non.movers
814672,933,a35_39,m,ao_oesao,official_lang,work.official_lang,married,apartment,non.movers
701705,933,a55_59,f,eo_oseo,official_lang,work.no.official_lang,married,single.detached.house,non.movers
514448,933,a0_4,m,ao_esao_Filipino,official_lang,work.no.official_lang,no.married,single.detached.house,other.movers
744510,933,a60_64,m,eo_weo_German,official_lang,work.official_lang,married,single.detached.house,non.movers
877520,933,a45_49,f,ao_esao_Chinese,no.official_lang,work.no.official_lang,married,single.detached.house,non.movers
877438,933,a65_69,m,ao_esao_Chinese,official_lang,work.official_lang,married,single.detached.house,non.movers
222329,933,a10_14,m,ao_esao_Filipino,official_lang,work.no.official_lang,no.married,apartment,non.movers
909951,933,a35_39,m,ao_oesao,official_lang,work.official_lang,no.married,apartment,non.movers
37138,933,a0_4,f,ao_sao_ei,official_lang,work.no.official_lang,no.married,apartment,non.movers
338806,933,a60_64,m,ao_sao_ei,official_lang,work.no.official_lang,married,single.detached.house,non.movers
887558,933,a80_84,f,ao_esao_Chinese,official_lang,work.no.official_lang,divorced,other.attached,non.movers
648085,933,a35_39,f,ao_wcameo,official_lang,work.official_lang,married,other.attached,non.movers
100648,933,a15_19,f,ao_oesao,official_lang,work.no.official_lang,no.married,other.attached,non.movers
355248,933,a80_84,m,ao_oesao,official_lang,work.no.official_lang,married,single.detached.house,non.movers
439502,933,a65_69,f,eo_eeo_Ukrainian,official_lang,work.no.official_lang,married,single.detached.house,non.movers
543945,933,a35_39,m,eo_bio_Irish,official_lang,work.official_lang,married,apartment,non.movers
718205,933,a5_9,m,lcsao,official_lang,work.no.official_lang,no.married,other.attached,non.movers
144224,933,a35_39,m,eo_eeo_Ukrainian,official_lang,work.official_lang,married,apartment,non.movers
844833,933,a35_39,m,onao_Canadian,official_lang,work.official_lang,no.married,other.attached,non.movers
444032,933,a45_49,f,ao_esao_Chinese,no.official_lang,work.no.official_lang,divorced,single.detached.house,external.movers
74714,933,a35_39,m,ao_esao_Chinese,official_lang,work.official_lang,married,apartment,non.movers
583987,933,a30_34,m,eo_neo,official_lang,work.no.official_lang,no.married,apartment,non.movers
311471,933,a55_59,f,eo_bio_Irish,official_lang,work.no.official_lang,no.married,other.attached,non.movers
540282,933,a80_84,m,eo_eeo_Hungarian,official_lang,work.no.official_lang,married,single.detached.house,non.movers
692922,933,a30_34,f,ao_wcameo,official_lang,work.official_lang,living.common.law,apartment,external.movers
338363,933,a70_74,m,ao_esao_Chinese,no.official_lang,work.no.official_lang,married,single.detached.house,non.movers
731520,933,a55_59,m,ao_esao_Chinese,no.official_lang,work.no.official_lang,married,apartment,non.movers
598538,933,a35_39,m,ao_wcameo,official_lang,work.no.official_lang,married,single.detached.house,non.movers
646390,933,a30_34,m,ao_esao_Filipino,official_lang,work.no.official_lang,living.common.law,apartment,non.movers
612887,933,a30_34,m,ao_oesao,official_lang,work.official_lang,married,apartment,other.movers
334568,933,a20_24,m,ao_esao_Chinese,official_lang,work.no.official_lang,no.married,single.detached.house,non.movers
326876,933,a60_64,f,ao_esao_Chinese,official_lang,work.official_lang,married,single.detached.house,non.movers
844241,933,a5_9,f,ao_oesao,official_lang,work.no.official_lang,no.married,apartment,non.movers
54344,933,a70_74,f,eo_seo_Portuguese,official_lang,work.no.official_lang,widowed,other.attached,non.movers
480559,933,a65_69,m,oco,official_lang,work.no.official_lang,no.married,apartment,non.movers
735003,933,a60_64,f,ao_esao_Chinese,official_lang,work.no.official_lang,married,apartment,non.movers
362923,933,a35_39,m,ao_esao_Chinese,official_lang,work.official_lang,no.married,other.attached,non.movers
78294,933,a55_59,f,eo_bio_Irish,official_lang,work.no.official_lang,no.married,single.detached.house,non.movers
447944,933,a5_9,f,ao_esao_Filipino,official_lang,work.no.official_lang,no.married,other.attached,non.movers
557919,933,a10_14,m,ao_esao_Chinese,official_lang,work.no.official_lang,no.married,other.attached,non.movers
615238,933,a0_4,f,ao_sao_ei,official_lang,work.no.official_lang,no.married,single.detached.house,non.movers
823133,933,a65_69,f,eo_bio_Irish,official_lang,work.no.official_lang,separated,apartment,non.movers
92140,933,a20_24,m,eo_eeo_Polish,official_lang,work.official_lang,no.married,single.detached.house,non.movers
38483,933,a20_24,f,ao_esao_Chinese,official_lang,work.official_lang,living.common.law,apartment,other.movers
382937,933,a55_59,m,ao_esao_Filipino,official_lang,work.official_lang,married,apartment,non.movers
848270,933,a20_24,f,eo_eeo_Polish,official_lang,work.no.official_lang,no.married,other.attached,non.movers
789591,933,a10_14,f,ao_esao_Chinese,official_lang,work.no.official_lang,no.married,apartment,non.movers
318712,933,a75_79,m,eo_bio_Scottish,official_lang,work.no.official_lang,living.common.law,apartment,non.movers
110292,933,a45_49,m,ao,official_lang,work.official_lang,married,single.detached.house,nonmigrants.movers
315992,933,a55_59,f,eo_oeeo,official_lang,work.official_lang,married,other.attached,non.movers
599203,933,a30_34,m,eo_seo_Spanish,official_lang,work.official_lang,living.common.law,apartment,non.movers
567805,933,a35_39,f,ao_esao_Chinese,official_lang,work.official_lang,no.married,single.detached.house,nonmigrants.movers
139106,933,a35_39,m,eo_obio,official_lang,work.official_lang,no.married,apartment,non.movers
295468,933,a70_74,m,ao_sao_ei,official_lang,work.no.official_lang,married,single.detached.house,non.movers
502226,933,a35_39,f,ao_esao_Chinese,official_lang,work.official_lang,married,single.detached.house,non.movers
161123,933,a60_64,f,ao_esao_Chinese,official_lang,work.no.official_lang,divorced,other.attached,non.movers
246882,933,a60_64,f,ao_sao_ei,official_lang,work.no.official_lang,married,apartment,non.movers
415910,933,a40_44,f,ao_sao_ei,official_lang,work.official_lang,married,apartment,non.movers
8440,933,a30_34,m,ao_esao_Chinese,official_lang,work.no.official_lang,married,apartment,non.movers
344563,933,a35_39,f,ao_esao_Chinese,official_lang,work.official_lang,married,other.attached,external.movers
385146,933,a25_29,m,ao_esao_Chinese,official_lang,work.official_lang,living.common.law,single.detached.house,non.movers
641525,933,a5_9,f,ao_esao_Chinese,official_lang,work.no.official_lang,no.married,single.detached.house,non.movers
228869,933,a45_49,f,lcsao,official_lang,work.official_lang,no.married,apartment,non.movers
661514,933,a45_49,f,eo_fo,official_lang,work.official_lang,married,apartment,non.movers
930268,933,a80_84,m,eo_weo_German,official_lang,work.no.official_lang,married,other.attached,non.movers
436212,933,a30_34,f,ao_oesao,official_lang,work.official_lang,no.married,apartment,non.movers
538380,933,a15_19,m,ao_esao_Chinese,official_lang,work.official_lang,no.married,single.detached.house,interprovincial.movers
900009,933,a30_34,f,ao_oesao,official_lang,work.official_lang,married,apartment,non.movers
201506,933,a20_24,f,ao_esao_Chinese,official_lang,work.official_lang,no.married,apartment,non.movers
615049,933,a0_4,m,ao_esao_Chinese,official_lang,work.no.official_lang,no.married,other.attached,non.movers
3160,933,a80_84,f,eo_bio_Scottish,official_lang,work.no.official_lang,married,other.attached,non.movers
205915,933,a30_34,f,ao_esao_Chinese,official_lang,work.official_lang,living.common.law,other.attached,non.movers
692695,933,a35_39,m,onao_Canadian,official_lang,work.official_lang,living.common.law,apartment,non.movers
553335,933,a75_79,m,eo_seo_Italian,official_lang,work.no.official_lang,married,apartment,non.movers
747210,933,a25_29,f,ao_oesao,official_lang,work.official_lang,living.common.law,apartment,non.movers
349818,933,a30_34,m,lcsao,official_lang,work.official_lang,living.common.law,apartment,non.movers
360715,933,a40_44,f,ao_esao_Chinese,official_lang,work.official_lang,married,other.attached,non.movers
590592,933,a5_9,f,ao_esao_Chinese,official_lang,work.no.official_lang,no.married,single.detached.house,non.movers
320342,933,a45_49,m,eo_oeeo,official_lang,work.official_lang,married,single.detached.house,non.movers
405644,933,a30_34,m,ao_sao_ei,official_lang,work.official_lang,married,apartment,non.movers
566616,933,a85_,f,eo_seo_Portuguese,official_lang,work.no.official_lang,married,single.detached.house,non.movers
272038,933,a45_49,f,ao_sao_ei,official_lang,work.official_lang,no.married,apartment,non.movers
585559,933,a65_69,f,ao_esao_Chinese,official_lang,work.no.official_lang,married,apartment,nonmigrants.movers
711484,933,a55_59,f,eo_bio_Scottish,official_lang,work.official_lang,divorced,apartment,non.movers
433782,933,a30_34,m,ao_esao_Chinese,official_lang,work.official_lang,no.married,single.detached.house,non.movers
856180,933,a65_69,f,eo_bio_Irish,official_lang,work.official_lang,married,other.attached,non.movers
368396,933,a30_34,f,ao_esao_Chinese,official_lang,work.official_lang,no.married,other.attached,nonmigrants.movers
287067,933,a35_39,m,ao_esao_Filipino,official_lang,work.official_lang,married,other.attached,non.movers
333134,933,a65_69,m,ao_sao_ei,official_lang,work.no.official_lang,widowed,single.detached.house,non.movers
18760,933,a0_4,f,ao_esao_Chinese,official_lang,work.no.official_lang,no.married,other.attached,non.movers
229674,933,a55_59,f,ao_oesao,no.official_lang,work.official_lang,married,other.attached,non.movers
685912,933,a40_44,f,ao_oesao,official_lang,work.no.official_lang,married,apartment,non.movers
582041,933,a30_34,f,ao_oesao,official_lang,work.official_lang,living.common.law,apartment,other.movers
237942,933,a60_64,f,eo_seo_Portuguese,official_lang,work.no.official_lang,married,apartment,non.movers
416315,933,a20_24,f,ao_esao_Chinese,official_lang,work.official_lang,no.married,other.attached,non.movers
914594,933,a50_54,f,ao_esao_Chinese,official_lang,work.official_lang,divorced,apartment,non.movers
513336,933,a5_9,m,naao,official_lang,work.no.official_lang,no.married,apartment,non.movers
560657,933,a35_39,m,ao_sao_ei,official_lang,work.no.official_lang,married,apartment,external.movers
767497,933,a50_54,f,eo_eeo_Polish,official_lang,work.official_lang,separated,apartment,non.movers
588261,933,a30_34,f,ao_esao_Chinese,official_lang,work.official_lang,married,apartment,non.movers
468854,933,a35_39,f,eo_seo_Greek,official_lang,work.official_lang,married,other.attached,non.movers
80014,933,a70_74,f,eo_weo_Dutch,official_lang,work.no.official_lang,married,single.detached.house,non.movers
904510,933,a30_34,f,ao_esao_Chinese,official_lang,work.official_lang,no.married,single.detached.house,non.movers
151589,933,a30_34,m,ao_esao_Filipino,official_lang,work.no.official_lang,no.married,single.detached.house,non.movers
437674,933,a30_34,m,ao_esao_Chinese,official_lang,work.no.official_lang,no.married,apartment,non.movers
632858,933,a35_39,f,ao_esao_Filipino,official_lang,work.official_lang,no.married,other.attached,non.movers
187031,933,a25_29,m,ao_oesao,official_lang,work.official_lang,no.married,apartment,non.movers
168966,933,a25_29,m,onao_Canadian,official_lang,work.official_lang,no.married,apartment,other.movers
309951,933,a40_44,m,ao_esao_Chinese,official_lang,work.official_lang,married,apartment,non.movers
362089,933,a5_9,m,eo_seo_Italian,official_lang,work.no.official_lang,no.married,apartment,non.movers
888564,933,a55_59,f,ao_oesao,official_lang,work.official_lang,married,other.attached,non.movers
521948,933,a35_39,m,ao_sao_ei,official_lang,work.official_lang,married,single.detached.house,non.movers
399802,933,a40_44,m,lcsao,official_lang,work.official_lang,married,other.attached,non.movers
523402,933,a0_4,m,ao_esao_Filipino,official_lang,work.no.official_lang,no.married,apartment,non.movers
176136,933,a15_19,f,ao_esao_Chinese,official_lang,work.no.official_lang,no.married,single.detached.house,non.movers
