PPSORT,CMA,AGE,SEX,RACE,KOL,WORKLANG,MARST,DWEL,MOBL
177141,933,a30_34,m,ao_esao_Chinese,official_lang,work.no.official_lang,married,single.detached.house,non.movers
501759,933,a55_59,m,ao_esao_Chinese,official_lang,work.no.official_lang,married,other.attached,non.movers
590813,933,a50_54,m,ao_esao_Chinese,no.official_lang,work.no.official_lang,married,apartment,non.movers
723284,933,a30_34,f,ao_esao_Chinese,official_lang,work.official_lang,no.married,single.detached.house,non.movers
265547,933,a70_74,f,ao_esao_Chinese,no.official_lang,work.no.official_lang,married,apartment,non.movers
400129,933,a85_,f,ao_esao_Chinese,no.official_lang,work.no.official_lang,widowed,other.attached,non.movers
147591,933,a25_29,m,ao_esao_Chinese,official_lang,work.official_lang,married,apartment,non.movers
640408,933,a0_4,m,ao_esao_Chinese,official_lang,work.no.official_lang,no.married,apartment,non.movers
285415,933,a40_44,f,ao_esao_Chinese,official_lang,work.official_lang,married,other.attached,non.movers
583494,933,a25_29,m,eo_weo_Dutch,official_lang,work.official_lang,no.married,apartment,non.movers
101332,933,a60_64,m,ao_esao_Chinese,official_lang,work.official_lang,widowed,other.attached,non.movers
697773,933,a45_49,f,ao_esao_Chinese,official_lang,work.no.official_lang,married,other.attached,non.movers
468298,933,a45_49,f,ao_esao_Chinese,official_lang,work.official_lang,married,single.detached.house,non.movers
69867,933,a15_19,f,ao_wcameo,official_lang,work.official_lang,no.married,other.attached,non.movers
540316,933,a50_54,m,ao_esao_Chinese,official_lang,work.official_lang,married,other.attached,non.movers
665402,933,a65_69,m,eo_oseo,official_lang,work.official_lang,married,apartment,non.movers
38018,933,a5_9,f,ao_esao_Chinese,official_lang,work.no.official_lang,no.married,other.attached,non.movers
671901,933,a50_54,m,ao_esao_Chinese,no.official_lang,work.no.official_lang,married,other.attached,non.movers
713543,933,a55_59,m,ao_esao_Filipino,official_lang,work.official_lang,married,other.attached,non.movers
449600,933,a70_74,m,ao_esao_Chinese,official_lang,work.no.official_lang,married,other.attached,non.movers
10867,933,a15_19,f,ao_esao_Chinese,official_lang,work.no.official_lang,no.married,single.detached.house,non.movers
906023,933,a30_34,m,ao_esao_Chinese,official_lang,work.official_lang,no.married,other.attached,non.movers
783910,933,a60_64,f,onao_Canadian,official_lang,work.official_lang,married,other.attached,non.movers
826585,933,a5_9,m,ao_esao_Chinese,official_lang,work.no.official_lang,no.married,single.detached.house,non.movers
419944,933,a70_74,f,ao_sao_ei,no.official_lang,work.no.official_lang,widowed,apartment,non.movers
621762,933,a85_,f,eo_neo,official_lang,work.no.official_lang,widowed,apartment,non.movers
589418,933,a60_64,m,ao_esao_Chinese,official_lang,work.no.official_lang,married,apartment,non.movers
33361,933,a70_74,m,eo_eeo_Hungarian,official_lang,work.no.official_lang,married,single.detached.house,non.movers
405084,933,a25_29,m,ao_esao_Chinese,official_lang,work.official_lang,married,other.attached,non.movers
730152,933,a40_44,f,ao_esao_Chinese,official_lang,work.official_lang,married,apartment,non.movers
826093,933,a35_39,m,oco,official_lang,work.official_lang,married,apartment,non.movers
532426,933,a50_54,f,ao_esao_Chinese,official_lang,work.no.official_lang,married,other.attached,non.movers
854116,933,a75_79,m,ao_esao_Chinese,official_lang,work.no.official_lang,married,other.attached,non.movers
483764,933,a40_44,f,ao_esao_Chinese,no.official_lang,work.no.official_lang,married,single.detached.house,non.movers
136862,933,a40_44,m,eo_eeo_Ukrainian,official_lang,work.official_lang,married,apartment,non.movers
473399,933,a65_69,f,ao_esao_Chinese,no.official_lang,work.no.official_lang,married,single.detached.house,non.movers
532980,933,a65_69,f,ao_esao_Chinese,official_lang,work.no.official_lang,separated,apartment,non.movers
204813,933,a50_54,f,eo_weo_German,official_lang,work.official_lang,married,single.detached.house,non.movers
571756,933,a60_64,m,ao_esao_Chinese,official_lang,work.no.official_lang,married,other.attached,non.movers
180624,933,a65_69,m,eo_oeeo,official_lang,work.official_lang,married,apartment,non.movers
47172,933,a65_69,f,ao_esao_Chinese,no.official_lang,work.no.official_lang,married,other.attached,non.movers
713127,933,a40_44,f,ao_esao_Chinese,official_lang,work.no.official_lang,married,apartment,external.movers
420604,933,a60_64,f,ao_esao_Chinese,official_lang,work.official_lang,married,apartment,non.movers
830258,933,a40_44,f,oco,official_lang,work.official_lang,married,other.attached,non.movers
153032,933,a50_54,f,ao_esao_Filipino,official_lang,work.official_lang,married,other.attached,non.movers
240392,933,a60_64,f,ao_esao_Chinese,official_lang,work.no.official_lang,married,other.attached,non.movers
145986,933,a10_14,f,ao_esao_Chinese,no.official_lang,work.no.official_lang,no.married,single.detached.house,nonmigrants.movers
126447,933,a0_4,m,onao_Canadian,official_lang,work.no.official_lang,no.married,single.detached.house,non.movers
430398,933,a25_29,f,eo_eeo_Ukrainian,official_lang,work.official_lang,married,other.attached,non.movers
437400,933,a70_74,m,eo_bio_English,official_lang,work.no.official_lang,living.common.law,other.attached,non.movers
48544,933,a0_4,f,ao_esao_Chinese,official_lang,work.no.official_lang,no.married,other.attached,non.movers
758972,933,a10_14,f,ao_sao_ei,official_lang,work.no.official_lang,no.married,other.attached,non.movers
484327,933,a10_14,m,ao_esao_Chinese,official_lang,work.no.official_lang,no.married,other.attached,non.movers
507609,933,a70_74,m,ao_esao_Chinese,no.official_lang,work.no.official_lang,married,apartment,non.movers
64791,933,a30_34,f,ao_esao_Chinese,official_lang,work.no.official_lang,married,other.attached,non.movers
128235,933,a10_14,f,onao_Canadian,official_lang,work.no.official_lang,no.married,single.detached.house,non.movers
686521,933,a35_39,f,ao_esao_Chinese,official_lang,work.official_lang,no.married,other.attached,non.movers
586573,933,a45_49,m,ao_esao_Chinese,official_lang,work.official_lang,married,single.detached.house,non.movers
546438,933,a20_24,f,ao_oesao,official_lang,work.official_lang,no.married,other.attached,non.movers
705540,933,a60_64,f,ao_esao_Chinese,no.official_lang,work.no.official_lang,married,single.detached.house,non.movers
293853,933,a80_84,f,eo_weo_German,official_lang,work.no.official_lang,married,other.attached,non.movers
886741,933,a65_69,f,ao_esao_Chinese,official_lang,work.no.official_lang,married,single.detached.house,non.movers
874571,933,a0_4,f,onao_Canadian,official_lang,work.no.official_lang,no.married,other.attached,nonmigrants.movers
214503,933,a15_19,m,ao_esao_Chinese,official_lang,work.no.official_lang,no.married,apartment,non.movers
485256,933,a55_59,m,oo,official_lang,work.official_lang,married,other.attached,non.movers
817644,933,a5_9,m,ao_esao_Chinese,official_lang,work.no.official_lang,no.married,apartment,non.movers
272754,933,a55_59,m,ao_esao_Chinese,no.official_lang,work.no.official_lang,married,apartment,non.movers
417611,933,a30_34,f,ao_esao_Chinese,official_lang,work.official_lang,married,apartment,non.movers
681869,933,a70_74,m,ao_esao_Chinese,official_lang,work.no.official_lang,married,other.attached,non.movers
824619,933,a70_74,m,eo_neo,official_lang,work.no.official_lang,married,single.detached.house,non.movers
574487,933,a55_59,f,ao_esao_Chinese,official_lang,work.no.official_lang,married,single.detached.house,non.movers
681320,933,a50_54,f,ao_esao_Chinese,no.official_lang,work.no.official_lang,married,other.attached,other.movers
487104,933,a60_64,m,eo_bio_Scottish,official_lang,work.official_lang,married,apartment,non.movers
866554,933,a45_49,f,ao_esao_Chinese,official_lang,work.official_lang,married,other.attached,non.movers
211583,933,a65_69,f,ao_esao_Chinese,no.official_lang,work.no.official_lang,married,other.attached,non.movers
58701,933,a70_74,f,eo_fo,official_lang,work.no.official_lang,widowed,apartment,non.movers
222353,933,a20_24,m,eo_oseo,official_lang,work.official_lang,no.married,apartment,non.movers
722333,933,a40_44,f,ao_esao_Chinese,no.official_lang,work.no.official_lang,married,apartment,non.movers
189448,933,a60_64,m,ao_esao_Chinese,official_lang,work.official_lang,married,other.attached,non.movers
733200,933,a0_4,f,ao_esao_Chinese,official_lang,work.no.official_lang,no.married,single.detached.house,non.movers
727593,933,a55_59,f,oco,official_lang,work.official_lang,no.married,apartment,non.movers
585201,933,a75_79,f,onao_Canadian,official_lang,work.no.official_lang,married,other.attached,non.movers
485082,933,a15_19,m,ao_esao_Chinese,official_lang,work.no.official_lang,no.married,other.attached,non.movers
615592,933,a40_44,f,ao_esao_Chinese,official_lang,work.no.official_lang,married,other.attached,non.movers
814942,933,a45_49,f,ao_esao_Chinese,no.official_lang,work.no.official_lang,married,single.detached.house,nonmigrants.movers
581217,933,a25_29,m,ao_esao_Chinese,official_lang,work.official_lang,no.married,single.detached.house,non.movers
109019,933,a40_44,f,ao_esao_Chinese,official_lang,work.official_lang,married,single.detached.house,non.movers
112261,933,a20_24,f,ao_esao_Chinese,official_lang,work.no.official_lang,no.married,apartment,nonmigrants.movers
887991,933,a5_9,m,ao_esao_Chinese,official_lang,work.no.official_lang,no.married,other.attached,non.movers
800894,933,a35_39,f,ao_esao_Chinese,official_lang,work.official_lang,married,apartment,non.movers
517343,933,a10_14,m,onao_Canadian,official_lang,work.no.official_lang,no.married,single.detached.house,non.movers
132329,933,a10_14,f,ao_esao_Chinese,official_lang,work.no.official_lang,no.married,other.attached,non.movers
391527,933,a40_44,m,ao_esao_Chinese,official_lang,work.official_lang,divorced,apartment,non.movers
530522,933,a10_14,m,ao_esao_Chinese,official_lang,work.no.official_lang,no.married,other.attached,non.movers
920422,933,a50_54,f,ao_oesao,no.official_lang,work.no.official_lang,married,apartment,non.movers
281827,933,a60_64,f,eo_eeo_Polish,official_lang,work.official_lang,married,apartment,nonmigrants.movers
687087,933,a55_59,m,ao_esao_Chinese,official_lang,work.official_lang,married,other.attached,non.movers
659530,933,a40_44,m,eo_seo_Spanish,official_lang,work.official_lang,married,other.attached,non.movers
209017,933,a40_44,f,onao_Canadian,official_lang,work.official_lang,separated,apartment,nonmigrants.movers
270973,933,a20_24,m,ao_esao_Chinese,official_lang,work.official_lang,no.married,single.detached.house,non.movers
377630,933,a50_54,m,ao_esao_Chinese,no.official_lang,work.no.official_lang,married,single.detached.house,nonmigrants.movers
42022,933,a75_79,f,eo_oeo,official_lang,work.no.official_lang,widowed,single.detached.house,non.movers
72454,933,a85_,f,ao_esao_Chinese,no.official_lang,work.no.official_lang,widowed,other.attached,non.movers
425226,933,a30_34,f,ao_esao_Filipino,official_lang,work.official_lang,no.married,other.attached,non.movers
126098,933,a50_54,f,ao_esao_Chinese,official_lang,work.official_lang,no.married,apartment,non.movers
160618,933,a65_69,m,eo_bio_English,official_lang,work.no.official_lang,married,other.attached,non.movers
770895,933,a55_59,m,ao_esao_Chinese,official_lang,work.official_lang,married,apartment,non.movers
890233,933,a30_34,m,onao_Canadian,official_lang,work.official_lang,married,other.attached,non.movers
671964,933,a40_44,f,ao_esao_Chinese,official_lang,work.official_lang,no.married,single.detached.house,non.movers
195007,933,a20_24,f,ao_esao_Chinese,official_lang,work.no.official_lang,no.married,single.detached.house,non.movers
745944,933,a60_64,m,ao_esao_Chinese,official_lang,work.official_lang,married,apartment,non.movers
565937,933,a25_29,f,lcsao,official_lang,work.official_lang,living.common.law,apartment,non.movers
834216,933,a70_74,m,ao_sao_ei,official_lang,work.official_lang,married,other.attached,non.movers
187193,933,a35_39,m,ao_esao_Chinese,official_lang,work.no.official_lang,no.married,other.attached,non.movers
407116,933,a25_29,m,naao,official_lang,work.official_lang,no.married,other.attached,non.movers
604230,933,a35_39,f,ao_esao_Chinese,official_lang,work.official_lang,married,other.attached,non.movers
630660,933,a30_34,m,eo_bio_Irish,official_lang,work.official_lang,married,apartment,non.movers
498216,933,a15_19,m,ao_esao_Chinese,official_lang,work.no.official_lang,no.married,apartment,non.movers
828999,933,a15_19,f,ao_esao_Chinese,official_lang,work.official_lang,no.married,apartment,non.movers
865408,933,a0_4,m,onao_Canadian,official_lang,work.no.official_lang,no.married,other.attached,non.movers
485315,933,a55_59,m,ao_esao_Chinese,no.official_lang,work.no.official_lang,divorced,other.attached,non.movers
538586,933,a60_64,f,ao_esao_Chinese,no.official_lang,work.no.official_lang,married,other.attached,non.movers
486075,933,a65_69,m,eo_bio_Scottish,official_lang,work.official_lang,married,single.detached.house,non.movers
136862,933,a40_44,m,eo_eeo_Ukrainian,official_lang,work.official_lang,married,apartment,non.movers
325031,933,a65_69,m,eo_oeo,official_lang,work.official_lang,married,single.detached.house,non.movers
172219,933,a45_49,f,ao_esao_Chinese,official_lang,work.official_lang,married,single.detached.house,non.movers
97726,933,a30_34,m,ao_osao,no.official_lang,work.no.official_lang,married,apartment,non.movers
104007,933,a10_14,m,ao_esao_Filipino,official_lang,work.no.official_lang,no.married,other.attached,non.movers
288084,933,a60_64,m,ao_sao_ei,no.official_lang,work.no.official_lang,married,apartment,non.movers
466590,933,a40_44,m,ao_esao_Chinese,no.official_lang,work.official_lang,living.common.law,apartment,non.movers
571528,933,a50_54,m,eo_weo_German,official_lang,work.official_lang,married,single.detached.house,non.movers
742445,933,a60_64,m,eo_weo_German,official_lang,work.no.official_lang,married,single.detached.house,non.movers
899050,933,a85_,f,ao_esao_Chinese,no.official_lang,work.no.official_lang,widowed,single.detached.house,non.movers
925116,933,a10_14,f,eo_weo_German,official_lang,work.no.official_lang,no.married,other.attached,non.movers
596085,933,a20_24,m,ao_esao_Chinese,official_lang,work.official_lang,no.married,other.attached,non.movers
200062,933,a65_69,f,ao_esao_Chinese,official_lang,work.no.official_lang,married,single.detached.house,non.movers
398742,933,a15_19,f,onao_Canadian,official_lang,work.no.official_lang,no.married,other.attached,non.movers
863028,933,a65_69,f,onao_Canadian,official_lang,work.no.official_lang,married,other.attached,non.movers
9237,933,a55_59,f,ao_oesao,official_lang,work.no.official_lang,married,single.detached.house,non.movers
609878,933,a20_24,m,ao_osao,official_lang,work.no.official_lang,no.married,other.attached,non.movers
32063,933,a15_19,m,ao_esao_Chinese,official_lang,work.no.official_lang,no.married,single.detached.house,non.movers
493563,933,a50_54,m,ao_esao_Chinese,no.official_lang,work.no.official_lang,married,apartment,external.movers
106435,933,a15_19,f,ao_esao_Chinese,official_lang,work.no.official_lang,no.married,single.detached.house,non.movers
617704,933,a65_69,m,eo_oeeo,official_lang,work.official_lang,married,single.detached.house,non.movers
798894,933,a5_9,m,ao_esao_Chinese,official_lang,work.no.official_lang,no.married,other.attached,non.movers
368127,933,a50_54,f,onao_Canadian,official_lang,work.official_lang,living.common.law,other.attached,non.movers
25767,933,a40_44,f,ao_esao_Chinese,official_lang,work.official_lang,married,single.detached.house,non.movers
508396,933,a20_24,m,eo_eeo_Russian,official_lang,work.official_lang,no.married,single.detached.house,non.movers
811238,933,a65_69,m,ao_esao_Chinese,no.official_lang,work.no.official_lang,married,other.attached,non.movers
454803,933,a20_24,f,ao_esao_Chinese,official_lang,work.no.official_lang,no.married,other.attached,non.movers
277208,933,a25_29,f,ao_esao_Chinese,official_lang,work.official_lang,no.married,single.detached.house,nonmigrants.movers
70622,933,a25_29,f,ao_esao_Chinese,official_lang,work.official_lang,no.married,apartment,non.movers
413009,933,a30_34,m,ao_esao_Chinese,official_lang,work.official_lang,married,other.attached,non.movers
410083,933,a45_49,m,ao_esao_Chinese,no.official_lang,work.no.official_lang,married,single.detached.house,non.movers
48029,933,a60_64,m,ao_esao_Chinese,official_lang,work.official_lang,married,single.detached.house,non.movers
610,933,a70_74,m,ao_esao_Chinese,official_lang,work.no.official_lang,married,other.attached,non.movers
35310,933,a15_19,m,ao_esao_Chinese,official_lang,work.no.official_lang,no.married,other.attached,non.movers
295892,933,a10_14,m,ao_esao_Chinese,official_lang,work.no.official_lang,no.married,single.detached.house,non.movers
230892,933,a85_,f,ao_esao_Chinese,no.official_lang,work.no.official_lang,widowed,single.detached.house,non.movers
417222,933,a30_34,f,ao_esao_Chinese,official_lang,work.official_lang,living.common.law,other.attached,non.movers
873575,933,a20_24,f,ao_esao_Chinese,official_lang,work.official_lang,no.married,single.detached.house,non.movers
855079,933,a5_9,f,onao_Canadian,official_lang,work.no.official_lang,no.married,single.detached.house,non.movers
160280,933,a35_39,m,ao_esao_Chinese,official_lang,work.official_lang,married,other.attached,non.movers
632281,933,a70_74,f,eo_seo_Italian,official_lang,work.no.official_lang,widowed,apartment,non.movers
824249,933,a25_29,m,onao_Canadian,official_lang,work.official_lang,no.married,apartment,non.movers
795212,933,a20_24,f,ao_esao_Chinese,official_lang,work.official_lang,no.married,single.detached.house,non.movers
188824,933,a20_24,f,onao_Canadian,official_lang,work.official_lang,no.married,single.detached.house,non.movers
615876,933,a15_19,m,ao_esao_Chinese,official_lang,work.no.official_lang,no.married,single.detached.house,non.movers
119893,933,a10_14,m,naao,official_lang,work.no.official_lang,no.married,other.attached,non.movers
606920,933,a5_9,f,ao_esao_Chinese,official_lang,work.no.official_lang,no.married,single.detached.house,non.movers
532896,933,a55_59,f,ao_esao_Chinese,official_lang,work.no.official_lang,married,single.detached.house,non.movers
613720,933,a75_79,f,ao_esao_Chinese,no.official_lang,work.no.official_lang,married,single.detached.house,non.movers
629099,933,a50_54,f,ao_esao_Filipino,official_lang,work.official_lang,married,apartment,non.movers
23231,933,a65_69,f,ao_esao_Chinese,official_lang,work.no.official_lang,married,single.detached.house,non.movers
53510,933,a85_,m,ao_esao_Chinese,no.official_lang,work.no.official_lang,widowed,apartment,non.movers
85009,933,a35_39,m,onao_Canadian,official_lang,work.official_lang,married,other.attached,non.movers
798480,933,a60_64,f,ao_esao_Filipino,official_lang,work.official_lang,married,other.attached,non.movers
397099,933,a45_49,f,ao_esao_Chinese,official_lang,work.official_lang,divorced,other.attached,non.movers
263777,933,a10_14,f,ao_sao_ei,official_lang,work.no.official_lang,no.married,other.attached,non.movers
857589,933,a40_44,m,ao_esao_Chinese,official_lang,work.official_lang,married,other.attached,non.movers
580201,933,a55_59,m,ao_esao_Chinese,official_lang,work.official_lang,married,apartment,non.movers
651932,933,a60_64,m,eo_bio_English,official_lang,work.no.official_lang,married,other.attached,non.movers
213609,933,a60_64,f,eo_weo_German,official_lang,work.no.official_lang,married,single.detached.house,non.movers
752999,933,a50_54,m,ao_esao_Chinese,official_lang,work.official_lang,married,other.attached,non.movers
250426,933,a70_74,f,ao_esao_Chinese,official_lang,work.no.official_lang,married,apartment,nonmigrants.movers
692980,933,a50_54,f,ao_esao_Chinese,no.official_lang,work.no.official_lang,divorced,apartment,non.movers
420593,933,a55_59,m,ao_esao_Chinese,official_lang,work.official_lang,married,single.detached.house,non.movers
369944,933,a0_4,f,ao_esao_Chinese,official_lang,work.no.official_lang,no.married,other.attached,non.movers
756131,933,a50_54,f,eo_eeo_Hungarian,official_lang,work.official_lang,married,single.detached.house,non.movers
682813,933,a85_,f,eo_obio,official_lang,work.no.official_lang,married,single.detached.house,non.movers
615592,933,a40_44,f,ao_esao_Chinese,official_lang,work.no.official_lang,married,other.attached,non.movers
71091,933,a35_39,m,ao_osao,official_lang,work.no.official_lang,married,apartment,non.movers
571660,933,a25_29,f,ao_esao_Chinese,official_lang,work.official_lang,married,apartment,non.movers
535433,933,a50_54,m,eo_bio_English,official_lang,work.official_lang,married,other.attached,non.movers
471097,933,a5_9,f,ao_esao_Chinese,official_lang,work.no.official_lang,no.married,other.attached,non.movers
690919,933,a20_24,m,oo,official_lang,work.official_lang,no.married,other.attached,non.movers
342674,933,a0_4,m,ao_esao_Chinese,no.official_lang,work.no.official_lang,no.married,single.detached.house,non.movers
846123,933,a50_54,f,ao_esao_Chinese,no.official_lang,work.no.official_lang,married,apartment,non.movers
565738,933,a60_64,m,ao_sao_ei,no.official_lang,work.no.official_lang,widowed,apartment,non.movers
413539,933,a55_59,f,ao_esao_Chinese,no.official_lang,work.no.official_lang,married,other.attached,non.movers
750665,933,a60_64,m,ao_esao_Filipino,official_lang,work.official_lang,no.married,apartment,non.movers
563634,933,a20_24,m,ao,official_lang,work.official_lang,no.married,other.attached,non.movers
872836,933,a15_19,m,onao_Canadian,official_lang,work.official_lang,no.married,single.detached.house,non.movers
227432,933,a15_19,f,ao_esao_Chinese,official_lang,work.no.official_lang,no.married,other.attached,non.movers
902348,933,a15_19,m,ao_esao_Chinese,official_lang,work.no.official_lang,no.married,apartment,non.movers
135618,933,a15_19,m,ao_esao_Chinese,official_lang,work.official_lang,no.married,apartment,non.movers
894322,933,a5_9,m,ao_esao_Chinese,official_lang,work.no.official_lang,no.married,apartment,interprovincial.movers
578460,933,a30_34,m,ao_esao_Chinese,official_lang,work.no.official_lang,married,other.attached,non.movers
530000,933,a45_49,m,ao_esao_Chinese,no.official_lang,work.no.official_lang,married,other.attached,non.movers
817228,933,a25_29,f,ao_esao_Chinese,official_lang,work.official_lang,no.married,other.attached,non.movers
626589,933,a20_24,f,ao_esao_Chinese,official_lang,work.official_lang,no.married,apartment,non.movers
383563,933,a45_49,m,eo_bio_Irish,official_lang,work.official_lang,married,other.attached,non.movers
209164,933,a15_19,m,eo_bio_Scottish,official_lang,work.no.official_lang,no.married,single.detached.house,non.movers
90716,933,a55_59,m,eo_neo,official_lang,work.official_lang,married,apartment,non.movers
574264,933,a20_24,f,ao_sao_ei,official_lang,work.official_lang,no.married,single.detached.house,non.movers
373152,933,a10_14,m,ao_esao_Chinese,official_lang,work.no.official_lang,no.married,single.detached.house,non.movers
120642,933,a30_34,f,ao_esao_Chinese,official_lang,work.official_lang,married,apartment,non.movers
833640,933,a15_19,m,ao_esao_Chinese,official_lang,work.no.official_lang,no.married,other.attached,non.movers
908336,933,a65_69,m,ao_esao_Chinese,official_lang,work.no.official_lang,married,single.detached.house,non.movers
424712,933,a65_69,f,eo_seo_Italian,official_lang,work.no.official_lang,married,other.attached,non.movers
262748,933,a85_,m,eo_oeeo,official_lang,work.no.official_lang,married,apartment,non.movers
45595,933,a10_14,f,ao_esao_Chinese,official_lang,work.no.official_lang,no.married,single.detached.house,non.movers
292173,933,a30_34,f,ao_oesao,official_lang,work.no.official_lang,married,other.attached,non.movers
231226,933,a60_64,f,ao_esao_Chinese,official_lang,work.official_lang,married,apartment,non.movers
721304,933,a50_54,f,ao_esao_Chinese,official_lang,work.official_lang,married,single.detached.house,non.movers
2783,933,a70_74,m,eo_bio_English,official_lang,work.no.official_lang,married,single.detached.house,non.movers
619572,933,a30_34,f,ao_esao_Chinese,official_lang,work.no.official_lang,no.married,apartment,non.movers
298840,933,a65_69,f,naao,official_lang,work.no.official_lang,married,other.attached,non.movers
43865,933,a30_34,f,ao_esao_Chinese,official_lang,work.official_lang,married,apartment,non.movers
297185,933,a35_39,f,ao_esao_Chinese,official_lang,work.no.official_lang,married,other.attached,non.movers
111483,933,a0_4,f,onao_Canadian,official_lang,work.no.official_lang,no.married,other.attached,nonmigrants.movers
635290,933,a85_,f,eo_fo,official_lang,work.no.official_lang,widowed,single.detached.house,non.movers
286521,933,a30_34,m,ao_esao_Chinese,official_lang,work.official_lang,married,other.attached,non.movers
586159,933,a20_24,f,ao_esao_Chinese,official_lang,work.official_lang,no.married,single.detached.house,non.movers
55436,933,a75_79,f,ao_esao_Chinese,no.official_lang,work.no.official_lang,married,apartment,non.movers
479476,933,a15_19,m,ao_esao_Filipino,official_lang,work.no.official_lang,no.married,other.attached,non.movers
813587,933,a70_74,m,eo_bio_English,official_lang,work.no.official_lang,married,other.attached,nonmigrants.movers
223626,933,a50_54,m,eo_oweo,official_lang,work.official_lang,married,single.detached.house,non.movers
590333,933,a5_9,f,ao_esao_Chinese,official_lang,work.no.official_lang,no.married,other.attached,non.movers
644604,933,a30_34,f,ao_esao_Chinese,official_lang,work.no.official_lang,no.married,apartment,non.movers
421126,933,a50_54,f,ao_oesao,official_lang,work.no.official_lang,married,other.attached,non.movers
648761,933,a45_49,m,ao_esao_Chinese,official_lang,work.official_lang,married,other.attached,non.movers
455173,933,a0_4,m,ao_esao_Chinese,no.official_lang,work.no.official_lang,no.married,single.detached.house,non.movers
446194,933,a10_14,m,ao_esao_Chinese,official_lang,work.no.official_lang,no.married,apartment,non.movers
183738,933,a85_,m,ao_esao_Chinese,official_lang,work.no.official_lang,widowed,other.attached,non.movers
871444,933,a50_54,f,ao_esao_Filipino,official_lang,work.official_lang,married,other.attached,non.movers
897309,933,a50_54,f,ao_esao_Chinese,official_lang,work.official_lang,married,apartment,non.movers
99051,933,a60_64,f,eo_fo,official_lang,work.official_lang,married,single.detached.house,non.movers
633070,933,a45_49,f,onao_Canadian,official_lang,work.no.official_lang,married,single.detached.house,non.movers
895627,933,a75_79,f,ao_esao_Chinese,no.official_lang,work.no.official_lang,widowed,single.detached.house,non.movers
334704,933,a20_24,f,ao_sao_ei,official_lang,work.no.official_lang,married,apartment,nonmigrants.movers
510538,933,a65_69,m,ao_esao_Chinese,official_lang,work.official_lang,married,single.detached.house,non.movers
458260,933,a25_29,f,ao_esao_Chinese,official_lang,work.no.official_lang,married,single.detached.house,non.movers
590474,933,a20_24,m,ao_oesao,official_lang,work.official_lang,no.married,other.attached,non.movers
92386,933,a55_59,f,ao_esao_Chinese,no.official_lang,work.no.official_lang,married,apartment,non.movers
529158,933,a65_69,m,ao_esao_Chinese,official_lang,work.no.official_lang,married,single.detached.house,non.movers
522746,933,a30_34,m,ao_esao_Chinese,official_lang,work.official_lang,no.married,apartment,non.movers
271554,933,a10_14,f,ao_sao_ei,official_lang,work.no.official_lang,no.married,apartment,non.movers
174882,933,a20_24,f,ao_esao_Chinese,official_lang,work.official_lang,no.married,other.attached,non.movers
100839,933,a60_64,f,eo_bio_Scottish,official_lang,work.official_lang,married,single.detached.house,non.movers
210385,933,a45_49,m,ao_esao_Chinese,no.official_lang,work.no.official_lang,married,single.detached.house,non.movers
762954,933,a30_34,f,eo_bio_English,official_lang,work.official_lang,married,other.attached,non.movers
613989,933,a55_59,f,ao_oesao,official_lang,work.official_lang,married,other.attached,non.movers
888564,933,a55_59,f,ao_oesao,official_lang,work.official_lang,married,other.attached,non.movers
280231,933,a80_84,f,eo_bio_Scottish,official_lang,work.no.official_lang,widowed,other.attached,non.movers
297223,933,a45_49,f,ao_esao_Chinese,no.official_lang,work.no.official_lang,married,single.detached.house,non.movers
904775,933,a20_24,f,ao_esao_Chinese,official_lang,work.official_lang,no.married,other.attached,non.movers
175413,933,a45_49,m,ao_esao_Chinese,no.official_lang,work.no.official_lang,married,single.detached.house,external.movers
221659,933,a15_19,f,ao_esao_Chinese,official_lang,work.official_lang,no.married,other.attached,nonmigrants.movers
836273,933,a55_59,m,ao_oesao,official_lang,work.official_lang,living.common.law,single.detached.house,non.movers
896323,933,a25_29,m,ao_wcameo,official_lang,work.official_lang,no.married,other.attached,non.movers
335456,933,a60_64,f,ao_esao_Chinese,official_lang,work.no.official_lang,married,apartment,non.movers
59408,933,a50_54,m,onao_Canadian,official_lang,work.official_lang,no.married,apartment,non.movers
341897,933,a55_59,f,ao_esao_Chinese,official_lang,work.official_lang,married,other.attached,non.movers
335549,933,a10_14,f,ao_esao_Chinese,official_lang,work.no.official_lang,no.married,single.detached.house,non.movers
809286,933,a60_64,m,ao_esao_Filipino,official_lang,work.official_lang,married,other.attached,non.movers
369649,933,a10_14,m,ao_esao_Chinese,official_lang,work.no.official_lang,no.married,other.attached,non.movers
915969,933,a50_54,m,ao_wcameo,official_lang,work.official_lang,married,other.attached,non.movers
665680,933,a45_49,m,ao_esao_Chinese,official_lang,work.no.official_lang,married,apartment,nonmigrants.movers
313593,933,a25_29,f,ao_esao_Chinese,official_lang,work.official_lang,married,other.attached,non.movers
520286,933,a10_14,f,lcsao,official_lang,work.no.official_lang,no.married,other.attached,non.movers
81207,933,a40_44,f,ao_esao_Chinese,official_lang,work.official_lang,no.married,apartment,non.movers
731793,933,a60_64,m,eo_bio_English,official_lang,work.official_lang,married,single.detached.house,non.movers
469781,933,a40_44,f,ao_sao_ei,official_lang,work.official_lang,married,other.attached,non.movers
209698,933,a5_9,m,ao_esao_Chinese,official_lang,work.no.official_lang,no.married,other.attached,external.movers
445086,933,a50_54,m,eo_bio_Scottish,official_lang,work.official_lang,no.married,other.attached,non.movers
522746,933,a30_34,m,ao_esao_Chinese,official_lang,work.official_lang,no.married,apartment,non.movers
189524,933,a65_69,m,ao_esao_Chinese,official_lang,work.no.official_lang,no.married,apartment,nonmigrants.movers
427238,933,a55_59,m,ao_esao_Chinese,official_lang,work.official_lang,divorced,other.attached,non.movers
475788,933,a45_49,m,ao_esao_Chinese,official_lang,work.official_lang,married,other.attached,non.movers
302017,933,a75_79,f,ao_esao_Filipino,official_lang,work.no.official_lang,widowed,other.attached,non.movers
216766,933,a25_29,f,ao_esao_Chinese,official_lang,work.official_lang,married,apartment,nonmigrants.movers
722565,933,a45_49,m,ao_esao_Chinese,official_lang,work.official_lang,married,other.attached,non.movers
386754,933,a50_54,f,ao_esao_Chinese,no.official_lang,work.no.official_lang,married,apartment,non.movers
594012,933,a15_19,m,eo_seo_Italian,official_lang,work.official_lang,no.married,other.attached,non.movers
677111,933,a55_59,m,ao_esao_Chinese,official_lang,work.no.official_lang,married,other.attached,non.movers
298205,933,a55_59,m,ao_oesao,official_lang,work.official_lang,married,apartment,non.movers
423165,933,a10_14,m,ao_esao_Chinese,official_lang,work.no.official_lang,no.married,single.detached.house,non.movers
87905,933,a65_69,f,ao_esao_Chinese,official_lang,work.official_lang,married,apartment,non.movers
358614,933,a50_54,f,ao_esao_Chinese,official_lang,work.no.official_lang,married,single.detached.house,non.movers
643971,933,a50_54,m,ao_esao_Chinese,official_lang,work.official_lang,married,other.attached,non.movers
447785,933,a60_64,m,ao_esao_Chinese,official_lang,work.no.official_lang,married,other.attached,non.movers
7795,933,a5_9,m,ao,official_lang,work.no.official_lang,no.married,other.attached,non.movers
4164,933,a85_,f,ao_esao_Chinese,no.official_lang,work.no.official_lang,widowed,single.detached.house,non.movers
763943,933,a10_14,m,ao_esao_Chinese,official_lang,work.no.official_lang,no.married,other.attached,non.movers
356637,933,a70_74,m,eo_obio,official_lang,work.no.official_lang,married,other.attached,non.movers
901240,933,a55_59,m,ao_esao_Chinese,official_lang,work.no.official_lang,married,apartment,non.movers
238257,933,a0_4,f,ao_esao_Chinese,official_lang,work.no.official_lang,no.married,other.attached,non.movers
877751,933,a50_54,f,ao_esao_Chinese,official_lang,work.no.official_lang,married,apartment,non.movers
335938,933,a65_69,f,ao_sao_ei,no.official_lang,work.no.official_lang,married,apartment,non.movers
91901,933,a25_29,m,ao_sao_ei,official_lang,work.official_lang,no.married,single.detached.house,nonmigrants.movers
458899,933,a10_14,m,eo_seo_Portuguese,official_lang,work.no.official_lang,no.married,single.detached.house,non.movers
579145,933,a5_9,m,ao_wcameo,official_lang,work.no.official_lang,no.married,other.attached,non.movers
721066,933,a0_4,m,onao_Canadian,official_lang,work.no.official_lang,no.married,single.detached.house,non.movers
99382,933,a60_64,f,ao_esao_Chinese,official_lang,work.official_lang,married,single.detached.house,non.movers
618931,933,a65_69,f,ao_esao_Chinese,official_lang,work.no.official_lang,married,single.detached.house,non.movers
643612,933,a45_49,m,ao_esao_Filipino,official_lang,work.official_lang,married,other.attached,non.movers
558176,933,a10_14,f,ao_sao_ei,official_lang,work.no.official_lang,no.married,other.attached,non.movers
255746,933,a5_9,m,lcsao,official_lang,work.no.official_lang,no.married,single.detached.house,non.movers
495335,933,a45_49,m,ao_esao_Chinese,official_lang,work.official_lang,divorced,other.attached,non.movers
807869,933,a70_74,f,ao_esao_Chinese,official_lang,work.no.official_lang,married,single.detached.house,non.movers
794813,933,a65_69,f,ao_esao_Chinese,no.official_lang,work.no.official_lang,married,apartment,non.movers
164172,933,a60_64,f,ao_esao_Chinese,no.official_lang,work.no.official_lang,married,apartment,non.movers
251850,933,a65_69,m,eo_bio_Scottish,official_lang,work.no.official_lang,married,single.detached.house,non.movers
179650,933,a80_84,m,eo_bio_Scottish,official_lang,work.no.official_lang,widowed,single.detached.house,non.movers
172486,933,a30_34,m,ao_esao_Chinese,official_lang,work.official_lang,no.married,single.detached.house,non.movers
29079,933,a5_9,m,ao_esao_Filipino,official_lang,work.no.official_lang,no.married,other.attached,non.movers
266917,933,a50_54,f,ao_esao_Chinese,official_lang,work.no.official_lang,married,single.detached.house,non.movers
216643,933,a35_39,f,ao_esao_Chinese,official_lang,work.official_lang,married,apartment,non.movers
602375,933,a35_39,m,ao_esao_Chinese,official_lang,work.no.official_lang,married,other.attached,non.movers
718052,933,a35_39,f,eo_obio,official_lang,work.official_lang,married,other.attached,non.movers
175834,933,a50_54,m,ao_esao_Chinese,no.official_lang,work.no.official_lang,married,other.attached,non.movers
180225,933,a20_24,m,ao_esao_Chinese,official_lang,work.official_lang,no.married,single.detached.house,non.movers
420351,933,a55_59,m,ao_esao_Chinese,official_lang,work.official_lang,married,other.attached,non.movers
785881,933,a30_34,m,ao_esao_Chinese,official_lang,work.official_lang,married,single.detached.house,non.movers
206176,933,a20_24,m,ao_esao_Chinese,official_lang,work.official_lang,no.married,single.detached.house,non.movers
571024,933,a35_39,f,ao_esao_Chinese,official_lang,work.no.official_lang,married,other.attached,external.movers
450510,933,a45_49,f,ao_esao_Chinese,official_lang,work.official_lang,married,other.attached,non.movers
193668,933,a15_19,f,ao_esao_Chinese,official_lang,work.official_lang,no.married,other.attached,non.movers
655237,933,a25_29,m,ao_esao_Chinese,official_lang,work.official_lang,no.married,apartment,non.movers
909874,933,a40_44,m,eo_bio_Scottish,official_lang,work.official_lang,married,single.detached.house,nonmigrants.movers
229031,933,a75_79,m,onao_Canadian,official_lang,work.no.official_lang,married,other.attached,non.movers
597236,933,a60_64,f,ao_esao_Chinese,official_lang,work.no.official_lang,married,other.attached,non.movers
378307,933,a25_29,m,ao_sao_ei,official_lang,work.official_lang,no.married,apartment,non.movers
562196,933,a85_,m,eo_neo,official_lang,work.no.official_lang,married,single.detached.house,non.movers
88572,933,a50_54,f,ao_esao_Chinese,official_lang,work.no.official_lang,no.married,apartment,non.movers
821491,933,a20_24,f,ao_osao,official_lang,work.no.official_lang,no.married,other.attached,non.movers
286178,933,a45_49,f,ao_esao_Chinese,no.official_lang,work.no.official_lang,married,single.detached.house,non.movers
600075,933,a15_19,f,ao_esao_Chinese,official_lang,work.official_lang,no.married,single.detached.house,non.movers
841199,933,a25_29,m,ao_esao_Chinese,official_lang,work.official_lang,no.married,other.attached,non.movers
910205,933,a50_54,f,ao_esao_Chinese,official_lang,work.official_lang,married,single.detached.house,non.movers
796530,933,a70_74,m,ao_esao_Chinese,no.official_lang,work.no.official_lang,married,single.detached.house,non.movers
686856,933,a0_4,f,ao_esao_Chinese,official_lang,work.no.official_lang,no.married,apartment,non.movers
401819,933,a20_24,f,ao_esao_Chinese,official_lang,work.no.official_lang,living.common.law,other.attached,nonmigrants.movers
411199,933,a45_49,m,onao_Canadian,official_lang,work.no.official_lang,married,apartment,nonmigrants.movers
523671,933,a25_29,f,ao_esao_Chinese,official_lang,work.no.official_lang,no.married,apartment,non.movers
796605,933,a35_39,f,ao_esao_Chinese,official_lang,work.official_lang,married,single.detached.house,non.movers
52958,933,a5_9,m,ao_esao_Chinese,no.official_lang,work.no.official_lang,no.married,other.attached,non.movers
365081,933,a30_34,m,ao_esao_Chinese,official_lang,work.official_lang,married,apartment,nonmigrants.movers
226371,933,a40_44,f,ao_esao_Chinese,official_lang,work.official_lang,married,other.attached,non.movers
840203,933,a40_44,m,eo_bio_Scottish,official_lang,work.official_lang,married,other.attached,non.movers
309813,933,a60_64,m,ao_esao_Chinese,official_lang,work.no.official_lang,married,apartment,non.movers
688147,933,a15_19,f,ao_esao_Chinese,official_lang,work.no.official_lang,no.married,other.attached,non.movers
256469,933,a15_19,m,ao_esao_Chinese,official_lang,work.official_lang,no.married,other.attached,non.movers
867208,933,a40_44,m,ao_esao_Chinese,official_lang,work.official_lang,married,other.attached,non.movers
282571,933,a45_49,f,ao_esao_Chinese,official_lang,work.no.official_lang,married,single.detached.house,non.movers
276875,933,a35_39,f,ao_sao_ei,official_lang,work.official_lang,married,single.detached.house,non.movers
876225,933,a70_74,m,ao_esao_Chinese,no.official_lang,work.no.official_lang,married,single.detached.house,non.movers
527312,933,a70_74,m,ao_esao_Chinese,no.official_lang,work.no.official_lang,married,other.attached,non.movers
418720,933,a25_29,m,eo_oweo,official_lang,work.official_lang,no.married,single.detached.house,non.movers
907459,933,a45_49,f,ao_esao_Chinese,official_lang,work.official_lang,married,apartment,non.movers
867722,933,a60_64,f,eo_eeo_Russian,official_lang,work.official_lang,separated,apartment,non.movers
619044,933,a60_64,m,ao_esao_Chinese,official_lang,work.no.official_lang,married,apartment,non.movers
466082,933,a0_4,f,ao_esao_Chinese,official_lang,work.no.official_lang,no.married,single.detached.house,non.movers
177984,933,a55_59,m,eo_weo_Dutch,official_lang,work.no.official_lang,living.common.law,apartment,non.movers
261732,933,a10_14,f,ao_esao_Chinese,official_lang,work.no.official_lang,no.married,apartment,non.movers
273856,933,a55_59,f,ao_esao_Chinese,official_lang,work.official_lang,married,other.attached,non.movers
929584,933,a50_54,m,ao_esao_Chinese,official_lang,work.official_lang,married,other.attached,non.movers
403104,933,a55_59,f,ao_esao_Chinese,official_lang,work.official_lang,married,single.detached.house,non.movers
760154,933,a0_4,m,ao_oesao,official_lang,work.no.official_lang,no.married,apartment,non.movers
78384,933,a80_84,f,ao_esao_Chinese,no.official_lang,work.no.official_lang,married,apartment,non.movers
629935,933,a65_69,m,eo_seo_Spanish,no.official_lang,work.no.official_lang,married,other.attached,non.movers
647134,933,a55_59,m,onao_Canadian,official_lang,work.official_lang,married,other.attached,non.movers
868608,933,a65_69,f,ao_esao_Chinese,official_lang,work.no.official_lang,married,single.detached.house,non.movers
601088,933,a25_29,m,ao_wcameo,official_lang,work.no.official_lang,married,single.detached.house,non.movers
198783,933,a60_64,m,eo_bio_Irish,official_lang,work.official_lang,married,apartment,non.movers
133406,933,a30_34,m,lcsao,no.official_lang,work.no.official_lang,married,single.detached.house,non.movers
391872,933,a60_64,f,onao,official_lang,work.no.official_lang,married,single.detached.house,non.movers
593233,933,a65_69,f,ao_wcameo,official_lang,work.no.official_lang,living.common.law,single.detached.house,nonmigrants.movers
35405,933,a15_19,f,ao_esao_Chinese,official_lang,work.no.official_lang,no.married,single.detached.house,non.movers
311209,933,a15_19,m,ao_esao_Chinese,official_lang,work.no.official_lang,no.married,other.attached,non.movers
11466,933,a20_24,f,ao_esao_Chinese,official_lang,work.no.official_lang,no.married,apartment,nonmigrants.movers
304115,933,a15_19,m,oo,official_lang,work.official_lang,no.married,apartment,non.movers
346355,933,a75_79,f,eo_obio,official_lang,work.no.official_lang,married,other.attached,non.movers
361440,933,a45_49,m,ao_esao_Chinese,official_lang,work.no.official_lang,married,single.detached.house,non.movers
330878,933,a20_24,f,ao_oesao,official_lang,work.no.official_lang,no.married,other.attached,non.movers
20694,933,a10_14,f,ao_esao_Chinese,official_lang,work.no.official_lang,no.married,apartment,non.movers
537359,933,a80_84,m,ao_esao_Chinese,official_lang,work.no.official_lang,married,other.attached,non.movers
64820,933,a10_14,f,ao_sao_ei,official_lang,work.no.official_lang,no.married,apartment,non.movers
215561,933,a10_14,m,ao_oesao,official_lang,work.no.official_lang,no.married,other.attached,non.movers
903365,933,a50_54,m,ao_esao_Chinese,official_lang,work.official_lang,married,apartment,non.movers
7462,933,a35_39,m,ao_esao_Chinese,official_lang,work.official_lang,married,apartment,non.movers
571738,933,a40_44,f,ao_esao_Chinese,official_lang,work.no.official_lang,married,other.attached,non.movers
260149,933,a45_49,f,onao_Canadian,official_lang,work.no.official_lang,no.married,other.attached,non.movers
867668,933,a80_84,f,ao_esao_Chinese,official_lang,work.no.official_lang,married,other.attached,non.movers
493749,933,a55_59,f,ao_esao_Chinese,official_lang,work.official_lang,married,single.detached.house,non.movers
166205,933,a75_79,f,ao_esao_Chinese,official_lang,work.no.official_lang,married,single.detached.house,non.movers
720221,933,a60_64,m,ao_esao_Chinese,official_lang,work.no.official_lang,married,single.detached.house,non.movers
572369,933,a20_24,f,ao_esao_Chinese,official_lang,work.official_lang,no.married,single.detached.house,non.movers
902082,933,a55_59,f,ao_esao_Chinese,no.official_lang,work.no.official_lang,married,single.detached.house,non.movers
235259,933,a40_44,f,ao_esao_Chinese,official_lang,work.official_lang,married,other.attached,non.movers
705290,933,a20_24,m,ao_esao_Chinese,official_lang,work.official_lang,no.married,apartment,non.movers
132850,933,a85_,m,ao_esao_Chinese,official_lang,work.no.official_lang,widowed,apartment,non.movers
783026,933,a35_39,f,onao_Canadian,official_lang,work.official_lang,married,other.attached,non.movers
10330,933,a65_69,f,eo_weo_Dutch,official_lang,work.official_lang,married,other.attached,non.movers
819993,933,a70_74,m,ao_esao_Chinese,no.official_lang,work.no.official_lang,divorced,apartment,non.movers
850717,933,a80_84,f,eo_bio_Scottish,official_lang,work.no.official_lang,married,other.attached,non.movers
397768,933,a15_19,m,ao_esao_Chinese,official_lang,work.no.official_lang,no.married,other.attached,non.movers
238696,933,a65_69,m,eo_fo,official_lang,work.official_lang,married,apartment,nonmigrants.movers
18197,933,a55_59,f,ao_esao_Chinese,official_lang,work.no.official_lang,married,other.attached,non.movers
153641,933,a15_19,m,eo_oeeo,official_lang,work.no.official_lang,no.married,other.attached,non.movers
674286,933,a60_64,m,ao_oesao,official_lang,work.official_lang,married,apartment,non.movers
231455,933,a55_59,m,eo_weo_German,official_lang,work.no.official_lang,divorced,other.attached,non.movers
161541,933,a60_64,f,ao_esao_Chinese,no.official_lang,work.no.official_lang,widowed,other.attached,non.movers
359232,933,a60_64,f,ao_esao_Chinese,official_lang,work.official_lang,married,apartment,non.movers
826093,933,a35_39,m,oco,official_lang,work.official_lang,married,apartment,non.movers
756517,933,a50_54,f,ao_esao_Chinese,official_lang,work.no.official_lang,married,apartment,non.movers
155723,933,a60_64,f,ao_esao_Chinese,official_lang,work.official_lang,married,apartment,non.movers
867822,933,a70_74,m,eo_bio_English,official_lang,work.no.official_lang,separated,other.attached,non.movers
603562,933,a35_39,m,ao_esao_Chinese,official_lang,work.official_lang,married,other.attached,non.movers
716054,933,a65_69,m,ao_esao_Chinese,official_lang,work.no.official_lang,widowed,apartment,non.movers
36394,933,a55_59,m,ao_esao_Chinese,official_lang,work.no.official_lang,married,apartment,non.movers
771280,933,a75_79,f,ao_esao_Chinese,official_lang,work.no.official_lang,married,single.detached.house,non.movers
502360,933,a50_54,m,ao_esao_Chinese,official_lang,work.official_lang,married,other.attached,non.movers
230077,933,a10_14,f,ao_esao_Chinese,official_lang,work.no.official_lang,no.married,other.attached,non.movers
391835,933,a50_54,f,ao_esao_Chinese,official_lang,work.no.official_lang,married,single.detached.house,non.movers
428747,933,a40_44,m,ao_esao_Chinese,official_lang,work.official_lang,married,other.attached,non.movers
635704,933,a25_29,m,eo_neo,official_lang,work.official_lang,no.married,apartment,nonmigrants.movers
392109,933,a15_19,f,eo_eeo_Russian,official_lang,work.official_lang,no.married,single.detached.house,non.movers
594719,933,a40_44,m,ao_esao_Chinese,official_lang,work.official_lang,married,apartment,non.movers
12324,933,a45_49,m,ao_esao_Chinese,official_lang,work.official_lang,married,other.attached,non.movers
574883,933,a25_29,f,ao_esao_Chinese,official_lang,work.official_lang,married,single.detached.house,non.movers
293345,933,a35_39,f,ao_esao_Chinese,no.official_lang,work.no.official_lang,married,single.detached.house,non.movers
468298,933,a45_49,f,ao_esao_Chinese,official_lang,work.official_lang,married,single.detached.house,non.movers
415557,933,a65_69,m,ao_esao_Chinese,official_lang,work.no.official_lang,married,apartment,non.movers
669430,933,a60_64,m,ao_esao_Chinese,official_lang,work.official_lang,married,other.attached,non.movers
347290,933,a20_24,m,ao_esao_Chinese,official_lang,work.official_lang,no.married,apartment,non.movers
253112,933,a0_4,f,onao_Canadian,official_lang,work.no.official_lang,no.married,other.attached,non.movers
569569,933,a85_,m,eo_bio_Scottish,official_lang,work.no.official_lang,married,other.attached,non.movers
38016,933,a35_39,f,eo_eeo_Hungarian,official_lang,work.official_lang,married,apartment,non.movers
850484,933,a30_34,f,eo_bio_Scottish,official_lang,work.official_lang,married,other.attached,non.movers
85534,933,a60_64,f,ao_esao_Chinese,official_lang,work.no.official_lang,married,apartment,non.movers
526581,933,a15_19,m,ao_esao_Chinese,official_lang,work.official_lang,no.married,other.attached,non.movers
63036,933,a65_69,f,ao_osao,official_lang,work.no.official_lang,married,apartment,non.movers
462188,933,a85_,m,eo_neo,official_lang,work.no.official_lang,married,single.detached.house,non.movers
758793,933,a20_24,m,onao_Canadian,official_lang,work.official_lang,no.married,apartment,non.movers
470813,933,a20_24,m,ao_esao_Chinese,official_lang,work.official_lang,no.married,other.attached,non.movers
515733,933,a65_69,m,eo_weo_German,official_lang,work.no.official_lang,living.common.law,apartment,non.movers
326072,933,a50_54,m,ao_oesao,official_lang,work.official_lang,married,apartment,non.movers
572871,933,a20_24,f,ao_esao_Chinese,official_lang,work.no.official_lang,no.married,other.attached,non.movers
94144,933,a60_64,f,ao_wcameo,official_lang,work.no.official_lang,married,apartment,non.movers
686704,933,a40_44,f,ao_osao,official_lang,work.no.official_lang,married,other.attached,nonmigrants.movers
907491,933,a0_4,f,ao_esao_Chinese,no.official_lang,work.no.official_lang,no.married,other.attached,non.movers
687087,933,a55_59,m,ao_esao_Chinese,official_lang,work.official_lang,married,other.attached,non.movers
350140,933,a80_84,m,ao_oesao,no.official_lang,work.no.official_lang,married,other.attached,non.movers
34741,933,a50_54,f,ao_esao_Chinese,official_lang,work.no.official_lang,married,apartment,non.movers
648222,933,a65_69,m,ao_esao_Chinese,official_lang,work.no.official_lang,married,apartment,non.movers
383575,933,a5_9,m,ao_sao_ei,official_lang,work.no.official_lang,no.married,other.attached,non.movers
417900,933,a45_49,f,ao_esao_Chinese,official_lang,work.official_lang,married,single.detached.house,non.movers
763374,933,a55_59,f,ao_esao_Chinese,official_lang,work.official_lang,married,single.detached.house,non.movers
10867,933,a15_19,f,ao_esao_Chinese,official_lang,work.no.official_lang,no.married,single.detached.house,non.movers
27026,933,a55_59,f,ao_esao_Chinese,official_lang,work.official_lang,married,single.detached.house,non.movers
65693,933,a20_24,m,ao_esao_Chinese,official_lang,work.official_lang,no.married,other.attached,non.movers
424068,933,a40_44,m,ao_esao_Chinese,official_lang,work.official_lang,married,single.detached.house,non.movers
803514,933,a0_4,f,ao_oesao,no.official_lang,work.no.official_lang,no.married,other.attached,external.movers
504731,933,a0_4,f,onao_Canadian,official_lang,work.no.official_lang,no.married,single.detached.house,non.movers
502226,933,a35_39,f,ao_esao_Chinese,official_lang,work.official_lang,married,single.detached.house,non.movers
316705,933,a70_74,m,eo_eeo_Polish,official_lang,work.no.official_lang,married,single.detached.house,non.movers
300879,933,a70_74,m,ao_esao_Chinese,official_lang,work.official_lang,married,apartment,non.movers
522646,933,a65_69,m,onao_Canadian,official_lang,work.no.official_lang,married,apartment,non.movers
183762,933,a25_29,m,ao_esao_Chinese,official_lang,work.official_lang,no.married,apartment,non.movers
202601,933,a65_69,m,eo_neo,official_lang,work.official_lang,married,other.attached,non.movers
909250,933,a15_19,m,eo_obio,official_lang,work.official_lang,no.married,single.detached.house,non.movers
863565,933,a20_24,f,ao_esao_Chinese,official_lang,work.official_lang,no.married,apartment,non.movers
694411,933,a5_9,m,ao_wcameo,official_lang,work.no.official_lang,no.married,other.attached,non.movers
277067,933,a5_9,m,ao_esao_Chinese,official_lang,work.no.official_lang,no.married,other.attached,non.movers
382125,933,a40_44,f,ao_esao_Filipino,official_lang,work.official_lang,married,other.attached,non.movers
102724,933,a60_64,m,eo_eeo_Hungarian,official_lang,work.no.official_lang,married,apartment,non.movers
132373,933,a60_64,m,ao_esao_Chinese,official_lang,work.no.official_lang,married,single.detached.house,non.movers
566653,933,a60_64,m,ao_esao_Chinese,no.official_lang,work.no.official_lang,married,apartment,nonmigrants.movers
113745,933,a65_69,f,eo_bio_Irish,official_lang,work.official_lang,married,single.detached.house,non.movers
490718,933,a55_59,f,eo_eeo_Russian,official_lang,work.no.official_lang,married,apartment,non.movers
230359,933,a65_69,f,ao_esao_Filipino,official_lang,work.official_lang,no.married,other.attached,non.movers
720270,933,a20_24,f,ao_esao_Chinese,official_lang,work.official_lang,no.married,other.attached,non.movers
310192,933,a5_9,m,ao_sao_ei,official_lang,work.no.official_lang,no.married,other.attached,non.movers
338131,933,a30_34,f,ao_esao_Chinese,official_lang,work.no.official_lang,married,single.detached.house,non.movers
691684,933,a65_69,m,ao_esao_Chinese,no.official_lang,work.official_lang,married,single.detached.house,non.movers
491601,933,a65_69,f,eo_eeo_Polish,official_lang,work.official_lang,divorced,other.attached,non.movers
16091,933,a65_69,f,ao_esao_Chinese,official_lang,work.no.official_lang,married,apartment,non.movers
413912,933,a30_34,f,ao_esao_Chinese,official_lang,work.official_lang,married,other.attached,non.movers
897157,933,a70_74,f,eo_bio_English,official_lang,work.official_lang,married,single.detached.house,non.movers
46882,933,a10_14,m,lcsao,official_lang,work.no.official_lang,no.married,single.detached.house,non.movers
135557,933,a15_19,m,ao_esao_Chinese,no.official_lang,work.no.official_lang,no.married,apartment,nonmigrants.movers
115647,933,a50_54,f,ao_oesao,official_lang,work.no.official_lang,married,apartment,nonmigrants.movers
356933,933,a20_24,m,ao_esao_Chinese,official_lang,work.official_lang,no.married,single.detached.house,non.movers
841467,933,a50_54,f,ao_esao_Chinese,official_lang,work.no.official_lang,married,apartment,non.movers
866375,933,a65_69,f,eo_neo,official_lang,work.no.official_lang,widowed,single.detached.house,non.movers
631277,933,a45_49,f,ao_esao_Chinese,no.official_lang,work.no.official_lang,married,other.attached,non.movers
543766,933,a70_74,m,ao_esao_Chinese,official_lang,work.no.official_lang,no.married,other.attached,non.movers
464170,933,a60_64,m,ao_esao_Chinese,no.official_lang,work.no.official_lang,married,apartment,nonmigrants.movers
809194,933,a0_4,m,onao_Canadian,official_lang,work.no.official_lang,no.married,single.detached.house,non.movers
312752,933,a40_44,f,ao_sao_ei,official_lang,work.official_lang,married,other.attached,non.movers
23783,933,a15_19,m,eo_seo_Greek,official_lang,work.official_lang,no.married,other.attached,non.movers
405498,933,a65_69,f,ao_esao_Chinese,no.official_lang,work.no.official_lang,married,apartment,non.movers
476508,933,a55_59,f,ao_sao_ei,no.official_lang,work.no.official_lang,widowed,other.attached,non.movers
277310,933,a65_69,f,eo_bio_English,official_lang,work.no.official_lang,married,single.detached.house,non.movers
723073,933,a60_64,m,eo_eeo_Ukrainian,official_lang,work.official_lang,married,single.detached.house,non.movers
747247,933,a65_69,f,eo_weo_Dutch,official_lang,work.no.official_lang,married,single.detached.house,non.movers
475535,933,a30_34,f,ao_esao_Chinese,official_lang,work.official_lang,married,other.attached,non.movers
254021,933,a60_64,m,ao_esao_Chinese,official_lang,work.no.official_lang,no.married,apartment,non.movers
632830,933,a20_24,f,ao_sao_ei,official_lang,work.official_lang,married,apartment,non.movers
906808,933,a10_14,f,ao_esao_Chinese,official_lang,work.no.official_lang,no.married,other.attached,nonmigrants.movers
393407,933,a15_19,f,ao_esao_Filipino,official_lang,work.official_lang,no.married,apartment,non.movers
662246,933,a55_59,m,onao_Canadian,official_lang,work.official_lang,separated,single.detached.house,non.movers
13918,933,a40_44,f,ao_esao_Chinese,official_lang,work.official_lang,married,single.detached.house,non.movers
380696,933,a60_64,m,ao_esao_Chinese,no.official_lang,work.no.official_lang,married,other.attached,non.movers
863092,933,a75_79,m,onao_Canadian,official_lang,work.no.official_lang,married,other.attached,non.movers
371588,933,a45_49,m,eo_obio,official_lang,work.official_lang,no.married,other.attached,non.movers
319672,933,a55_59,f,ao_esao_Chinese,official_lang,work.official_lang,married,apartment,non.movers
124708,933,a65_69,f,ao_sao_ei,official_lang,work.no.official_lang,married,apartment,non.movers
772625,933,a45_49,m,ao_esao_Chinese,official_lang,work.official_lang,married,other.attached,non.movers
659335,933,a40_44,f,ao_esao_Chinese,official_lang,work.official_lang,married,single.detached.house,non.movers
442161,933,a55_59,f,ao_esao_Chinese,no.official_lang,work.no.official_lang,married,apartment,non.movers
193474,933,a40_44,f,ao_esao_Chinese,official_lang,work.official_lang,married,other.attached,non.movers
590333,933,a5_9,f,ao_esao_Chinese,official_lang,work.no.official_lang,no.married,other.attached,non.movers
248203,933,a55_59,m,ao_esao_Chinese,no.official_lang,work.no.official_lang,married,single.detached.house,non.movers
144997,933,a55_59,m,eo_oeeo,official_lang,work.official_lang,married,other.attached,non.movers
235412,933,a60_64,m,eo_seo_Portuguese,official_lang,work.no.official_lang,married,apartment,non.movers
317613,933,a50_54,f,ao_esao_Chinese,no.official_lang,work.no.official_lang,married,apartment,non.movers
247498,933,a5_9,m,lcsao,official_lang,work.no.official_lang,no.married,other.attached,non.movers
105182,933,a15_19,m,lcsao,official_lang,work.no.official_lang,no.married,other.attached,non.movers
267117,933,a30_34,m,ao_sao_ei,official_lang,work.official_lang,no.married,other.attached,non.movers
911835,933,a55_59,f,ao_esao_Chinese,official_lang,work.no.official_lang,married,apartment,non.movers
405063,933,a35_39,m,onao_Canadian,official_lang,work.official_lang,married,single.detached.house,non.movers
917944,933,a45_49,f,ao_esao_Chinese,official_lang,work.official_lang,married,apartment,non.movers
541395,933,a70_74,m,ao_esao_Chinese,no.official_lang,work.no.official_lang,married,single.detached.house,non.movers
697447,933,a65_69,m,onao_Canadian,official_lang,work.no.official_lang,married,other.attached,other.movers
779852,933,a55_59,f,ao_esao_Chinese,official_lang,work.no.official_lang,married,apartment,non.movers
231594,933,a75_79,m,ao_esao_Chinese,official_lang,work.no.official_lang,married,single.detached.house,non.movers
488083,933,a30_34,f,ao_esao_Chinese,official_lang,work.no.official_lang,married,single.detached.house,non.movers
910698,933,a70_74,f,ao_esao_Chinese,no.official_lang,work.no.official_lang,married,other.attached,non.movers
235454,933,a10_14,m,ao_oesao,official_lang,work.no.official_lang,no.married,apartment,non.movers
160524,933,a25_29,f,ao_esao_Chinese,official_lang,work.official_lang,married,apartment,non.movers
729409,933,a10_14,f,ao_sao_ei,official_lang,work.no.official_lang,no.married,other.attached,non.movers
646622,933,a65_69,f,ao_esao_Chinese,official_lang,work.no.official_lang,widowed,apartment,non.movers
757690,933,a75_79,f,eo_weo_German,official_lang,work.no.official_lang,widowed,other.attached,non.movers
369417,933,a45_49,f,ao_esao_Chinese,official_lang,work.official_lang,living.common.law,single.detached.house,non.movers
921167,933,a0_4,f,ao_esao_Chinese,official_lang,work.no.official_lang,no.married,single.detached.house,non.movers
284396,933,a50_54,f,eo_eeo_Polish,official_lang,work.official_lang,married,single.detached.house,non.movers
410570,933,a75_79,f,eo_seo_Portuguese,official_lang,work.no.official_lang,married,other.attached,non.movers
701102,933,a25_29,m,ao_esao_Chinese,official_lang,work.official_lang,no.married,single.detached.house,non.movers
445589,933,a60_64,m,eo_bio_Irish,official_lang,work.no.official_lang,married,single.detached.house,non.movers
883194,933,a50_54,f,ao_sao_ei,official_lang,work.official_lang,divorced,other.attached,non.movers
268879,933,a45_49,f,ao_esao_Chinese,official_lang,work.official_lang,married,other.attached,non.movers
139622,933,a10_14,m,ao_esao_Chinese,official_lang,work.no.official_lang,no.married,single.detached.house,non.movers
313351,933,a55_59,f,ao_esao_Chinese,no.official_lang,work.no.official_lang,married,apartment,non.movers
851528,933,a25_29,m,ao_esao_Chinese,official_lang,work.official_lang,no.married,apartment,nonmigrants.movers
355453,933,a70_74,f,eo_weo_German,official_lang,work.no.official_lang,married,other.attached,nonmigrants.movers
299510,933,a70_74,f,ao_esao_Chinese,official_lang,work.no.official_lang,married,apartment,non.movers
125214,933,a5_9,f,ao_esao_Filipino,official_lang,work.no.official_lang,no.married,other.attached,non.movers
889955,933,a20_24,m,ao_esao_Chinese,official_lang,work.official_lang,no.married,other.attached,non.movers
563209,933,a55_59,m,ao_esao_Chinese,no.official_lang,work.no.official_lang,married,other.attached,non.movers
924345,933,a15_19,f,ao_esao_Chinese,official_lang,work.official_lang,no.married,single.detached.house,nonmigrants.movers
561534,933,a0_4,m,ao_esao_Chinese,official_lang,work.no.official_lang,no.married,single.detached.house,non.movers
68495,933,a65_69,m,eo_bio_English,official_lang,work.no.official_lang,married,apartment,non.movers
543863,933,a60_64,f,eo_bio_English,official_lang,work.no.official_lang,married,other.attached,non.movers
118737,933,a60_64,f,eo_bio_English,official_lang,work.no.official_lang,married,apartment,non.movers
275517,933,a20_24,m,ao_esao_Chinese,official_lang,work.official_lang,no.married,apartment,non.movers
849528,933,a75_79,f,ao_esao_Chinese,no.official_lang,work.no.official_lang,married,apartment,non.movers
754591,933,a25_29,m,ao_esao_Chinese,official_lang,work.official_lang,no.married,other.attached,non.movers
269872,933,a55_59,f,ao_esao_Chinese,official_lang,work.no.official_lang,married,other.attached,non.movers
245838,933,a0_4,f,ao_esao_Chinese,official_lang,work.no.official_lang,no.married,other.attached,non.movers
542480,933,a65_69,m,ao_sao_ei,no.official_lang,work.no.official_lang,married,single.detached.house,non.movers
850275,933,a20_24,f,ao_sao_ei,official_lang,work.official_lang,no.married,apartment,non.movers
179124,933,a45_49,f,ao_esao_Chinese,no.official_lang,work.no.official_lang,married,single.detached.house,external.movers
488993,933,a45_49,m,onao_Canadian,official_lang,work.official_lang,living.common.law,other.attached,non.movers
606048,933,a85_,m,ao_esao_Chinese,no.official_lang,work.no.official_lang,widowed,apartment,non.movers
177571,933,a55_59,f,ao_esao_Chinese,official_lang,work.official_lang,married,apartment,non.movers
592731,933,a15_19,m,ao_esao_Chinese,official_lang,work.no.official_lang,no.married,other.attached,non.movers
449378,933,a60_64,f,lcsao,official_lang,work.official_lang,married,other.attached,non.movers
690681,933,a30_34,m,ao_esao_Chinese,official_lang,work.official_lang,married,other.attached,non.movers
579119,933,a10_14,m,ao_esao_Chinese,official_lang,work.no.official_lang,no.married,other.attached,non.movers
484471,933,a20_24,m,ao_esao_Chinese,official_lang,work.official_lang,no.married,other.attached,non.movers
54921,933,a40_44,f,ao_esao_Chinese,official_lang,work.official_lang,married,single.detached.house,external.movers
62964,933,a20_24,f,ao_esao_Chinese,official_lang,work.no.official_lang,no.married,single.detached.house,non.movers
69867,933,a15_19,f,ao_wcameo,official_lang,work.official_lang,no.married,other.attached,non.movers
164243,933,a40_44,m,ao_esao_Filipino,official_lang,work.official_lang,married,single.detached.house,non.movers
747364,933,a85_,m,ao_esao_Chinese,official_lang,work.no.official_lang,married,other.attached,non.movers
347965,933,a50_54,f,ao_esao_Chinese,no.official_lang,work.no.official_lang,married,single.detached.house,non.movers
803873,933,a65_69,f,eo_eeo_Ukrainian,official_lang,work.no.official_lang,living.common.law,other.attached,non.movers
110177,933,a60_64,m,ao_osao,official_lang,work.official_lang,divorced,other.attached,non.movers
737386,933,a15_19,f,ao_esao_Chinese,official_lang,work.no.official_lang,no.married,apartment,nonmigrants.movers
207307,933,a20_24,f,ao_esao_Chinese,official_lang,work.no.official_lang,no.married,single.detached.house,external.movers
179728,933,a10_14,f,onao_Canadian,official_lang,work.no.official_lang,no.married,single.detached.house,non.movers
774892,933,a30_34,f,ao_esao_Filipino,official_lang,work.official_lang,married,apartment,non.movers
324724,933,a65_69,m,ao_esao_Chinese,official_lang,work.no.official_lang,married,other.attached,non.movers
846007,933,a50_54,f,ao_esao_Chinese,official_lang,work.official_lang,married,other.attached,non.movers
176001,933,a80_84,m,ao_esao_Chinese,no.official_lang,work.no.official_lang,married,apartment,non.movers
179146,933,a15_19,m,ao_oesao,official_lang,work.no.official_lang,no.married,other.attached,non.movers
739313,933,a80_84,f,eo_bio_Scottish,official_lang,work.no.official_lang,married,other.attached,non.movers
307032,933,a10_14,m,eo_seo_Spanish,official_lang,work.no.official_lang,no.married,apartment,non.movers
909624,933,a20_24,m,ao_esao_Chinese,official_lang,work.official_lang,no.married,other.attached,non.movers
460875,933,a50_54,m,ao_esao_Chinese,official_lang,work.official_lang,married,single.detached.house,non.movers
678591,933,a40_44,f,ao_esao_Chinese,official_lang,work.official_lang,divorced,other.attached,non.movers
615905,933,a35_39,m,ao_sao_ei,official_lang,work.official_lang,married,other.attached,non.movers
366389,933,a15_19,m,ao_esao_Chinese,official_lang,work.no.official_lang,no.married,other.attached,non.movers
399338,933,a55_59,m,ao_oesao,official_lang,work.official_lang,married,apartment,non.movers
467518,933,a60_64,f,ao_sao_ei,official_lang,work.no.official_lang,married,single.detached.house,non.movers
342097,933,a15_19,f,ao_esao_Chinese,official_lang,work.no.official_lang,no.married,apartment,nonmigrants.movers
747512,933,a50_54,f,ao_esao_Chinese,official_lang,work.official_lang,divorced,other.attached,non.movers
407375,933,a35_39,f,ao_esao_Chinese,official_lang,work.official_lang,married,other.attached,nonmigrants.movers
800392,933,a5_9,f,ao_esao_Chinese,official_lang,work.no.official_lang,no.married,single.detached.house,non.movers
459331,933,a0_4,m,ao_sao_ei,no.official_lang,work.no.official_lang,no.married,apartment,non.movers
883739,933,a30_34,m,ao_esao_Chinese,official_lang,work.no.official_lang,married,apartment,non.movers
517383,933,a40_44,f,ao_sao_ei,official_lang,work.official_lang,married,single.detached.house,non.movers
414611,933,a20_24,m,eo_weo_Dutch,official_lang,work.official_lang,no.married,other.attached,non.movers
582641,933,a40_44,m,eo_bio_Irish,official_lang,work.official_lang,married,other.attached,non.movers
438458,933,a60_64,m,ao_esao_Chinese,official_lang,work.official_lang,married,other.attached,non.movers
910806,933,a50_54,m,ao_esao_Chinese,official_lang,work.no.official_lang,living.common.law,other.attached,external.movers
269808,933,a65_69,f,ao_esao_Chinese,official_lang,work.no.official_lang,married,apartment,non.movers
534139,933,a5_9,m,ao_esao_Chinese,official_lang,work.no.official_lang,no.married,apartment,non.movers
690925,933,a55_59,m,eo_bio_English,official_lang,work.official_lang,no.married,other.attached,non.movers
274015,933,a0_4,m,ao_esao_Chinese,official_lang,work.no.official_lang,no.married,single.detached.house,non.movers
507762,933,a15_19,f,ao_sao_ei,official_lang,work.official_lang,no.married,other.attached,non.movers
210738,933,a35_39,m,ao_esao_Chinese,official_lang,work.no.official_lang,married,apartment,nonmigrants.movers
716475,933,a10_14,f,ao_esao_Chinese,official_lang,work.no.official_lang,no.married,other.attached,non.movers
239864,933,a20_24,m,ao_esao_Chinese,official_lang,work.no.official_lang,no.married,apartment,non.movers
145894,933,a55_59,m,eo_bio_Irish,official_lang,work.official_lang,divorced,apartment,non.movers
668105,933,a55_59,f,ao_esao_Chinese,official_lang,work.official_lang,married,other.attached,non.movers
685153,933,a45_49,m,ao_sao_ei,official_lang,work.no.official_lang,married,apartment,non.movers
732357,933,a55_59,m,ao_esao_Chinese,official_lang,work.official_lang,divorced,apartment,non.movers
403802,933,a65_69,m,ao_esao_Chinese,official_lang,work.no.official_lang,married,apartment,non.movers
715003,933,a20_24,f,ao_oesao,official_lang,work.no.official_lang,no.married,other.attached,non.movers
308904,933,a70_74,f,ao_sao_ei,official_lang,work.no.official_lang,married,single.detached.house,non.movers
357336,933,a60_64,f,ao_esao_Chinese,official_lang,work.no.official_lang,married,single.detached.house,non.movers
574026,933,a40_44,m,ao_esao_Chinese,official_lang,work.official_lang,married,single.detached.house,non.movers
28340,933,a75_79,m,ao_esao_Chinese,official_lang,work.no.official_lang,married,other.attached,non.movers
393482,933,a10_14,f,ao_wcameo,official_lang,work.no.official_lang,no.married,other.attached,non.movers
117376,933,a60_64,m,eo_fo,official_lang,work.official_lang,married,single.detached.house,non.movers
840478,933,a85_,m,onao_Canadian,official_lang,work.no.official_lang,married,other.attached,non.movers
82992,933,a45_49,f,ao_sao_ei,no.official_lang,work.no.official_lang,married,apartment,non.movers
26978,933,a75_79,m,ao_esao_Chinese,official_lang,work.no.official_lang,married,other.attached,non.movers
681869,933,a70_74,m,ao_esao_Chinese,official_lang,work.no.official_lang,married,other.attached,non.movers
591076,933,a25_29,f,lcsao,official_lang,work.official_lang,no.married,apartment,nonmigrants.movers
663797,933,a10_14,m,ao_esao_Chinese,official_lang,work.no.official_lang,no.married,apartment,non.movers
131747,933,a50_54,f,ao_esao_Chinese,no.official_lang,work.official_lang,married,apartment,non.movers
613347,933,a10_14,m,ao_esao_Chinese,official_lang,work.no.official_lang,no.married,other.attached,non.movers
508857,933,a70_74,f,eo_weo_German,official_lang,work.no.official_lang,widowed,single.detached.house,non.movers
663018,933,a50_54,m,ao_esao_Chinese,official_lang,work.official_lang,married,other.attached,non.movers
522120,933,a40_44,f,eo_bio_Scottish,official_lang,work.official_lang,married,other.attached,non.movers
690598,933,a65_69,f,eo_obio,official_lang,work.official_lang,married,other.attached,non.movers
795137,933,a65_69,f,eo_bio_Scottish,official_lang,work.no.official_lang,living.common.law,single.detached.house,non.movers
390128,933,a30_34,m,ao_esao_Chinese,official_lang,work.official_lang,married,single.detached.house,non.movers
181473,933,a20_24,f,ao_esao_Chinese,official_lang,work.official_lang,no.married,other.attached,non.movers
817089,933,a25_29,f,onao_Canadian,official_lang,work.official_lang,no.married,other.attached,non.movers
91964,933,a75_79,m,eo_bio_Scottish,official_lang,work.no.official_lang,married,single.detached.house,non.movers
4246,933,a40_44,f,ao_esao_Chinese,official_lang,work.official_lang,married,other.attached,non.movers
870335,933,a40_44,f,ao_esao_Chinese,official_lang,work.no.official_lang,no.married,single.detached.house,non.movers
754709,933,a70_74,m,eo_bio_Irish,official_lang,work.no.official_lang,married,single.detached.house,non.movers
574290,933,a50_54,m,ao_esao_Chinese,official_lang,work.official_lang,married,other.attached,non.movers
856359,933,a20_24,m,ao_esao_Chinese,official_lang,work.no.official_lang,no.married,apartment,non.movers
141467,933,a75_79,f,eo_oeeo,official_lang,work.no.official_lang,married,single.detached.house,non.movers
869349,933,a85_,f,ao_esao_Chinese,no.official_lang,work.no.official_lang,widowed,single.detached.house,non.movers
615592,933,a40_44,f,ao_esao_Chinese,official_lang,work.no.official_lang,married,other.attached,non.movers
871413,933,a70_74,f,ao_esao_Filipino,official_lang,work.no.official_lang,widowed,apartment,non.movers
