PPSORT,CMA,AGE,SEX,RACE
457708,933,a60_64,m,onao_Canadian
772509,933,a20_24,f,eo_eeo_Ukrainian
578829,933,a70_74,f,eo_weo_German
758101,933,a70_74,f,onao_Canadian
580603,933,a50_54,f,eo_bio_English
347465,933,a10_14,m,ao_sao_ei
557276,933,a40_44,m,eo_weo_German
916137,933,a40_44,m,ao_esao_Chinese
887049,933,a50_54,m,eo_obio
498061,933,a30_34,f,ao_osao
918007,933,a85_,f,eo_neo
299527,933,a10_14,m,ao_esao_Chinese
712306,933,a30_34,f,eo_bio_Scottish
170047,933,a0_4,m,onao_Canadian
607758,933,a35_39,m,eo_weo_German
520169,933,a10_14,m,onao_Canadian
368407,933,a55_59,m,eo_eeo_Polish
140770,933,a40_44,f,onao_Canadian
229609,933,a40_44,m,eo_weo_German
176214,933,a45_49,f,onao_Canadian
489899,933,a65_69,m,ao_wcameo
147679,933,a60_64,m,ao_esao_Chinese
78685,933,a5_9,f,onao_Canadian
719963,933,a20_24,f,ao_esao_Chinese
824770,933,a25_29,m,eo_bio_Irish
280283,933,a0_4,f,eo_fo
613896,933,a40_44,m,ao_wcameo
431792,933,a15_19,f,ao_esao_Chinese
65880,933,a55_59,f,eo_eeo_Polish
792257,933,a70_74,m,eo_bio_English
300761,933,a20_24,f,lcsao
170174,933,a30_34,f,ao_sao_ei
140792,933,a0_4,m,ao_esao_Chinese
501995,933,a15_19,m,ao_sao_ei
740864,933,a40_44,f,onao_Canadian
720543,933,a35_39,f,oo
687626,933,a60_64,m,eo_bio_Irish
483967,933,a30_34,m,eo_bio_Irish
477901,933,a0_4,f,onao_Canadian
660732,933,a70_74,m,eo_weo_Dutch
542518,933,a0_4,m,ao_oesao
180198,933,a30_34,m,onao_Canadian
601063,933,a70_74,m,ao_sao_ei
358318,933,a40_44,f,eo_bio_Scottish
24788,933,a15_19,m,lcsao
46230,933,a60_64,f,eo_bio_English
177090,933,a5_9,f,onao_Canadian
724361,933,a35_39,f,ao_sao_ei
619185,933,a50_54,f,ao_esao_Chinese
877532,933,a35_39,f,eo_bio_English
79476,933,a45_49,f,eo_bio_Scottish
878907,933,a10_14,m,ao_sao_ei
831721,933,a0_4,m,onao_Canadian
454504,933,a20_24,m,ao_sao_ei
59513,933,a10_14,m,ao_sao_ei
613552,933,a30_34,m,eo_bio_Scottish
364356,933,a75_79,m,eo_neo
2104,933,a35_39,m,onao_Canadian
449787,933,a45_49,f,eo_weo_German
916702,933,a30_34,m,ao_sao_ei
48475,933,a0_4,m,naao
477659,933,a25_29,f,eo_seo_Portuguese
647676,933,a10_14,m,ao_esao_Filipino
831307,933,a5_9,m,ao_esao_Filipino
463670,933,a55_59,m,eo_fo
645558,933,a60_64,f,lcsao
772323,933,a35_39,m,naao
806654,933,a15_19,f,onao_Canadian
189322,933,a70_74,f,eo_bio_Irish
64270,933,a45_49,f,onao_Canadian
773783,933,a55_59,m,eo_oweo
514868,933,a45_49,m,onao_Canadian
587993,933,a5_9,m,onao_Canadian
589386,933,a80_84,f,eo_bio_Irish
566086,933,a60_64,m,eo_weo_German
605393,933,a30_34,m,onao_Canadian
636069,933,a20_24,m,ao_sao_ei
607246,933,a45_49,m,eo_neo
604048,933,a20_24,m,ao_osao
595289,933,a40_44,m,ao_esao_Chinese
655684,933,a50_54,m,eo_eeo_Ukrainian
644667,933,a50_54,f,ao_oesao
433304,933,a45_49,f,eo_bio_Scottish
357657,933,a70_74,m,onao_Canadian
462412,933,a45_49,m,ao_esao_Chinese
875523,933,a40_44,m,ao_sao_ei
357776,933,a35_39,m,onao_Canadian
745227,933,a15_19,f,ao_esao_Chinese
339666,933,a45_49,f,ao_esao_Filipino
453808,933,a70_74,f,eo_bio_English
575056,933,a5_9,m,ao_oesao
579498,933,a10_14,f,ao_sao_ei
260903,933,a50_54,m,oco
377117,933,a85_,f,eo_bio_English
900294,933,a10_14,f,ao
528159,933,a45_49,f,onao_Canadian
636768,933,a60_64,m,eo_weo_Dutch
764976,933,a25_29,m,ao_esao_Chinese
748837,933,a5_9,m,ao_esao_Chinese
463073,933,a35_39,f,eo_obio
399026,933,a75_79,m,eo_bio_English
716163,933,a0_4,m,ao_sao_ei
12792,933,a60_64,f,ao_sao_ei
434874,933,a5_9,f,ao_esao_Chinese
677301,933,a0_4,m,onao_Canadian
876478,933,a20_24,f,ao_esao_Chinese
142974,933,a70_74,m,onao_Canadian
727374,933,a5_9,f,eo_eeo_Hungarian
103822,933,a70_74,m,eo_fo
714417,933,a75_79,f,ao_esao_Filipino
242680,933,a80_84,f,eo_bio_Irish
37547,933,a30_34,m,eo_bio_Irish
59475,933,a30_34,f,ao_oesao
791378,933,a0_4,m,eo_bio_English
481989,933,a55_59,f,ao_oesao
311747,933,a15_19,f,ao_esao_Chinese
858500,933,a30_34,m,ao_oesao
247485,933,a60_64,f,eo_eeo_Polish
746767,933,a5_9,f,ao_esao_Chinese
181489,933,a70_74,m,eo_weo_German
772692,933,a10_14,m,ao_osao
831385,933,a5_9,f,ao_oesao
486864,933,a0_4,f,ao_esao_Chinese
792699,933,a50_54,f,ao_wcameo
744885,933,a15_19,m,ao_esao_Chinese
170210,933,a45_49,m,eo_bio_Irish
415800,933,a35_39,f,eo_bio_English
848846,933,a60_64,m,eo_eeo_Ukrainian
223052,933,a25_29,f,ao_esao_Chinese
453112,933,a65_69,m,eo_seo_Portuguese
140737,933,a75_79,f,eo_bio_English
818527,933,a15_19,f,eo_seo_Italian
79476,933,a45_49,f,eo_bio_Scottish
338611,933,a50_54,f,ao_oesao
843482,933,a35_39,m,onao_Canadian
667610,933,a0_4,f,eo_bio_English
108495,933,a55_59,f,ao_esao_Chinese
73925,933,a55_59,m,eo_bio_Irish
299534,933,a70_74,f,eo_bio_Irish
129759,933,a55_59,f,ao_sao_ei
729266,933,a40_44,m,lcsao
774899,933,a50_54,m,eo_bio_Scottish
517649,933,a40_44,m,eo_weo_German
328274,933,a20_24,m,onao_Canadian
164897,933,a40_44,f,ao_wcameo
838631,933,a50_54,f,onao_Canadian
711053,933,a5_9,f,eo_eeo_Russian
146237,933,a25_29,m,ao_wcameo
912458,933,a5_9,m,naao
174490,933,a10_14,m,onao_Canadian
417897,933,a25_29,m,onao_Canadian
782362,933,a0_4,m,ao_sao_ei
657057,933,a50_54,m,eo_weo_German
881008,933,a5_9,f,ao_esao_Chinese
791465,933,a0_4,f,ao_sao_ei
447785,933,a60_64,m,ao_esao_Chinese
475518,933,a0_4,f,ao_esao_Filipino
495961,933,a30_34,f,onao_Canadian
251538,933,a50_54,m,eo_seo_Italian
28000,933,a15_19,f,ao_oesao
731620,933,a65_69,f,eo_eeo_Russian
605459,933,a55_59,f,eo_bio_English
556374,933,a10_14,m,onao_Canadian
67968,933,a35_39,m,eo_weo_German
867221,933,a10_14,f,ao_sao_ei
771280,933,a75_79,f,ao_esao_Chinese
506331,933,a75_79,m,eo_oseo
111047,933,a50_54,m,naao
855322,933,a70_74,f,naao
525955,933,a30_34,f,ao_esao_Chinese
420939,933,a25_29,m,eo_weo_Dutch
264920,933,a70_74,m,eo_seo_Spanish
358592,933,a50_54,f,eo_seo_Spanish
692849,933,a0_4,f,ao_wcameo
366389,933,a15_19,m,ao_esao_Chinese
393368,933,a40_44,f,eo_bio_English
506905,933,a50_54,m,ao_wcameo
882318,933,a10_14,m,ao_osao
374298,933,a55_59,m,eo_obio
439940,933,a40_44,m,onao_Canadian
184110,933,a45_49,m,ao_esao_Filipino
264153,933,a0_4,f,onao_Canadian
426187,933,a35_39,f,ao_esao_Chinese
379114,933,a25_29,m,onao_Canadian
52229,933,a50_54,m,ao_esao_Filipino
608556,933,a5_9,f,ao_esao_Filipino
478495,933,a15_19,m,ao_esao_Chinese
604193,933,a55_59,m,eo_bio_English
546288,933,a50_54,m,ao_oesao
523258,933,a10_14,m,ao_oesao
730878,933,a40_44,m,ao_oesao
918743,933,a0_4,m,ao_esao_Chinese
507727,933,a15_19,f,onao_Canadian
195202,933,a15_19,m,onao_Canadian
369162,933,a40_44,m,eo_oseo
803624,933,a15_19,m,eo_seo_Spanish
26807,933,a0_4,f,onao_Canadian
918627,933,a20_24,m,lcsao
315239,933,a60_64,m,eo_bio_Scottish
396907,933,a45_49,m,onao_Canadian
802008,933,a50_54,m,onao_Canadian
474851,933,a25_29,f,onao_Canadian
904752,933,a80_84,m,eo_weo_German
706600,933,a0_4,m,onao_Canadian
312439,933,a30_34,f,eo_seo_Portuguese
924348,933,a10_14,m,naao
306343,933,a65_69,f,eo_eeo_Ukrainian
12261,933,a40_44,m,lcsao
278,933,a60_64,m,eo_bio_English
727873,933,a75_79,f,eo_fo
519950,933,a55_59,m,eo_weo_Dutch
353614,933,a25_29,f,ao_osao
23174,933,a45_49,f,ao_esao_Chinese
35374,933,a45_49,m,eo_fo
861695,933,a15_19,m,ao_osao
90242,933,a30_34,f,eo_bio_English
531534,933,a50_54,f,eo_bio_English
531233,933,a55_59,f,onao_Canadian
717141,933,a15_19,f,eo_bio_English
905742,933,a45_49,f,eo_weo_German
832517,933,a50_54,f,onao_Canadian
599757,933,a55_59,f,eo_neo
274637,933,a85_,m,eo_bio_English
336051,933,a30_34,f,ao_wcameo
739417,933,a70_74,f,ao_esao_Chinese
283276,933,a45_49,f,ao_oesao
509068,933,a60_64,m,eo_fo
779979,933,a15_19,m,eo_eeo_Polish
190759,933,a25_29,m,eo_bio_Scottish
707426,933,a20_24,f,onao_Canadian
467836,933,a85_,m,eo_bio_English
28459,933,a10_14,m,ao_sao_ei
17370,933,a75_79,m,eo_bio_Irish
220585,933,a55_59,m,naao
479838,933,a65_69,m,ao_oesao
218019,933,a25_29,f,eo_bio_English
28884,933,a20_24,f,ao_sao_ei
902960,933,a40_44,m,eo_bio_English
738675,933,a5_9,m,ao_osao
101321,933,a25_29,m,eo_weo_German
748138,933,a45_49,f,eo_eeo_Ukrainian
501967,933,a80_84,m,eo_bio_English
117088,933,a80_84,m,ao_esao_Chinese
840159,933,a45_49,f,eo_neo
171499,933,a50_54,m,onao_Canadian
91023,933,a60_64,f,ao_osao
734353,933,a55_59,f,ao_oesao
523122,933,a60_64,f,eo_eeo_Russian
197466,933,a55_59,f,onao_Canadian
498216,933,a15_19,m,ao_esao_Chinese
567226,933,a15_19,m,lcsao
180588,933,a80_84,f,eo_weo_Dutch
489520,933,a25_29,f,onao_Canadian
918948,933,a65_69,m,eo_bio_Irish
62975,933,a80_84,f,eo_weo_German
423437,933,a40_44,m,ao
361564,933,a70_74,f,eo_obio
95004,933,a55_59,f,onao_Canadian
119517,933,a30_34,m,ao
412563,933,a35_39,m,eo_obio
182878,933,a0_4,m,ao
223392,933,a30_34,m,onao_Canadian
18886,933,a70_74,f,onao_Canadian
287567,933,a60_64,f,eo_bio_English
571641,933,a25_29,m,onao_Canadian
165167,933,a60_64,m,onao_Canadian
418792,933,a70_74,f,eo_eeo_Polish
80260,933,a20_24,f,eo_seo_Spanish
442280,933,a40_44,f,ao_sao_ei
32258,933,a45_49,m,eo_bio_Irish
885557,933,a35_39,f,ao_esao_Chinese
15420,933,a65_69,m,eo_seo_Portuguese
682301,933,a85_,f,naao
738000,933,a35_39,m,eo_weo_Dutch
373469,933,a60_64,m,ao_esao_Chinese
178059,933,a45_49,f,eo_weo_German
361564,933,a70_74,f,eo_obio
558297,933,a40_44,m,ao_esao_Chinese
648240,933,a45_49,m,eo_bio_Irish
800164,933,a50_54,m,ao_oesao
341471,933,a30_34,m,eo_eeo_Polish
754173,933,a30_34,m,ao_esao_Filipino
36212,933,a70_74,f,eo_eeo_Ukrainian
361224,933,a60_64,f,eo_seo_Italian
237932,933,a30_34,f,ao_sao_ei
689206,933,a65_69,f,eo_bio_Irish
524828,933,a60_64,m,eo_eeo_Hungarian
484392,933,a80_84,f,eo_seo_Italian
921364,933,a25_29,m,oco
825940,933,a45_49,m,ao_sao_ei
683754,933,a60_64,f,ao_osao
359533,933,a20_24,m,onao_Canadian
353265,933,a20_24,m,ao
16223,933,a15_19,m,ao_sao_ei
698779,933,a5_9,f,ao_sao_ei
278236,933,a5_9,m,eo_bio_Irish
558734,933,a20_24,m,onao_Canadian
643750,933,a20_24,f,onao_Canadian
696568,933,a50_54,f,ao_esao_Chinese
675514,933,a30_34,m,onao_Canadian
411167,933,a55_59,m,eo_eeo_Ukrainian
193937,933,a25_29,f,onao_Canadian
489459,933,a0_4,f,lcsao
218703,933,a10_14,f,eo_bio_English
199922,933,a10_14,m,ao_sao_ei
41217,933,a20_24,f,ao_sao_ei
13889,933,a60_64,m,eo_oeo
613392,933,a45_49,f,ao_esao_Filipino
774940,933,a55_59,m,ao_esao_Filipino
648734,933,a45_49,f,ao_sao_ei
667757,933,a60_64,m,eo_bio_Irish
85512,933,a25_29,m,ao_esao_Chinese
58174,933,a0_4,m,eo_weo_German
334566,933,a30_34,m,eo_eeo_Ukrainian
915264,933,a10_14,m,eo_bio_English
610756,933,a45_49,m,ao_esao_Filipino
911712,933,a45_49,f,eo_weo_Dutch
63263,933,a15_19,f,ao_oesao
297136,933,a40_44,m,ao_sao_ei
570476,933,a5_9,f,onao_Canadian
689845,933,a65_69,f,naao
9355,933,a75_79,m,eo_obio
126558,933,a15_19,m,ao_sao_ei
609163,933,a10_14,m,ao_sao_ei
125554,933,a15_19,f,ao_esao_Chinese
567086,933,a10_14,f,ao_sao_ei
536800,933,a15_19,f,onao_Canadian
251002,933,a40_44,f,lcsao
737138,933,a65_69,f,eo_bio_English
742517,933,a70_74,f,eo_bio_English
44024,933,a35_39,m,onao_Canadian
119345,933,a20_24,m,ao_esao_Chinese
593912,933,a65_69,m,onao_Canadian
663401,933,a60_64,f,ao_sao_ei
749876,933,a50_54,m,naao
532193,933,a70_74,m,eo_bio_Irish
518360,933,a20_24,f,naao
765250,933,a25_29,m,onao_Canadian
795698,933,a65_69,f,onao_Canadian
464044,933,a45_49,f,naao
350370,933,a10_14,f,onao_Canadian
892350,933,a15_19,m,ao_esao_Chinese
144986,933,a5_9,f,onao_Canadian
86097,933,a20_24,m,ao_esao_Filipino
761455,933,a65_69,f,eo_bio_English
830869,933,a50_54,f,eo_bio_Scottish
741456,933,a15_19,f,onao_Canadian
197065,933,a10_14,f,ao_sao_ei
196425,933,a65_69,f,eo_bio_English
827706,933,a35_39,m,onao_Canadian
394012,933,a0_4,f,onao_Canadian
441870,933,a20_24,f,ao_sao_ei
48238,933,a55_59,f,ao_esao_Chinese
146031,933,a0_4,m,eo_eeo_Polish
238696,933,a65_69,m,eo_fo
374717,933,a55_59,f,eo_eeo_Ukrainian
492634,933,a15_19,f,ao_esao_Chinese
381707,933,a70_74,m,ao_sao_ei
141193,933,a60_64,m,onao_Canadian
200337,933,a35_39,m,lcsao
149966,933,a45_49,m,eo_fo
847177,933,a50_54,m,eo_bio_Irish
725916,933,a5_9,f,ao_esao_Chinese
36501,933,a55_59,f,eo_bio_English
117427,933,a55_59,m,eo_seo_Portuguese
30236,933,a40_44,f,eo_eeo_Ukrainian
869908,933,a50_54,f,eo_fo
670343,933,a40_44,f,eo_obio
381839,933,a5_9,m,ao
404050,933,a20_24,f,onao_Canadian
230852,933,a40_44,f,eo_eeo_Russian
919312,933,a20_24,m,eo_fo
842101,933,a50_54,m,eo_bio_English
39453,933,a40_44,m,ao_sao_ei
777662,933,a5_9,m,ao_esao_Chinese
881860,933,a55_59,f,eo_eeo_Russian
127463,933,a35_39,f,naao
602976,933,a25_29,m,eo_weo_German
152871,933,a70_74,f,eo_bio_English
556742,933,a30_34,f,eo_seo_Spanish
41169,933,a20_24,m,ao_sao_ei
29918,933,a40_44,m,onao_Canadian
90555,933,a35_39,f,ao
525494,933,a40_44,f,eo_oeeo
732256,933,a70_74,f,eo_bio_English
731783,933,a30_34,f,onao_Canadian
408148,933,a60_64,f,onao_Canadian
839724,933,a60_64,m,eo_bio_English
104356,933,a50_54,m,eo_eeo_Ukrainian
55851,933,a15_19,f,ao_esao_Chinese
423413,933,a35_39,f,ao_oesao
739542,933,a5_9,m,ao_oesao
533790,933,a10_14,m,onao_Canadian
493005,933,a0_4,m,ao_esao_Chinese
352456,933,a85_,f,eo_eeo_Ukrainian
271412,933,a0_4,m,ao
426340,933,a15_19,m,ao_sao_ei
29532,933,a10_14,f,eo_eeo_Hungarian
101903,933,a5_9,f,eo_bio_Scottish
253910,933,a70_74,m,eo_eeo_Hungarian
915871,933,a85_,f,ao_oesao
99713,933,a0_4,f,eo_eeo_Ukrainian
588845,933,a45_49,m,ao_esao_Chinese
550997,933,a20_24,f,ao_oesao
583954,933,a45_49,m,ao_esao_Chinese
407080,933,a40_44,m,eo_bio_English
458320,933,a10_14,f,ao_wcameo
422979,933,a35_39,m,ao_sao_ei
713516,933,a20_24,f,onao_Canadian
488308,933,a30_34,f,eo_bio_Scottish
72523,933,a60_64,f,onao_Canadian
387432,933,a35_39,m,ao_esao_Chinese
204920,933,a15_19,m,ao_esao_Filipino
830783,933,a10_14,m,ao_oesao
619596,933,a65_69,f,eo_bio_English
736665,933,a40_44,f,eo_bio_English
781155,933,a40_44,f,naao
45428,933,a5_9,m,ao_sao_ei
295491,933,a15_19,f,ao_oesao
265448,933,a80_84,m,eo_bio_Scottish
475096,933,a0_4,f,eo_bio_English
173331,933,a20_24,f,eo_bio_English
465118,933,a30_34,f,ao_sao_ei
756154,933,a50_54,m,ao_esao_Chinese
900701,933,a45_49,m,onao_Canadian
665765,933,a40_44,m,onao_Canadian
214127,933,a55_59,m,eo_neo
856180,933,a65_69,f,eo_bio_Irish
713609,933,a75_79,f,ao_esao_Chinese
587594,933,a10_14,f,ao_sao_ei
22888,933,a50_54,f,eo_seo_Italian
534874,933,a40_44,m,eo_eeo_Polish
713598,933,a35_39,m,eo_eeo_Polish
638426,933,a40_44,f,ao_oesao
549657,933,a20_24,m,eo_bio_English
858157,933,a60_64,m,eo_seo_Italian
855977,933,a85_,f,eo_eeo_Ukrainian
35982,933,a5_9,m,onao_Canadian
875535,933,a30_34,m,ao_sao_ei
200786,933,a45_49,f,eo_bio_English
213485,933,a40_44,m,ao_esao_Chinese
366471,933,a45_49,m,ao_sao_ei
577824,933,a35_39,m,ao_esao_Chinese
838782,933,a35_39,f,ao_oesao
873039,933,a55_59,m,ao_esao_Chinese
732648,933,a45_49,f,ao_oesao
732227,933,a50_54,m,ao_esao_Chinese
123603,933,a15_19,f,eo_seo_Italian
688388,933,a35_39,f,ao_oesao
728366,933,a10_14,f,ao_esao_Filipino
569060,933,a20_24,f,ao_sao_ei
851755,933,a45_49,m,ao_sao_ei
548181,933,a30_34,f,eo_eeo_Russian
633227,933,a40_44,f,onao_Canadian
519446,933,a35_39,f,ao_esao_Filipino
63970,933,a15_19,m,ao_esao_Chinese
572369,933,a20_24,f,ao_esao_Chinese
238141,933,a10_14,f,ao
673961,933,a15_19,f,onao_Canadian
452131,933,a40_44,m,oo
796862,933,a30_34,m,ao_esao_Chinese
227471,933,a35_39,f,ao_sao_ei
786468,933,a45_49,m,ao_esao_Chinese
729046,933,a55_59,m,eo_bio_English
495449,933,a0_4,m,onao_Canadian
643666,933,a20_24,f,ao_esao_Chinese
529013,933,a45_49,m,ao_sao_ei
342814,933,a20_24,f,eo_oeo
373077,933,a55_59,f,ao_esao_Chinese
844271,933,a15_19,m,onao_Canadian
378011,933,a75_79,f,ao_esao_Chinese
906789,933,a40_44,m,onao_Canadian
365425,933,a75_79,m,eo_weo_German
244564,933,a60_64,f,eo_seo_Italian
386576,933,a60_64,f,eo_bio_Scottish
799862,933,a60_64,m,ao_esao_Chinese
357651,933,a15_19,f,eo_bio_English
832893,933,a50_54,f,ao_oesao
645150,933,a80_84,f,ao_esao_Chinese
429459,933,a0_4,m,naao
6955,933,a45_49,f,eo_bio_English
784428,933,a15_19,f,onao_Canadian
930058,933,a5_9,m,ao_esao_Chinese
811453,933,a10_14,m,eo_bio_English
107754,933,a60_64,f,ao_esao_Filipino
851036,933,a20_24,f,ao_oesao
201778,933,a5_9,f,onao_Canadian
172751,933,a10_14,m,onao_Canadian
219410,933,a75_79,m,eo_eeo_Ukrainian
536229,933,a80_84,m,eo_weo_German
856519,933,a35_39,m,ao_esao_Chinese
568975,933,a0_4,m,onao_Canadian
540577,933,a75_79,m,eo_bio_English
918021,933,a35_39,m,eo_bio_English
563539,933,a40_44,f,lcsao
218387,933,a0_4,m,onao_Canadian
113745,933,a65_69,f,eo_bio_Irish
839271,933,a15_19,f,onao_Canadian
725037,933,a30_34,f,eo_eeo_Polish
204986,933,a45_49,m,eo_bio_Irish
597019,933,a60_64,f,eo_bio_English
237707,933,a40_44,m,onao_Canadian
930184,933,a5_9,m,ao_oesao
120254,933,a5_9,f,eo_bio_English
250926,933,a35_39,f,naao
710244,933,a15_19,m,eo_weo_Dutch
556441,933,a0_4,f,onao_Canadian
406805,933,a70_74,m,eo_bio_English
669649,933,a35_39,m,ao_sao_ei
623048,933,a10_14,m,ao_esao_Chinese
373392,933,a10_14,m,ao_esao_Chinese
143229,933,a55_59,m,onao_Canadian
747566,933,a30_34,f,ao_sao_ei
275591,933,a70_74,m,eo_bio_English
703851,933,a45_49,f,ao_wcameo
609563,933,a50_54,f,eo_weo_German
234541,933,a15_19,f,onao_Canadian
847019,933,a65_69,m,eo_bio_English
55051,933,a60_64,m,eo_bio_Irish
512232,933,a5_9,f,ao_wcameo
210850,933,a15_19,f,onao_Canadian
516898,933,a35_39,f,ao_esao_Chinese
746785,933,a35_39,m,eo_bio_English
866978,933,a75_79,m,onao_Canadian
467066,933,a30_34,f,eo_bio_Scottish
159924,933,a55_59,m,eo_neo
69357,933,a65_69,m,eo_bio_Scottish
80661,933,a20_24,m,eo_seo_Portuguese
776617,933,a50_54,f,ao_esao_Chinese
642982,933,a35_39,f,ao_sao_ei
692509,933,a5_9,f,eo_seo_Spanish
796939,933,a20_24,m,ao_sao_ei
101981,933,a55_59,m,eo_seo_Greek
850477,933,a35_39,f,onao_Canadian
162613,933,a30_34,f,onao_Canadian
851250,933,a5_9,m,eo_eeo_Russian
772614,933,a20_24,m,onao_Canadian
789738,933,a45_49,f,eo_eeo_Ukrainian
684672,933,a65_69,f,eo_bio_Scottish
24638,933,a55_59,f,eo_bio_English
179504,933,a45_49,m,lcsao
56819,933,a15_19,m,eo_bio_English
366999,933,a35_39,f,onao_Canadian
853257,933,a5_9,f,eo_fo
187443,933,a50_54,m,eo_bio_English
393222,933,a20_24,m,ao_sao_ei
437277,933,a80_84,m,ao_sao_ei
495535,933,a10_14,f,ao_esao_Chinese
313625,933,a15_19,m,onao_Canadian
503449,933,a55_59,m,eo_seo_Italian
704618,933,a20_24,m,onao_Canadian
602967,933,a70_74,m,eo_weo_German
830179,933,a0_4,f,ao_esao_Chinese
94872,933,a70_74,f,eo_bio_English
453824,933,a25_29,m,eo_bio_Irish
523650,933,a20_24,m,eo_bio_English
684166,933,a5_9,m,ao_sao_ei
862298,933,a10_14,m,naao
200052,933,a15_19,m,ao
865336,933,a25_29,f,onao_Canadian
668121,933,a35_39,m,lcsao
599203,933,a30_34,m,eo_seo_Spanish
90816,933,a30_34,m,ao_sao_ei
581179,933,a10_14,f,onao_Canadian
730454,933,a15_19,m,ao_esao_Chinese
143154,933,a15_19,m,ao_esao_Chinese
736360,933,a70_74,m,eo_weo_German
430240,933,a5_9,f,onao_Canadian
584111,933,a45_49,f,eo_neo
650039,933,a45_49,m,eo_weo_German
99720,933,a50_54,f,naao
575142,933,a10_14,f,eo_bio_Scottish
360123,933,a50_54,m,eo_bio_English
61375,933,a75_79,m,eo_bio_Scottish
543779,933,a0_4,m,ao_wcameo
502406,933,a55_59,f,onao_Canadian
437073,933,a5_9,f,eo_weo_German
801373,933,a50_54,m,onao_Canadian
311364,933,a25_29,m,eo_bio_English
317852,933,a75_79,f,eo_eeo_Ukrainian
903643,933,a85_,f,eo_bio_Irish
371588,933,a45_49,m,eo_obio
732091,933,a35_39,m,eo_neo
785945,933,a70_74,f,onao_Canadian
905400,933,a50_54,f,ao_esao_Chinese
623789,933,a20_24,m,onao_Canadian
424180,933,a45_49,f,ao_esao_Chinese
219112,933,a25_29,m,eo_weo_German
238004,933,a50_54,m,eo_weo_German
620680,933,a20_24,f,eo_bio_English
702144,933,a50_54,f,eo_oeo
176615,933,a80_84,m,eo_oweo
14334,933,a70_74,f,eo_obio
701818,933,a65_69,m,eo_obio
726313,933,a10_14,m,ao_esao_Chinese
166776,933,a30_34,m,onao_Canadian
750985,933,a10_14,m,ao_sao_ei
107346,933,a60_64,f,eo_eeo_Polish
382586,933,a20_24,f,naao
774899,933,a50_54,m,eo_bio_Scottish
580603,933,a50_54,f,eo_bio_English
587255,933,a5_9,m,onao_Canadian
884790,933,a30_34,m,onao_Canadian
614083,933,a15_19,m,onao_Canadian
510046,933,a5_9,f,onao_Canadian
534154,933,a30_34,m,lcsao
260093,933,a30_34,m,eo_bio_Irish
838141,933,a85_,m,onao_Canadian
660217,933,a0_4,f,ao_sao_ei
363060,933,a45_49,m,ao_sao_ei
7624,933,a0_4,m,ao_esao_Filipino
586914,933,a20_24,m,ao_sao_ei
532090,933,a50_54,m,eo_bio_English
660376,933,a20_24,m,ao_wcameo
335188,933,a0_4,m,ao_esao_Chinese
524170,933,a60_64,f,eo_eeo_Ukrainian
298260,933,a20_24,f,ao_esao_Chinese
820965,933,a60_64,m,eo_bio_Scottish
252511,933,a5_9,m,onao_Canadian
342550,933,a20_24,f,naao
824991,933,a5_9,m,ao_sao_ei
557451,933,a55_59,m,onao_Canadian
17639,933,a35_39,f,eo_bio_English
273697,933,a80_84,f,onao_Canadian
410835,933,a5_9,f,onao_Canadian
531169,933,a45_49,f,ao_esao_Chinese
110144,933,a50_54,f,onao_Canadian
914058,933,a35_39,f,eo_bio_English
227432,933,a15_19,f,ao_esao_Chinese
96591,933,a5_9,m,ao_sao_ei
352465,933,a35_39,m,eo_weo_German
774357,933,a60_64,m,ao_esao_Chinese
9445,933,a30_34,f,ao_sao_ei
41912,933,a30_34,f,onao_Canadian
771820,933,a5_9,f,ao_esao_Chinese
75447,933,a10_14,m,ao_sao_ei
256862,933,a15_19,m,ao_sao_ei
701906,933,a75_79,m,ao_esao_Chinese
817266,933,a80_84,f,eo_weo_Dutch
871941,933,a35_39,f,ao_esao_Chinese
38910,933,a5_9,m,ao_esao_Chinese
630081,933,a35_39,m,ao_sao_ei
641976,933,a10_14,m,ao_oesao
104405,933,a45_49,f,eo_weo_Dutch
757202,933,a15_19,m,ao
235200,933,a55_59,m,eo_weo_German
139863,933,a55_59,m,eo_seo_Italian
228651,933,a0_4,f,naao
466609,933,a30_34,f,eo_bio_Irish
593606,933,a20_24,f,onao_Canadian
775856,933,a5_9,m,ao_sao_ei
778441,933,a75_79,f,ao_esao_Chinese
206283,933,a15_19,m,onao_Canadian
133981,933,a5_9,f,onao_Canadian
475865,933,a75_79,f,eo_bio_Scottish
731999,933,a50_54,f,eo_bio_Scottish
632508,933,a0_4,m,eo_bio_English
769337,933,a75_79,f,ao_esao_Chinese
881135,933,a45_49,f,onao_Canadian
484711,933,a35_39,f,eo_eeo_Polish
589156,933,a70_74,f,eo_eeo_Ukrainian
570972,933,a65_69,m,eo_bio_English
27454,933,a40_44,m,ao_esao_Chinese
352975,933,a25_29,m,onao_Canadian
483967,933,a30_34,m,eo_bio_Irish
307793,933,a10_14,m,eo_obio
728667,933,a10_14,f,ao_esao_Chinese
474649,933,a40_44,m,ao_sao_ei
503104,933,a25_29,m,naao
845551,933,a50_54,m,eo_obio
103254,933,a50_54,f,eo_bio_English
314766,933,a15_19,m,onao_Canadian
546026,933,a30_34,m,ao_esao_Filipino
300190,933,a50_54,m,onao_Canadian
27236,933,a35_39,m,ao_esao_Chinese
200052,933,a15_19,m,ao
332062,933,a30_34,m,naao
698856,933,a40_44,f,ao_esao_Chinese
542316,933,a25_29,m,eo_weo_Dutch
280957,933,a5_9,f,onao_Canadian
788947,933,a5_9,f,ao_esao_Filipino
808665,933,a30_34,m,lcsao
871456,933,a45_49,m,ao_esao_Chinese
635288,933,a50_54,f,ao_esao_Chinese
636950,933,a20_24,m,onao_Canadian
543754,933,a15_19,m,ao_sao_ei
58176,933,a50_54,f,eo_bio_English
25770,933,a40_44,m,onao_Canadian
764093,933,a45_49,m,onao_Canadian
532137,933,a75_79,f,ao_sao_ei
733719,933,a50_54,f,onao_Canadian
288482,933,a35_39,m,ao_sao_ei
441121,933,a30_34,f,ao_oesao
252847,933,a45_49,f,eo_bio_English
181511,933,a25_29,m,onao_Canadian
863092,933,a75_79,m,onao_Canadian
793259,933,a70_74,m,eo_bio_English
337188,933,a70_74,m,ao_esao_Chinese
459101,933,a70_74,f,eo_bio_English
466050,933,a60_64,f,eo_weo_German
238301,933,a15_19,m,ao_esao_Chinese
104624,933,a60_64,f,eo_oeeo
689394,933,a50_54,f,onao_Canadian
140691,933,a5_9,m,eo_bio_English
208091,933,a55_59,m,ao_esao_Chinese
878259,933,a50_54,f,ao_sao_ei
681053,933,a10_14,f,oo
652721,933,a25_29,f,ao_osao
136452,933,a0_4,f,onao_Canadian
146908,933,a60_64,m,eo_bio_English
581179,933,a10_14,f,onao_Canadian
897095,933,a15_19,f,ao_sao_ei
850897,933,a5_9,f,naao
418096,933,a45_49,m,eo_fo
810140,933,a55_59,f,eo_seo_Italian
678191,933,a5_9,m,ao_osao
222920,933,a15_19,f,onao_Canadian
41185,933,a15_19,m,ao_wcameo
30556,933,a30_34,f,ao_sao_ei
336663,933,a0_4,f,onao_Canadian
661145,933,a55_59,m,eo_weo_German
273879,933,a55_59,m,ao_esao_Chinese
158333,933,a50_54,f,ao
373887,933,a45_49,f,ao_sao_ei
894135,933,a40_44,f,onao_Canadian
894236,933,a75_79,m,eo_seo_Portuguese
557310,933,a30_34,m,ao_esao_Filipino
916567,933,a50_54,m,eo_seo_Spanish
276549,933,a60_64,f,eo_weo_German
308780,933,a5_9,m,ao_oesao
792170,933,a45_49,f,ao_sao_ei
281287,933,a5_9,f,onao_Canadian
679088,933,a5_9,m,onao_Canadian
823748,933,a10_14,m,onao_Canadian
700921,933,a45_49,m,ao_sao_ei
220386,933,a20_24,f,lcsao
908145,933,a45_49,f,ao_esao_Chinese
84082,933,a5_9,m,onao_Canadian
819353,933,a40_44,f,eo_eeo_Russian
150223,933,a40_44,m,onao_Canadian
447694,933,a70_74,f,ao_esao_Chinese
312986,933,a40_44,m,ao_esao_Chinese
163570,933,a45_49,m,eo_eeo_Ukrainian
410017,933,a60_64,f,onao_Canadian
260470,933,a45_49,m,ao_esao_Filipino
819589,933,a5_9,f,ao_esao_Filipino
162864,933,a25_29,m,onao_Canadian
348313,933,a50_54,f,onao_Canadian
866784,933,a10_14,m,onao_Canadian
831325,933,a25_29,f,eo_weo_Dutch
268699,933,a5_9,m,eo_bio_English
470814,933,a45_49,m,onao_Canadian
428245,933,a20_24,m,ao_esao_Chinese
601730,933,a40_44,m,eo_bio_Irish
188363,933,a15_19,m,ao_oesao
196865,933,a60_64,f,ao_esao_Chinese
806448,933,a25_29,f,ao_oesao
321899,933,a50_54,m,onao_Canadian
613181,933,a25_29,m,eo_bio_English
907887,933,a35_39,m,ao_wcameo
808974,933,a25_29,m,eo_bio_English
1159,933,a65_69,m,eo_weo_German
302347,933,a10_14,m,ao_osao
253466,933,a10_14,f,onao_Canadian
746017,933,a40_44,f,ao_esao_Chinese
722295,933,a45_49,f,ao_osao
804315,933,a30_34,f,ao_esao_Chinese
53548,933,a20_24,f,ao_esao_Filipino
578294,933,a5_9,m,onao_Canadian
874990,933,a15_19,f,onao_Canadian
514577,933,a70_74,m,eo_eeo_Ukrainian
49239,933,a5_9,m,ao_esao_Chinese
910103,933,a85_,f,eo_eeo_Ukrainian
928481,933,a0_4,m,ao_oesao
219016,933,a45_49,m,eo_neo
756142,933,a20_24,m,onao_Canadian
26463,933,a70_74,m,eo_seo_Portuguese
177821,933,a75_79,f,eo_bio_English
471097,933,a5_9,f,ao_esao_Chinese
100942,933,a45_49,f,ao_esao_Chinese
206704,933,a0_4,m,ao_sao_ei
511448,933,a20_24,f,onao_Canadian
344405,933,a5_9,f,onao_Canadian
203573,933,a50_54,m,onao_Canadian
888102,933,a50_54,f,eo_weo_German
167014,933,a20_24,m,ao_sao_ei
876072,933,a10_14,f,onao_Canadian
222416,933,a45_49,m,ao_esao_Chinese
476479,933,a40_44,m,onao_Canadian
761476,933,a45_49,m,eo_bio_Irish
40295,933,a55_59,m,eo_seo_Italian
606649,933,a10_14,f,ao_esao_Chinese
76488,933,a50_54,m,naao
13368,933,a60_64,m,eo_bio_Scottish
486455,933,a5_9,f,onao_Canadian
615728,933,a40_44,m,eo_bio_English
43554,933,a80_84,m,eo_seo_Greek
356229,933,a5_9,f,eo_bio_English
475120,933,a35_39,m,ao_esao_Chinese
901354,933,a50_54,m,eo_fo
144266,933,a85_,m,eo_bio_English
492644,933,a55_59,f,eo_weo_Dutch
269356,933,a40_44,f,ao_sao_ei
123316,933,a45_49,m,ao_esao_Chinese
421925,933,a0_4,f,ao_sao_ei
7878,933,a25_29,m,ao_sao_ei
608118,933,a45_49,f,onao_Canadian
731261,933,a70_74,f,eo_oweo
912458,933,a5_9,m,naao
729492,933,a60_64,f,eo_bio_Irish
907846,933,a85_,f,eo_bio_English
765617,933,a55_59,m,eo_weo_German
154053,933,a35_39,m,eo_fo
923957,933,a20_24,f,eo_bio_English
375207,933,a10_14,f,onao_Canadian
780669,933,a15_19,f,ao_esao_Chinese
534662,933,a40_44,f,ao_esao_Chinese
241930,933,a10_14,m,eo_bio_Scottish
283616,933,a60_64,f,ao_esao_Chinese
533673,933,a10_14,f,ao_esao_Chinese
398230,933,a20_24,f,ao_esao_Chinese
516892,933,a55_59,m,onao_Canadian
514868,933,a45_49,m,onao_Canadian
533535,933,a0_4,m,ao_esao_Filipino
386219,933,a55_59,f,eo_fo
631157,933,a75_79,m,eo_seo_Greek
352609,933,a25_29,m,onao_Canadian
67910,933,a65_69,m,onao_Canadian
228705,933,a30_34,f,naao
142396,933,a45_49,m,eo_weo_German
197241,933,a5_9,m,ao_oesao
40133,933,a50_54,m,eo_oeeo
142242,933,a40_44,m,eo_weo_German
783432,933,a70_74,m,onao_Canadian
152579,933,a20_24,m,ao_sao_ei
143077,933,a35_39,f,eo_bio_English
740331,933,a80_84,f,eo_bio_English
307739,933,a40_44,m,ao_esao_Filipino
213709,933,a45_49,m,onao_Canadian
520698,933,a70_74,f,ao_sao_ei
451735,933,a35_39,f,onao_Canadian
880397,933,a15_19,m,onao_Canadian
472623,933,a5_9,f,eo_bio_English
222962,933,a10_14,m,eo_bio_English
15675,933,a5_9,f,ao_sao_ei
427229,933,a55_59,m,eo_fo
107777,933,a10_14,f,ao_esao_Chinese
431768,933,a45_49,m,onao_Canadian
324037,933,a55_59,f,ao_esao_Chinese
797474,933,a10_14,m,onao
572319,933,a50_54,m,eo_bio_English
75104,933,a40_44,m,ao_sao_ei
158831,933,a45_49,f,onao_Canadian
571108,933,a80_84,m,ao_oesao
497154,933,a40_44,f,ao_esao_Chinese
113933,933,a25_29,f,ao_esao_Chinese
164301,933,a25_29,f,onao_Canadian
105402,933,a45_49,m,ao_sao_ei
422928,933,a50_54,m,eo_eeo_Polish
119365,933,a65_69,f,eo_eeo_Hungarian
117519,933,a0_4,m,eo_oeeo
544250,933,a35_39,f,onao_Canadian
716355,933,a10_14,m,eo_bio_English
483069,933,a85_,m,eo_weo_German
178185,933,a0_4,m,onao_Canadian
339834,933,a60_64,m,onao_Canadian
587993,933,a5_9,m,onao_Canadian
614566,933,a15_19,f,ao_esao_Chinese
834268,933,a30_34,f,ao_esao_Filipino
485613,933,a20_24,m,eo_neo
192541,933,a40_44,m,onao_Canadian
61358,933,a75_79,f,eo_eeo_Hungarian
637284,933,a25_29,m,eo_fo
550159,933,a30_34,m,eo_bio_Scottish
366198,933,a5_9,m,ao_esao_Chinese
386169,933,a35_39,m,eo_bio_Irish
501046,933,a65_69,f,eo_obio
529555,933,a45_49,m,onao_Canadian
72181,933,a35_39,f,ao_oesao
503069,933,a60_64,f,eo_eeo_Russian
4007,933,a50_54,m,onao_Canadian
848552,933,a35_39,f,eo_fo
291785,933,a10_14,f,eo_oseo
429825,933,a35_39,f,ao_esao_Chinese
360187,933,a20_24,f,ao_oesao
591497,933,a40_44,f,eo_bio_English
381301,933,a50_54,m,lcsao
929354,933,a50_54,m,onao_Canadian
170922,933,a15_19,f,onao_Canadian
506764,933,a30_34,f,eo_obio
695584,933,a10_14,m,naao
377047,933,a0_4,f,ao_esao_Chinese
647806,933,a25_29,f,onao_Canadian
834362,933,a35_39,f,eo_eeo_Russian
180794,933,a65_69,f,eo_weo_Dutch
802364,933,a20_24,m,ao_esao_Chinese
902660,933,a50_54,m,ao_esao_Filipino
609127,933,a30_34,m,onao_Canadian
775541,933,a15_19,f,ao_sao_ei
205702,933,a35_39,f,onao_Canadian
658796,933,a0_4,f,ao_oesao
760372,933,a5_9,m,ao_wcameo
918632,933,a15_19,f,oco
581840,933,a15_19,f,onao_Canadian
430146,933,a70_74,f,ao_sao_ei
46039,933,a55_59,m,onao_Canadian
6343,933,a50_54,m,onao_Canadian
885715,933,a35_39,m,ao_osao
521600,933,a0_4,f,ao_wcameo
23925,933,a10_14,f,eo_bio_English
824350,933,a75_79,m,eo_bio_Scottish
248264,933,a25_29,m,onao_Canadian
913809,933,a55_59,f,eo_seo_Spanish
928187,933,a5_9,m,ao_sao_ei
489640,933,a45_49,f,onao_Canadian
596538,933,a15_19,f,eo_bio_Irish
363774,933,a40_44,f,onao_Canadian
37818,933,a20_24,m,ao_esao_Chinese
224884,933,a70_74,m,oco
501670,933,a55_59,f,eo_weo_Dutch
329119,933,a60_64,f,eo_bio_English
374689,933,a0_4,f,onao_Canadian
79354,933,a85_,f,eo_bio_English
276295,933,a30_34,f,ao_esao_Chinese
82718,933,a15_19,m,ao_sao_ei
371588,933,a45_49,m,eo_obio
55463,933,a5_9,f,onao_Canadian
175452,933,a30_34,f,eo_bio_English
517535,933,a15_19,f,onao_Canadian
919877,933,a5_9,m,onao_Canadian
631051,933,a35_39,m,naao
339108,933,a15_19,f,onao_Canadian
401437,933,a75_79,f,eo_bio_Irish
446246,933,a40_44,m,eo_bio_English
394868,933,a5_9,m,ao_sao_ei
272271,933,a30_34,f,eo_bio_Irish
900294,933,a10_14,f,ao
881383,933,a20_24,m,onao_Canadian
62847,933,a40_44,m,eo_bio_English
116742,933,a20_24,m,eo_oeo
734559,933,a0_4,f,onao_Canadian
864359,933,a15_19,m,ao_esao_Chinese
477935,933,a5_9,f,eo_bio_English
210834,933,a70_74,f,eo_weo_German
96315,933,a55_59,m,naao
110824,933,a35_39,m,eo_bio_English
166890,933,a40_44,m,lcsao
46727,933,a55_59,m,onao_Canadian
667392,933,a70_74,f,eo_neo
640671,933,a55_59,m,eo_oeeo
192729,933,a0_4,m,onao_Canadian
49362,933,a45_49,m,ao_wcameo
237985,933,a25_29,f,onao_Canadian
559193,933,a10_14,m,ao_esao_Filipino
212604,933,a5_9,f,onao_Canadian
304409,933,a35_39,f,eo_eeo_Ukrainian
229974,933,a5_9,m,eo_eeo_Russian
773451,933,a50_54,m,ao_sao_ei
282231,933,a5_9,m,ao_esao_Filipino
557690,933,a50_54,f,eo_bio_Scottish
21036,933,a20_24,f,onao_Canadian
47263,933,a50_54,m,ao_esao_Chinese
688232,933,a45_49,f,ao_oesao
614083,933,a15_19,m,onao_Canadian
614083,933,a15_19,m,onao_Canadian
439889,933,a40_44,m,eo_bio_English
500738,933,a0_4,f,onao_Canadian
465307,933,a55_59,f,eo_oeeo
52268,933,a30_34,f,ao_esao_Chinese
752255,933,a40_44,m,onao_Canadian
529321,933,a5_9,m,ao_esao_Chinese
301130,933,a5_9,f,ao_oesao
97455,933,a50_54,m,eo_bio_Scottish
808052,933,a5_9,m,eo_seo_Greek
222061,933,a30_34,f,ao_esao_Chinese
919660,933,a60_64,m,eo_bio_English
462387,933,a40_44,m,eo_bio_Scottish
341786,933,a80_84,m,eo_eeo_Hungarian
834463,933,a70_74,f,onao_Canadian
905895,933,a60_64,f,eo_bio_Scottish
541167,933,a60_64,m,eo_fo
335454,933,a70_74,m,eo_eeo_Ukrainian
342859,933,a5_9,f,onao_Canadian
413009,933,a30_34,m,ao_esao_Chinese
86455,933,a45_49,m,eo_bio_English
588420,933,a15_19,f,ao_esao_Filipino
801128,933,a10_14,f,ao_osao
218969,933,a30_34,m,lcsao
223384,933,a55_59,m,ao_sao_ei
569705,933,a15_19,m,eo_oeo
75523,933,a5_9,f,ao_esao_Chinese
719807,933,a15_19,f,eo_seo_Greek
916799,933,a25_29,f,onao_Canadian
853257,933,a5_9,f,eo_fo
926038,933,a15_19,m,ao_sao_ei
403415,933,a45_49,m,eo_bio_Irish
415358,933,a10_14,f,ao_esao_Chinese
470918,933,a25_29,m,ao_esao_Chinese
394370,933,a45_49,m,eo_bio_Scottish
42341,933,a50_54,m,eo_bio_English
427999,933,a50_54,m,onao_Canadian
799322,933,a35_39,f,eo_weo_German
249388,933,a55_59,m,onao_Canadian
473277,933,a45_49,m,eo_bio_English
888647,933,a65_69,f,onao_Canadian
445518,933,a20_24,m,ao_oesao
265366,933,a10_14,m,eo_seo_Portuguese
297936,933,a70_74,f,eo_eeo_Hungarian
515542,933,a55_59,m,ao_esao_Chinese
277310,933,a65_69,f,eo_bio_English
396114,933,a45_49,f,ao_esao_Chinese
344793,933,a25_29,m,eo_oseo
145508,933,a50_54,m,eo_bio_Scottish
423279,933,a55_59,f,onao_Canadian
2952,933,a15_19,f,onao_Canadian
85560,933,a45_49,m,onao_Canadian
569402,933,a30_34,m,eo_weo_German
518715,933,a40_44,f,onao_Canadian
759747,933,a10_14,f,onao_Canadian
13677,933,a40_44,f,onao_Canadian
126946,933,a45_49,f,eo_eeo_Ukrainian
359928,933,a10_14,m,onao_Canadian
697886,933,a0_4,m,onao_Canadian
158274,933,a30_34,f,onao_Canadian
758972,933,a10_14,f,ao_sao_ei
458003,933,a50_54,m,eo_weo_Dutch
34262,933,a75_79,m,onao_Canadian
559601,933,a45_49,f,naao
517938,933,a45_49,f,onao_Canadian
496987,933,a0_4,m,ao_esao_Chinese
567914,933,a50_54,m,ao_sao_ei
256396,933,a0_4,m,eo_weo_German
361414,933,a15_19,m,onao_Canadian
101192,933,a80_84,m,onao_Canadian
579643,933,a0_4,m,ao_esao_Filipino
