PPSORT,CMA,AGE,SEX,RACE,KOL,WORKLANG,MARST,DWEL,MOBL
581868,933,a70_74,f,ao_esao_Chinese,no.official_lang,work.no.official_lang,married,apartment,external.movers
847079,933,a50_54,f,ao_esao_Filipino,official_lang,work.official_lang,married,single.detached.house,non.movers
308878,933,a15_19,f,ao_esao_Chinese,official_lang,work.no.official_lang,no.married,apartment,non.movers
227649,933,a55_59,m,ao_esao_Chinese,official_lang,work.official_lang,married,single.detached.house,non.movers
403070,933,a50_54,m,onao_Canadian,official_lang,work.official_lang,married,single.detached.house,non.movers
238257,933,a0_4,f,ao_esao_Chinese,official_lang,work.no.official_lang,no.married,other.attached,non.movers
792563,933,a40_44,f,lcsao,official_lang,work.official_lang,married,single.detached.house,non.movers
356574,933,a45_49,m,oo,official_lang,work.no.official_lang,married,single.detached.house,non.movers
623844,933,a45_49,f,ao_osao,official_lang,work.official_lang,married,other.attached,non.movers
347969,933,a20_24,f,ao_esao_Chinese,official_lang,work.official_lang,no.married,apartment,non.movers
689966,933,a40_44,m,ao_oesao,official_lang,work.official_lang,no.married,apartment,non.movers
526445,933,a35_39,m,ao_esao_Chinese,official_lang,work.official_lang,married,single.detached.house,non.movers
592288,933,a15_19,f,ao_esao_Chinese,official_lang,work.no.official_lang,no.married,apartment,non.movers
249494,933,a50_54,m,eo_bio_English,official_lang,work.official_lang,married,single.detached.house,non.movers
838091,933,a20_24,m,ao_esao_Chinese,official_lang,work.no.official_lang,no.married,apartment,non.movers
841412,933,a15_19,m,ao_oesao,official_lang,work.official_lang,no.married,single.detached.house,non.movers
564736,933,a50_54,f,ao_esao_Chinese,official_lang,work.official_lang,married,single.detached.house,nonmigrants.movers
10067,933,a25_29,m,onao_Canadian,official_lang,work.no.official_lang,no.married,apartment,nonmigrants.movers
532393,933,a10_14,f,ao_oesao,official_lang,work.no.official_lang,no.married,other.attached,non.movers
874143,933,a10_14,f,lcsao,official_lang,work.no.official_lang,no.married,apartment,non.movers
735653,933,a35_39,f,eo_weo_Dutch,official_lang,work.official_lang,married,single.detached.house,non.movers
107839,933,a35_39,f,ao_sao_ei,official_lang,work.official_lang,married,single.detached.house,non.movers
671061,933,a40_44,f,ao_esao_Chinese,official_lang,work.official_lang,married,apartment,non.movers
91143,933,a65_69,m,ao_esao_Chinese,official_lang,work.no.official_lang,married,single.detached.house,external.movers
803614,933,a40_44,f,ao_esao_Filipino,official_lang,work.official_lang,married,single.detached.house,non.movers
245031,933,a20_24,m,eo_bio_English,official_lang,work.official_lang,no.married,other.attached,non.movers
201116,933,a80_84,m,eo_weo_German,official_lang,work.no.official_lang,married,single.detached.house,non.movers
55063,933,a0_4,f,ao_sao_ei,no.official_lang,work.no.official_lang,no.married,apartment,non.movers
377718,933,a50_54,f,ao_esao_Chinese,official_lang,work.official_lang,married,single.detached.house,non.movers
617891,933,a55_59,f,ao_esao_Chinese,official_lang,work.official_lang,no.married,apartment,non.movers
108916,933,a75_79,m,eo_oseo,official_lang,work.no.official_lang,married,apartment,non.movers
544509,933,a25_29,m,ao_sao_ei,official_lang,work.official_lang,no.married,apartment,nonmigrants.movers
323812,933,a15_19,m,ao_sao_ei,official_lang,work.no.official_lang,no.married,apartment,non.movers
72236,933,a30_34,f,onao_Canadian,official_lang,work.official_lang,living.common.law,single.detached.house,non.movers
235997,933,a40_44,f,ao_esao_Chinese,official_lang,work.official_lang,married,single.detached.house,non.movers
660392,933,a60_64,f,ao_oesao,official_lang,work.no.official_lang,married,apartment,non.movers
928451,933,a55_59,m,eo_bio_English,official_lang,work.no.official_lang,married,single.detached.house,non.movers
276411,933,a5_9,m,ao_esao_Chinese,official_lang,work.no.official_lang,no.married,apartment,non.movers
596967,933,a45_49,f,ao_esao_Chinese,official_lang,work.official_lang,married,single.detached.house,non.movers
357109,933,a70_74,f,ao_esao_Chinese,official_lang,work.no.official_lang,married,single.detached.house,non.movers
747375,933,a60_64,m,ao_esao_Chinese,no.official_lang,work.no.official_lang,married,other.attached,non.movers
93182,933,a45_49,f,eo_oweo,official_lang,work.no.official_lang,married,apartment,non.movers
30829,933,a40_44,f,eo_bio_English,official_lang,work.official_lang,married,single.detached.house,non.movers
726363,933,a70_74,f,ao_oesao,official_lang,work.no.official_lang,no.married,single.detached.house,non.movers
340185,933,a45_49,m,ao_esao_Chinese,no.official_lang,work.no.official_lang,married,apartment,external.movers
654412,933,a5_9,f,ao_oesao,official_lang,work.no.official_lang,no.married,other.attached,non.movers
878025,933,a25_29,m,ao_oesao,official_lang,work.official_lang,no.married,apartment,nonmigrants.movers
240816,933,a65_69,f,ao_esao_Chinese,no.official_lang,work.no.official_lang,married,apartment,non.movers
610287,933,a35_39,f,eo_eeo_Polish,official_lang,work.official_lang,married,other.attached,non.movers
475400,933,a45_49,f,ao_esao_Chinese,official_lang,work.official_lang,married,apartment,nonmigrants.movers
665402,933,a65_69,m,eo_oseo,official_lang,work.official_lang,married,apartment,non.movers
882475,933,a50_54,f,ao_esao_Chinese,official_lang,work.official_lang,married,single.detached.house,non.movers
133652,933,a60_64,f,ao_esao_Chinese,official_lang,work.no.official_lang,divorced,apartment,non.movers
47626,933,a70_74,f,ao_oesao,official_lang,work.no.official_lang,married,apartment,non.movers
11178,933,a25_29,m,ao_sao_ei,official_lang,work.official_lang,no.married,apartment,nonmigrants.movers
920428,933,a0_4,m,ao_esao_Chinese,no.official_lang,work.no.official_lang,no.married,single.detached.house,other.movers
927742,933,a35_39,m,ao_sao_ei,official_lang,work.official_lang,married,apartment,non.movers
269112,933,a20_24,m,ao_esao_Chinese,official_lang,work.official_lang,no.married,apartment,non.movers
916640,933,a20_24,f,ao_esao_Chinese,official_lang,work.official_lang,no.married,other.attached,non.movers
142462,933,a30_34,m,ao,official_lang,work.official_lang,no.married,other.attached,non.movers
613942,933,a65_69,m,onao_Canadian,official_lang,work.no.official_lang,no.married,apartment,non.movers
122715,933,a0_4,m,onao_Canadian,official_lang,work.no.official_lang,no.married,other.attached,non.movers
307929,933,a45_49,m,ao_sao_ei,official_lang,work.official_lang,married,apartment,non.movers
265302,933,a35_39,m,lcsao,official_lang,work.no.official_lang,married,apartment,non.movers
842424,933,a20_24,m,ao_sao_ei,official_lang,work.no.official_lang,no.married,single.detached.house,nonmigrants.movers
112980,933,a35_39,f,ao_esao_Chinese,official_lang,work.no.official_lang,no.married,single.detached.house,non.movers
218056,933,a30_34,f,ao_esao_Filipino,official_lang,work.no.official_lang,no.married,apartment,non.movers
173196,933,a35_39,f,ao_sao_ei,official_lang,work.official_lang,married,apartment,non.movers
619144,933,a25_29,f,ao_sao_ei,official_lang,work.official_lang,married,apartment,non.movers
439283,933,a20_24,f,eo_bio_Irish,official_lang,work.official_lang,no.married,apartment,non.movers
446521,933,a15_19,f,ao_esao_Filipino,official_lang,work.no.official_lang,no.married,other.attached,non.movers
761505,933,a70_74,m,ao_sao_ei,no.official_lang,work.no.official_lang,married,single.detached.house,non.movers
96104,933,a20_24,f,ao_esao_Chinese,official_lang,work.no.official_lang,no.married,apartment,nonmigrants.movers
179648,933,a40_44,f,eo_bio_English,official_lang,work.official_lang,married,other.attached,non.movers
43775,933,a40_44,m,eo_oeeo,official_lang,work.official_lang,married,apartment,non.movers
697789,933,a20_24,m,ao_sao_ei,official_lang,work.no.official_lang,no.married,apartment,non.movers
700206,933,a15_19,m,eo_seo_Greek,official_lang,work.no.official_lang,no.married,apartment,non.movers
179547,933,a80_84,f,ao_esao_Chinese,no.official_lang,work.no.official_lang,widowed,other.attached,non.movers
558414,933,a45_49,m,ao_esao_Chinese,official_lang,work.no.official_lang,no.married,single.detached.house,non.movers
422941,933,a60_64,m,eo_seo_Italian,official_lang,work.no.official_lang,married,single.detached.house,non.movers
908800,933,a30_34,m,ao_oesao,official_lang,work.official_lang,married,apartment,non.movers
109531,933,a30_34,f,ao_wcameo,official_lang,work.official_lang,no.married,apartment,non.movers
664108,933,a30_34,f,ao_oesao,official_lang,work.official_lang,no.married,apartment,non.movers
30066,933,a35_39,f,ao_esao_Chinese,official_lang,work.official_lang,married,other.attached,non.movers
519391,933,a25_29,m,ao_esao_Chinese,official_lang,work.official_lang,married,apartment,non.movers
816809,933,a45_49,f,ao_esao_Filipino,official_lang,work.official_lang,separated,apartment,non.movers
473830,933,a20_24,m,onao_Canadian,official_lang,work.official_lang,no.married,single.detached.house,non.movers
68466,933,a40_44,m,onao_Canadian,official_lang,work.official_lang,no.married,apartment,non.movers
892985,933,a20_24,f,ao_esao_Chinese,official_lang,work.official_lang,no.married,apartment,non.movers
757909,933,a35_39,f,ao_esao_Chinese,official_lang,work.official_lang,married,apartment,non.movers
250737,933,a25_29,f,ao_esao_Filipino,official_lang,work.official_lang,married,apartment,non.movers
883891,933,a20_24,m,ao_esao_Chinese,official_lang,work.no.official_lang,no.married,other.attached,nonmigrants.movers
191887,933,a35_39,m,eo_bio_English,official_lang,work.official_lang,no.married,apartment,non.movers
767529,933,a65_69,m,ao_esao_Chinese,no.official_lang,work.no.official_lang,married,apartment,non.movers
237366,933,a85_,f,eo_seo_Portuguese,official_lang,work.no.official_lang,married,apartment,non.movers
738897,933,a30_34,m,eo_weo_German,official_lang,work.official_lang,married,single.detached.house,non.movers
823314,933,a55_59,f,ao_esao_Filipino,official_lang,work.official_lang,married,other.attached,interprovincial.movers
100609,933,a15_19,m,ao_esao_Chinese,official_lang,work.no.official_lang,no.married,apartment,non.movers
373152,933,a10_14,m,ao_esao_Chinese,official_lang,work.no.official_lang,no.married,single.detached.house,non.movers
124775,933,a45_49,m,eo_weo_German,official_lang,work.official_lang,no.married,single.detached.house,non.movers
506308,933,a75_79,m,eo_oseo,official_lang,work.no.official_lang,married,single.detached.house,non.movers
392053,933,a30_34,m,onao_Canadian,official_lang,work.official_lang,no.married,apartment,non.movers
640081,933,a75_79,f,eo_eeo_Russian,no.official_lang,work.no.official_lang,widowed,apartment,non.movers
212427,933,a65_69,f,eo_neo,official_lang,work.official_lang,widowed,other.attached,non.movers
924129,933,a50_54,m,ao_wcameo,official_lang,work.official_lang,married,single.detached.house,non.movers
158043,933,a15_19,f,ao_esao_Filipino,official_lang,work.official_lang,no.married,other.attached,non.movers
627947,933,a25_29,f,ao_esao_Chinese,official_lang,work.official_lang,no.married,apartment,non.movers
498270,933,a75_79,m,ao_esao_Chinese,no.official_lang,work.no.official_lang,divorced,single.detached.house,non.movers
258777,933,a15_19,m,ao_sao_ei,official_lang,work.official_lang,no.married,apartment,non.movers
886536,933,a55_59,m,eo_eeo_Russian,official_lang,work.official_lang,married,apartment,non.movers
329218,933,a20_24,f,onao_Canadian,official_lang,work.official_lang,no.married,other.attached,nonmigrants.movers
651609,933,a30_34,f,ao_esao_Chinese,official_lang,work.no.official_lang,married,apartment,non.movers
913554,933,a15_19,m,eo_bio_English,official_lang,work.no.official_lang,no.married,single.detached.house,non.movers
800556,933,a30_34,m,ao_wcameo,official_lang,work.no.official_lang,married,apartment,external.movers
463285,933,a30_34,f,ao_esao_Chinese,official_lang,work.official_lang,married,other.attached,nonmigrants.movers
395953,933,a0_4,f,ao_esao_Chinese,official_lang,work.no.official_lang,no.married,single.detached.house,non.movers
705131,933,a30_34,m,ao_oesao,official_lang,work.official_lang,married,apartment,non.movers
432780,933,a0_4,f,ao_oesao,no.official_lang,work.no.official_lang,no.married,apartment,other.movers
485473,933,a30_34,f,ao_sao_ei,official_lang,work.official_lang,no.married,apartment,non.movers
109316,933,a25_29,f,ao_esao_Chinese,official_lang,work.no.official_lang,no.married,other.attached,nonmigrants.movers
25516,933,a30_34,m,eo_oeeo,official_lang,work.official_lang,married,apartment,non.movers
782348,933,a30_34,f,ao_esao_Chinese,official_lang,work.official_lang,married,single.detached.house,non.movers
716961,933,a5_9,m,ao_esao_Chinese,official_lang,work.no.official_lang,no.married,apartment,non.movers
683253,933,a80_84,m,ao_sao_ei,no.official_lang,work.no.official_lang,widowed,apartment,non.movers
477863,933,a70_74,f,ao_sao_ei,no.official_lang,work.no.official_lang,married,apartment,non.movers
508407,933,a35_39,m,ao_esao_Chinese,official_lang,work.official_lang,married,apartment,non.movers
825703,933,a75_79,m,eo_bio_English,official_lang,work.no.official_lang,married,single.detached.house,non.movers
542708,933,a10_14,f,ao_esao_Chinese,official_lang,work.no.official_lang,no.married,single.detached.house,non.movers
555166,933,a85_,m,eo_bio_Scottish,official_lang,work.no.official_lang,married,single.detached.house,non.movers
266220,933,a80_84,f,eo_weo_German,official_lang,work.no.official_lang,widowed,single.detached.house,non.movers
179974,933,a0_4,f,ao_sao_ei,official_lang,work.no.official_lang,no.married,apartment,non.movers
670806,933,a35_39,f,naao,official_lang,work.official_lang,divorced,apartment,non.movers
784721,933,a45_49,m,ao_esao_Filipino,official_lang,work.official_lang,married,apartment,non.movers
679354,933,a0_4,f,ao_sao_ei,official_lang,work.no.official_lang,no.married,apartment,non.movers
361075,933,a25_29,m,ao_sao_ei,official_lang,work.official_lang,no.married,single.detached.house,non.movers
691920,933,a5_9,f,eo_eeo_Russian,official_lang,work.no.official_lang,no.married,other.attached,non.movers
428752,933,a15_19,f,ao_oesao,official_lang,work.official_lang,no.married,other.attached,non.movers
573437,933,a30_34,m,ao_osao,official_lang,work.official_lang,married,single.detached.house,non.movers
138722,933,a0_4,m,ao_sao_ei,official_lang,work.no.official_lang,no.married,apartment,non.movers
700869,933,a40_44,f,eo_neo,official_lang,work.no.official_lang,married,single.detached.house,non.movers
643554,933,a45_49,m,ao_sao_ei,official_lang,work.official_lang,married,single.detached.house,non.movers
686827,933,a50_54,f,ao_sao_ei,official_lang,work.official_lang,married,apartment,non.movers
827950,933,a35_39,f,ao,official_lang,work.official_lang,married,apartment,interprovincial.movers
493704,933,a35_39,m,oo,official_lang,work.official_lang,divorced,apartment,non.movers
367923,933,a0_4,m,eo_bio_English,official_lang,work.no.official_lang,no.married,single.detached.house,non.movers
95179,933,a0_4,f,ao_esao_Chinese,official_lang,work.no.official_lang,no.married,other.attached,non.movers
822063,933,a15_19,f,ao_esao_Chinese,official_lang,work.no.official_lang,no.married,apartment,non.movers
705290,933,a20_24,m,ao_esao_Chinese,official_lang,work.official_lang,no.married,apartment,non.movers
590474,933,a20_24,m,ao_oesao,official_lang,work.official_lang,no.married,other.attached,non.movers
275017,933,a15_19,f,eo_bio_English,official_lang,work.official_lang,no.married,single.detached.house,non.movers
365137,933,a70_74,m,eo_bio_English,official_lang,work.no.official_lang,married,single.detached.house,non.movers
432012,933,a60_64,f,ao_sao_ei,official_lang,work.no.official_lang,divorced,single.detached.house,non.movers
906054,933,a20_24,m,ao_wcameo,official_lang,work.no.official_lang,no.married,other.attached,non.movers
718046,933,a55_59,m,ao_esao_Chinese,official_lang,work.official_lang,married,apartment,non.movers
209555,933,a35_39,f,lcsao,official_lang,work.official_lang,married,other.attached,non.movers
593312,933,a30_34,m,ao_wcameo,official_lang,work.official_lang,married,apartment,other.movers
813367,933,a55_59,m,ao_oesao,official_lang,work.official_lang,married,single.detached.house,non.movers
73867,933,a35_39,f,eo_oeo,official_lang,work.official_lang,married,apartment,non.movers
189661,933,a65_69,m,ao_esao_Chinese,official_lang,work.no.official_lang,married,single.detached.house,non.movers
484111,933,a45_49,f,ao,official_lang,work.official_lang,married,apartment,non.movers
349801,933,a50_54,m,ao_esao_Chinese,official_lang,work.official_lang,separated,apartment,other.movers
220983,933,a25_29,f,ao_esao_Chinese,official_lang,work.no.official_lang,married,single.detached.house,non.movers
80265,933,a10_14,m,ao_esao_Chinese,official_lang,work.no.official_lang,no.married,single.detached.house,non.movers
90871,933,a60_64,m,ao_sao_ei,official_lang,work.no.official_lang,married,apartment,other.movers
811177,933,a5_9,m,ao_oesao,official_lang,work.no.official_lang,no.married,other.attached,non.movers
841683,933,a5_9,m,ao_oesao,official_lang,work.no.official_lang,no.married,other.attached,non.movers
243274,933,a20_24,f,ao_esao_Chinese,official_lang,work.official_lang,no.married,single.detached.house,nonmigrants.movers
584728,933,a40_44,f,onao_Canadian,official_lang,work.official_lang,married,single.detached.house,non.movers
159641,933,a35_39,m,ao_wcameo,official_lang,work.official_lang,married,apartment,non.movers
33596,933,a30_34,m,onao_Canadian,official_lang,work.official_lang,married,single.detached.house,non.movers
217099,933,a45_49,m,eo_bio_English,official_lang,work.official_lang,married,single.detached.house,non.movers
337367,933,a45_49,m,ao_esao_Filipino,official_lang,work.no.official_lang,married,other.attached,nonmigrants.movers
500808,933,a30_34,f,onao_Canadian,official_lang,work.official_lang,married,apartment,non.movers
288137,933,a75_79,m,ao_esao_Chinese,official_lang,work.no.official_lang,married,single.detached.house,non.movers
327237,933,a25_29,f,ao_oesao,official_lang,work.official_lang,married,apartment,nonmigrants.movers
304751,933,a85_,f,ao_oesao,official_lang,work.no.official_lang,widowed,apartment,non.movers
33538,933,a60_64,f,eo_seo_Greek,official_lang,work.no.official_lang,married,single.detached.house,non.movers
29516,933,a15_19,f,ao_sao_ei,official_lang,work.no.official_lang,no.married,other.attached,non.movers
70622,933,a25_29,f,ao_esao_Chinese,official_lang,work.official_lang,no.married,apartment,non.movers
174505,933,a20_24,f,ao_esao_Chinese,official_lang,work.official_lang,no.married,apartment,non.movers
746588,933,a15_19,m,ao_esao_Filipino,official_lang,work.official_lang,no.married,other.attached,non.movers
829872,933,a5_9,f,ao_esao_Chinese,official_lang,work.no.official_lang,no.married,single.detached.house,non.movers
909340,933,a20_24,f,ao_oesao,official_lang,work.official_lang,no.married,apartment,nonmigrants.movers
477104,933,a60_64,m,eo_seo_Italian,official_lang,work.official_lang,married,single.detached.house,non.movers
780669,933,a15_19,f,ao_esao_Chinese,official_lang,work.official_lang,no.married,single.detached.house,non.movers
194963,933,a85_,f,ao_sao_ei,no.official_lang,work.no.official_lang,widowed,apartment,non.movers
781691,933,a60_64,f,onao,official_lang,work.official_lang,married,single.detached.house,non.movers
288521,933,a20_24,m,ao_esao_Filipino,official_lang,work.official_lang,no.married,apartment,nonmigrants.movers
913438,933,a60_64,m,onao_Canadian,official_lang,work.official_lang,no.married,apartment,non.movers
502564,933,a60_64,f,ao_sao_ei,no.official_lang,work.no.official_lang,married,apartment,non.movers
394370,933,a45_49,m,eo_bio_Scottish,official_lang,work.official_lang,no.married,apartment,nonmigrants.movers
587576,933,a20_24,m,onao_Canadian,official_lang,work.official_lang,no.married,single.detached.house,non.movers
182659,933,a20_24,f,ao_sao_ei,official_lang,work.official_lang,no.married,single.detached.house,non.movers
681272,933,a35_39,m,ao_esao_Chinese,official_lang,work.official_lang,married,single.detached.house,other.movers
242526,933,a40_44,m,ao_sao_ei,official_lang,work.official_lang,married,apartment,nonmigrants.movers
126676,933,a20_24,f,ao_osao,official_lang,work.official_lang,no.married,single.detached.house,non.movers
307041,933,a20_24,m,ao_wcameo,official_lang,work.no.official_lang,no.married,apartment,nonmigrants.movers
439995,933,a85_,f,eo_bio_English,official_lang,work.no.official_lang,no.married,single.detached.house,non.movers
137322,933,a60_64,m,eo_weo_German,official_lang,work.official_lang,married,apartment,non.movers
715125,933,a40_44,m,ao_esao_Chinese,official_lang,work.official_lang,married,apartment,non.movers
551663,933,a40_44,m,ao_esao_Filipino,official_lang,work.official_lang,married,apartment,non.movers
587653,933,a25_29,f,eo_bio_Irish,official_lang,work.official_lang,no.married,apartment,nonmigrants.movers
663797,933,a10_14,m,ao_esao_Chinese,official_lang,work.no.official_lang,no.married,apartment,non.movers
681216,933,a55_59,f,eo_seo_Spanish,official_lang,work.official_lang,married,other.attached,non.movers
86488,933,a15_19,f,onao_Canadian,official_lang,work.official_lang,no.married,other.attached,non.movers
638463,933,a20_24,f,ao_esao_Chinese,official_lang,work.official_lang,no.married,single.detached.house,non.movers
170371,933,a50_54,m,ao_esao_Filipino,official_lang,work.official_lang,married,single.detached.house,non.movers
159092,933,a0_4,f,ao_esao_Chinese,official_lang,work.no.official_lang,no.married,other.attached,non.movers
598122,933,a70_74,m,eo_bio_Scottish,official_lang,work.no.official_lang,married,other.attached,non.movers
467253,933,a5_9,m,ao_oesao,official_lang,work.no.official_lang,no.married,single.detached.house,non.movers
116846,933,a50_54,f,eo_bio_Scottish,official_lang,work.official_lang,married,apartment,non.movers
337910,933,a65_69,m,ao_esao_Chinese,no.official_lang,work.no.official_lang,married,apartment,non.movers
410570,933,a75_79,f,eo_seo_Portuguese,official_lang,work.no.official_lang,married,other.attached,non.movers
354825,933,a25_29,f,ao_esao_Chinese,official_lang,work.no.official_lang,married,apartment,other.movers
500152,933,a55_59,f,eo_weo_German,official_lang,work.official_lang,married,single.detached.house,non.movers
10782,933,a65_69,m,eo_neo,official_lang,work.no.official_lang,married,apartment,non.movers
842321,933,a10_14,m,eo_eeo_Ukrainian,official_lang,work.no.official_lang,no.married,single.detached.house,non.movers
107783,933,a10_14,f,ao_esao_Filipino,official_lang,work.no.official_lang,no.married,apartment,non.movers
38196,933,a15_19,f,ao_sao_ei,official_lang,work.official_lang,no.married,other.attached,non.movers
765964,933,a35_39,f,ao_sao_ei,official_lang,work.official_lang,married,single.detached.house,nonmigrants.movers
420726,933,a75_79,f,ao_sao_ei,no.official_lang,work.no.official_lang,married,apartment,non.movers
512745,933,a60_64,f,onao_Canadian,official_lang,work.official_lang,married,other.attached,non.movers
165682,933,a50_54,f,ao_sao_ei,official_lang,work.official_lang,married,single.detached.house,non.movers
111333,933,a10_14,m,onao_Canadian,official_lang,work.no.official_lang,no.married,single.detached.house,non.movers
843578,933,a65_69,m,ao_esao_Chinese,official_lang,work.no.official_lang,married,single.detached.house,non.movers
487401,933,a30_34,f,eo_obio,official_lang,work.official_lang,living.common.law,apartment,non.movers
57882,933,a50_54,m,eo_oseo,official_lang,work.official_lang,married,apartment,non.movers
918845,933,a35_39,f,eo_oseo,official_lang,work.official_lang,married,single.detached.house,non.movers
466178,933,a35_39,f,ao_esao_Chinese,official_lang,work.official_lang,married,single.detached.house,non.movers
58337,933,a35_39,f,ao_oesao,official_lang,work.official_lang,no.married,apartment,non.movers
563463,933,a60_64,m,ao_esao_Filipino,official_lang,work.no.official_lang,married,other.attached,non.movers
781521,933,a5_9,f,onao_Canadian,official_lang,work.no.official_lang,no.married,single.detached.house,non.movers
618375,933,a55_59,f,ao_sao_ei,official_lang,work.no.official_lang,divorced,single.detached.house,non.movers
40586,933,a25_29,f,ao_sao_ei,official_lang,work.official_lang,no.married,apartment,non.movers
713619,933,a15_19,f,onao_Canadian,official_lang,work.official_lang,no.married,apartment,nonmigrants.movers
753502,933,a25_29,f,ao_esao_Filipino,official_lang,work.no.official_lang,no.married,single.detached.house,non.movers
889590,933,a5_9,m,ao_sao_ei,official_lang,work.no.official_lang,no.married,apartment,non.movers
805990,933,a65_69,m,ao_sao_ei,official_lang,work.official_lang,married,single.detached.house,other.movers
834836,933,a10_14,m,ao_sao_ei,official_lang,work.no.official_lang,no.married,single.detached.house,nonmigrants.movers
258483,933,a35_39,m,ao_oesao,official_lang,work.official_lang,married,apartment,non.movers
355677,933,a55_59,f,ao_sao_ei,official_lang,work.official_lang,divorced,other.attached,non.movers
638079,933,a35_39,m,eo_oseo,official_lang,work.official_lang,married,apartment,non.movers
845592,933,a50_54,m,naao,official_lang,work.official_lang,divorced,apartment,non.movers
853492,933,a80_84,f,eo_bio_Scottish,official_lang,work.no.official_lang,married,single.detached.house,non.movers
468825,933,a10_14,m,eo_seo_Italian,official_lang,work.no.official_lang,no.married,single.detached.house,non.movers
232321,933,a15_19,m,ao_esao_Chinese,official_lang,work.no.official_lang,no.married,apartment,non.movers
16543,933,a10_14,m,ao_esao_Filipino,official_lang,work.no.official_lang,no.married,other.attached,non.movers
31816,933,a10_14,m,eo_oeeo,official_lang,work.no.official_lang,no.married,apartment,other.movers
677125,933,a35_39,m,onao_Canadian,official_lang,work.official_lang,no.married,apartment,nonmigrants.movers
275830,933,a70_74,m,ao_sao_ei,official_lang,work.no.official_lang,married,apartment,other.movers
138964,933,a55_59,f,ao_esao_Filipino,official_lang,work.official_lang,married,apartment,non.movers
495733,933,a55_59,m,ao_oesao,official_lang,work.official_lang,married,single.detached.house,non.movers
832517,933,a50_54,f,onao_Canadian,official_lang,work.official_lang,married,single.detached.house,non.movers
742384,933,a35_39,m,eo_seo_Greek,official_lang,work.official_lang,no.married,apartment,non.movers
723451,933,a5_9,f,ao_esao_Chinese,official_lang,work.no.official_lang,no.married,apartment,other.movers
732976,933,a30_34,m,ao_sao_ei,official_lang,work.official_lang,married,apartment,nonmigrants.movers
522873,933,a25_29,m,onao_Canadian,official_lang,work.official_lang,no.married,apartment,nonmigrants.movers
189617,933,a50_54,m,ao_esao_Filipino,official_lang,work.official_lang,married,apartment,non.movers
145098,933,a25_29,f,eo_seo_Italian,official_lang,work.official_lang,no.married,apartment,interprovincial.movers
675115,933,a25_29,m,eo_oeeo,official_lang,work.official_lang,living.common.law,apartment,non.movers
141614,933,a65_69,f,eo_seo_Italian,official_lang,work.no.official_lang,widowed,apartment,non.movers
489699,933,a55_59,m,ao_esao_Chinese,official_lang,work.official_lang,married,other.attached,non.movers
203684,933,a15_19,f,ao_esao_Chinese,official_lang,work.official_lang,no.married,apartment,non.movers
914071,933,a50_54,f,onao_Canadian,official_lang,work.official_lang,no.married,apartment,non.movers
41780,933,a15_19,f,eo_bio_English,official_lang,work.official_lang,no.married,single.detached.house,non.movers
724213,933,a20_24,m,ao_sao_ei,official_lang,work.official_lang,no.married,apartment,other.movers
509272,933,a25_29,m,eo_eeo_Polish,official_lang,work.no.official_lang,no.married,single.detached.house,non.movers
824278,933,a70_74,m,eo_bio_Scottish,official_lang,work.no.official_lang,married,apartment,nonmigrants.movers
399033,933,a15_19,m,ao_esao_Chinese,official_lang,work.no.official_lang,no.married,apartment,non.movers
755947,933,a25_29,f,eo_oseo,official_lang,work.official_lang,no.married,apartment,nonmigrants.movers
561050,933,a50_54,f,eo_eeo_Polish,official_lang,work.official_lang,married,other.attached,non.movers
708075,933,a10_14,m,ao_esao_Chinese,official_lang,work.no.official_lang,no.married,apartment,non.movers
34950,933,a75_79,f,eo_seo_Italian,official_lang,work.official_lang,widowed,apartment,non.movers
457458,933,a40_44,m,ao_sao_ei,official_lang,work.official_lang,married,apartment,non.movers
657746,933,a55_59,f,ao_esao_Chinese,official_lang,work.official_lang,married,other.attached,non.movers
826635,933,a30_34,m,ao_esao_Chinese,official_lang,work.official_lang,married,apartment,non.movers
414081,933,a50_54,f,eo_bio_Scottish,official_lang,work.official_lang,no.married,apartment,non.movers
338647,933,a60_64,m,ao_oesao,official_lang,work.official_lang,married,other.attached,non.movers
772381,933,a40_44,m,eo_bio_English,official_lang,work.official_lang,divorced,apartment,non.movers
447060,933,a15_19,f,ao_esao_Chinese,official_lang,work.official_lang,no.married,single.detached.house,non.movers
536317,933,a20_24,f,onao_Canadian,official_lang,work.no.official_lang,no.married,apartment,non.movers
588558,933,a20_24,m,ao_esao_Filipino,official_lang,work.official_lang,no.married,apartment,non.movers
210361,933,a65_69,m,eo_eeo_Polish,official_lang,work.no.official_lang,divorced,apartment,nonmigrants.movers
681937,933,a10_14,f,ao_oesao,official_lang,work.no.official_lang,no.married,apartment,non.movers
488378,933,a50_54,f,ao_oesao,official_lang,work.no.official_lang,divorced,apartment,non.movers
1192,933,a75_79,f,eo_bio_English,official_lang,work.no.official_lang,living.common.law,apartment,non.movers
835178,933,a40_44,m,ao_sao_ei,official_lang,work.official_lang,married,apartment,interprovincial.movers
340037,933,a40_44,m,eo_seo_Italian,official_lang,work.official_lang,divorced,single.detached.house,non.movers
902504,933,a15_19,f,eo_eeo_Polish,official_lang,work.no.official_lang,no.married,other.attached,non.movers
408668,933,a55_59,m,eo_weo_German,official_lang,work.official_lang,married,apartment,non.movers
678233,933,a50_54,f,ao_sao_ei,official_lang,work.no.official_lang,married,apartment,non.movers
662332,933,a25_29,f,eo_eeo_Russian,official_lang,work.official_lang,married,apartment,non.movers
414468,933,a55_59,f,onao_Canadian,official_lang,work.no.official_lang,divorced,single.detached.house,non.movers
202626,933,a35_39,m,ao_oesao,official_lang,work.official_lang,no.married,apartment,non.movers
541395,933,a70_74,m,ao_esao_Chinese,no.official_lang,work.no.official_lang,married,single.detached.house,non.movers
414468,933,a55_59,f,onao_Canadian,official_lang,work.no.official_lang,divorced,single.detached.house,non.movers
885435,933,a85_,f,ao_sao_ei,official_lang,work.no.official_lang,widowed,single.detached.house,non.movers
248016,933,a30_34,f,ao_esao_Chinese,official_lang,work.official_lang,no.married,apartment,non.movers
122448,933,a30_34,f,ao_osao,official_lang,work.official_lang,married,apartment,non.movers
202002,933,a15_19,f,ao_esao_Chinese,official_lang,work.no.official_lang,no.married,apartment,nonmigrants.movers
123603,933,a15_19,f,eo_seo_Italian,official_lang,work.official_lang,no.married,single.detached.house,non.movers
671940,933,a70_74,m,ao_esao_Chinese,official_lang,work.no.official_lang,living.common.law,other.attached,non.movers
452218,933,a5_9,f,ao_esao_Chinese,official_lang,work.no.official_lang,no.married,single.detached.house,non.movers
811751,933,a5_9,m,ao_sao_ei,official_lang,work.no.official_lang,no.married,apartment,non.movers
128508,933,a35_39,f,ao_esao_Filipino,official_lang,work.official_lang,married,apartment,non.movers
764838,933,a35_39,m,ao_wcameo,official_lang,work.official_lang,married,apartment,non.movers
864510,933,a55_59,f,ao_oesao,official_lang,work.official_lang,no.married,apartment,non.movers
282231,933,a5_9,m,ao_esao_Filipino,official_lang,work.no.official_lang,no.married,apartment,non.movers
452218,933,a5_9,f,ao_esao_Chinese,official_lang,work.no.official_lang,no.married,single.detached.house,non.movers
477000,933,a35_39,m,eo_seo_Spanish,official_lang,work.official_lang,no.married,other.attached,non.movers
470121,933,a30_34,f,eo_bio_English,official_lang,work.official_lang,no.married,apartment,non.movers
161262,933,a25_29,m,ao_sao_ei,official_lang,work.official_lang,no.married,apartment,non.movers
279128,933,a45_49,m,ao_esao_Chinese,no.official_lang,work.no.official_lang,married,single.detached.house,external.movers
418261,933,a25_29,m,ao_esao_Chinese,official_lang,work.official_lang,no.married,single.detached.house,non.movers
310170,933,a20_24,f,ao_esao_Chinese,official_lang,work.official_lang,no.married,apartment,non.movers
370535,933,a45_49,f,eo_bio_Scottish,official_lang,work.official_lang,married,single.detached.house,non.movers
310403,933,a30_34,f,ao_esao_Chinese,official_lang,work.official_lang,no.married,apartment,other.movers
137206,933,a20_24,f,ao_sao_ei,official_lang,work.official_lang,no.married,apartment,non.movers
635704,933,a25_29,m,eo_neo,official_lang,work.official_lang,no.married,apartment,nonmigrants.movers
466488,933,a80_84,f,eo_bio_Scottish,official_lang,work.no.official_lang,divorced,apartment,non.movers
344232,933,a80_84,m,ao_esao_Chinese,official_lang,work.no.official_lang,married,apartment,non.movers
716123,933,a55_59,m,ao_sao_ei,no.official_lang,work.no.official_lang,married,single.detached.house,non.movers
836263,933,a35_39,m,ao_osao,official_lang,work.official_lang,living.common.law,apartment,non.movers
250500,933,a60_64,m,ao_esao_Chinese,no.official_lang,work.official_lang,divorced,apartment,non.movers
729059,933,a55_59,f,ao_osao,no.official_lang,work.no.official_lang,widowed,apartment,non.movers
874070,933,a0_4,f,onao_Canadian,official_lang,work.no.official_lang,no.married,single.detached.house,other.movers
133635,933,a35_39,f,eo_seo_Italian,official_lang,work.official_lang,married,apartment,non.movers
230607,933,a35_39,f,ao_esao_Chinese,official_lang,work.official_lang,married,single.detached.house,non.movers
146625,933,a60_64,m,ao_oesao,official_lang,work.no.official_lang,married,apartment,non.movers
253274,933,a25_29,m,lcsao,official_lang,work.no.official_lang,no.married,apartment,external.movers
68253,933,a50_54,m,onao_Canadian,official_lang,work.official_lang,separated,apartment,nonmigrants.movers
756401,933,a30_34,f,eo_bio_English,official_lang,work.official_lang,living.common.law,apartment,nonmigrants.movers
193233,933,a45_49,f,lcsao,official_lang,work.official_lang,married,apartment,non.movers
804726,933,a75_79,f,ao_oesao,no.official_lang,work.no.official_lang,married,apartment,non.movers
170559,933,a45_49,f,ao_sao_ei,official_lang,work.official_lang,married,apartment,non.movers
133863,933,a40_44,m,ao_sao_ei,official_lang,work.official_lang,married,single.detached.house,non.movers
590546,933,a80_84,f,ao_esao_Filipino,official_lang,work.no.official_lang,widowed,other.attached,non.movers
922533,933,a15_19,f,ao_esao_Chinese,official_lang,work.no.official_lang,married,apartment,interprovincial.movers
816865,933,a55_59,m,lcsao,official_lang,work.official_lang,divorced,apartment,other.movers
205786,933,a85_,f,onao_Canadian,official_lang,work.no.official_lang,widowed,apartment,non.movers
830327,933,a70_74,m,ao_osao,official_lang,work.no.official_lang,married,apartment,non.movers
753801,933,a5_9,f,ao_osao,official_lang,work.no.official_lang,no.married,apartment,nonmigrants.movers
158323,933,a25_29,m,ao_esao_Filipino,official_lang,work.no.official_lang,married,apartment,external.movers
462969,933,a60_64,m,eo_bio_Scottish,official_lang,work.no.official_lang,married,single.detached.house,non.movers
677901,933,a30_34,m,eo_weo_German,official_lang,work.official_lang,living.common.law,single.detached.house,non.movers
595480,933,a60_64,m,ao_esao_Chinese,official_lang,work.official_lang,married,apartment,non.movers
476018,933,a15_19,f,eo_fo,official_lang,work.no.official_lang,no.married,other.attached,non.movers
589266,933,a20_24,f,ao_sao_ei,official_lang,work.official_lang,no.married,apartment,non.movers
91874,933,a65_69,f,eo_bio_Scottish,official_lang,work.no.official_lang,widowed,single.detached.house,non.movers
785151,933,a5_9,m,onao_Canadian,official_lang,work.no.official_lang,no.married,other.attached,non.movers
358928,933,a45_49,m,ao_esao_Chinese,official_lang,work.official_lang,married,apartment,non.movers
57505,933,a40_44,f,ao_esao_Filipino,official_lang,work.official_lang,no.married,apartment,non.movers
580105,933,a20_24,f,ao_esao_Chinese,official_lang,work.official_lang,no.married,apartment,non.movers
278177,933,a65_69,m,ao_esao_Chinese,official_lang,work.no.official_lang,married,apartment,non.movers
794291,933,a85_,f,ao_esao_Chinese,official_lang,work.no.official_lang,widowed,apartment,non.movers
182159,933,a50_54,m,eo_bio_Scottish,official_lang,work.official_lang,divorced,apartment,non.movers
872137,933,a25_29,f,ao_oesao,official_lang,work.official_lang,no.married,single.detached.house,non.movers
735653,933,a35_39,f,eo_weo_Dutch,official_lang,work.official_lang,married,single.detached.house,non.movers
581217,933,a25_29,m,ao_esao_Chinese,official_lang,work.official_lang,no.married,single.detached.house,non.movers
863692,933,a65_69,m,eo_eeo_Polish,official_lang,work.no.official_lang,divorced,apartment,non.movers
632942,933,a25_29,m,onao_Canadian,official_lang,work.official_lang,living.common.law,apartment,nonmigrants.movers
381466,933,a60_64,f,ao_esao_Chinese,no.official_lang,work.no.official_lang,married,other.attached,non.movers
659920,933,a20_24,m,ao_wcameo,official_lang,work.official_lang,no.married,apartment,non.movers
748739,933,a35_39,m,ao_osao,official_lang,work.official_lang,married,other.attached,non.movers
788706,933,a55_59,f,ao_wcameo,official_lang,work.official_lang,separated,apartment,non.movers
323101,933,a75_79,f,ao_wcameo,no.official_lang,work.no.official_lang,widowed,single.detached.house,non.movers
787860,933,a5_9,m,ao_esao_Filipino,official_lang,work.no.official_lang,no.married,apartment,other.movers
177571,933,a55_59,f,ao_esao_Chinese,official_lang,work.official_lang,married,apartment,non.movers
568334,933,a50_54,m,onao_Canadian,official_lang,work.official_lang,married,single.detached.house,non.movers
249371,933,a55_59,m,ao_sao_ei,official_lang,work.official_lang,married,apartment,non.movers
310173,933,a50_54,m,ao_esao_Chinese,official_lang,work.official_lang,married,apartment,non.movers
708693,933,a75_79,m,ao_sao_ei,no.official_lang,work.no.official_lang,married,apartment,non.movers
707591,933,a25_29,m,ao_esao_Chinese,no.official_lang,work.no.official_lang,married,apartment,external.movers
315366,933,a55_59,m,ao_wcameo,official_lang,work.official_lang,married,apartment,non.movers
641357,933,a5_9,f,eo_oseo,official_lang,work.no.official_lang,no.married,apartment,non.movers
248648,933,a35_39,m,ao_sao_ei,official_lang,work.official_lang,married,other.attached,non.movers
668841,933,a55_59,m,eo_bio_English,official_lang,work.official_lang,divorced,single.detached.house,non.movers
134473,933,a35_39,m,ao_sao_ei,official_lang,work.official_lang,married,single.detached.house,other.movers
499285,933,a80_84,f,eo_weo_German,official_lang,work.no.official_lang,married,apartment,non.movers
519193,933,a5_9,m,naao,official_lang,work.no.official_lang,no.married,apartment,non.movers
104870,933,a15_19,f,onao_Canadian,official_lang,work.no.official_lang,no.married,single.detached.house,non.movers
405216,933,a50_54,m,ao,official_lang,work.no.official_lang,no.married,apartment,non.movers
577977,933,a5_9,m,ao_esao_Chinese,official_lang,work.no.official_lang,no.married,other.attached,non.movers
445764,933,a40_44,f,ao_esao_Chinese,official_lang,work.official_lang,married,single.detached.house,non.movers
532392,933,a5_9,f,eo_oseo,official_lang,work.no.official_lang,no.married,other.attached,non.movers
576243,933,a30_34,f,ao_oesao,official_lang,work.official_lang,living.common.law,apartment,other.movers
365771,933,a65_69,m,onao_Canadian,official_lang,work.official_lang,living.common.law,apartment,non.movers
581682,933,a30_34,m,ao_oesao,official_lang,work.no.official_lang,no.married,single.detached.house,non.movers
260063,933,a55_59,f,onao_Canadian,official_lang,work.no.official_lang,no.married,single.detached.house,non.movers
798642,933,a15_19,m,onao_Canadian,official_lang,work.official_lang,no.married,single.detached.house,non.movers
331802,933,a15_19,m,ao_wcameo,official_lang,work.no.official_lang,no.married,apartment,external.movers
758504,933,a15_19,f,eo_seo_Italian,official_lang,work.no.official_lang,no.married,apartment,non.movers
613060,933,a50_54,m,ao_esao_Chinese,official_lang,work.official_lang,married,single.detached.house,non.movers
294350,933,a10_14,m,ao_osao,official_lang,work.no.official_lang,no.married,apartment,non.movers
213731,933,a40_44,f,ao_esao_Filipino,official_lang,work.official_lang,married,apartment,nonmigrants.movers
926038,933,a15_19,m,ao_sao_ei,official_lang,work.no.official_lang,no.married,apartment,external.movers
258604,933,a65_69,f,eo_bio_English,official_lang,work.no.official_lang,married,single.detached.house,non.movers
927742,933,a35_39,m,ao_sao_ei,official_lang,work.official_lang,married,apartment,non.movers
115111,933,a30_34,m,ao_wcameo,official_lang,work.official_lang,married,apartment,non.movers
425449,933,a50_54,m,eo_bio_Irish,official_lang,work.official_lang,living.common.law,single.detached.house,non.movers
57651,933,a80_84,f,ao_esao_Chinese,official_lang,work.no.official_lang,widowed,apartment,non.movers
515559,933,a30_34,m,ao_esao_Filipino,official_lang,work.official_lang,married,apartment,non.movers
459289,933,a65_69,f,ao_esao_Chinese,official_lang,work.no.official_lang,no.married,apartment,non.movers
826402,933,a25_29,f,ao_esao_Chinese,official_lang,work.official_lang,married,apartment,non.movers
697958,933,a15_19,f,ao_esao_Chinese,official_lang,work.no.official_lang,no.married,single.detached.house,non.movers
