PPSORT,CMA,AGE,SEX,RACE,KOL,WORKLANG,MARST,DWEL,MOBL
157326,933,a10_14,m,eo_seo_Italian,official_lang,work.no.official_lang,no.married,single.detached.house,non.movers
540130,933,a35_39,f,eo_fo,official_lang,work.official_lang,living.common.law,apartment,non.movers
549400,933,a35_39,f,ao_esao_Chinese,official_lang,work.official_lang,divorced,other.attached,non.movers
76573,933,a55_59,m,ao_sao_ei,official_lang,work.official_lang,married,single.detached.house,non.movers
541768,933,a50_54,m,ao_esao_Chinese,no.official_lang,work.no.official_lang,married,apartment,non.movers
135974,933,a0_4,m,ao_osao,official_lang,work.no.official_lang,no.married,single.detached.house,non.movers
526268,933,a0_4,f,ao_esao_Chinese,no.official_lang,work.no.official_lang,no.married,single.detached.house,non.movers
832410,933,a25_29,m,ao_oesao,official_lang,work.official_lang,no.married,other.attached,non.movers
380989,933,a30_34,f,ao_esao_Filipino,official_lang,work.no.official_lang,no.married,other.attached,non.movers
99007,933,a35_39,m,ao_oesao,no.official_lang,work.official_lang,married,apartment,non.movers
594868,933,a25_29,m,ao_esao_Chinese,official_lang,work.official_lang,married,single.detached.house,non.movers
77059,933,a55_59,m,eo_neo,official_lang,work.official_lang,married,single.detached.house,non.movers
710083,933,a25_29,m,eo_neo,official_lang,work.official_lang,living.common.law,apartment,non.movers
222260,933,a65_69,m,eo_bio_English,official_lang,work.no.official_lang,married,apartment,non.movers
926851,933,a55_59,f,eo_seo_Greek,official_lang,work.official_lang,living.common.law,single.detached.house,non.movers
193396,933,a0_4,m,ao_sao_ei,official_lang,work.no.official_lang,no.married,single.detached.house,other.movers
301302,933,a50_54,f,ao_esao_Chinese,no.official_lang,work.no.official_lang,married,single.detached.house,non.movers
341728,933,a25_29,m,ao_esao_Chinese,official_lang,work.official_lang,no.married,apartment,non.movers
306343,933,a65_69,f,eo_eeo_Ukrainian,official_lang,work.no.official_lang,no.married,apartment,non.movers
107456,933,a55_59,f,eo_eeo_Hungarian,official_lang,work.official_lang,widowed,apartment,non.movers
771893,933,a70_74,m,eo_bio_English,official_lang,work.official_lang,married,single.detached.house,non.movers
71215,933,a70_74,f,ao_esao_Chinese,no.official_lang,work.no.official_lang,married,apartment,non.movers
172597,933,a40_44,f,eo_oeeo,official_lang,work.official_lang,separated,single.detached.house,non.movers
192882,933,a35_39,m,ao_esao_Chinese,official_lang,work.no.official_lang,no.married,apartment,non.movers
377027,933,a30_34,m,ao_sao_ei,official_lang,work.official_lang,no.married,other.attached,non.movers
460915,933,a15_19,m,ao_esao_Chinese,official_lang,work.no.official_lang,no.married,single.detached.house,non.movers
436845,933,a50_54,f,ao_esao_Chinese,official_lang,work.official_lang,married,apartment,non.movers
924351,933,a45_49,m,eo_oseo,official_lang,work.official_lang,married,apartment,non.movers
736360,933,a70_74,m,eo_weo_German,official_lang,work.official_lang,widowed,apartment,non.movers
189617,933,a50_54,m,ao_esao_Filipino,official_lang,work.official_lang,married,apartment,non.movers
438549,933,a45_49,f,ao_esao_Chinese,official_lang,work.no.official_lang,married,single.detached.house,non.movers
215817,933,a25_29,m,ao_esao_Chinese,official_lang,work.official_lang,no.married,single.detached.house,non.movers
503193,933,a0_4,m,ao_sao_ei,official_lang,work.no.official_lang,no.married,apartment,non.movers
859806,933,a65_69,m,eo_eeo_Polish,official_lang,work.no.official_lang,married,apartment,non.movers
9787,933,a0_4,m,onao_Canadian,official_lang,work.no.official_lang,no.married,single.detached.house,non.movers
222574,933,a10_14,m,eo_seo_Italian,official_lang,work.no.official_lang,no.married,single.detached.house,nonmigrants.movers
886422,933,a25_29,f,onao_Canadian,official_lang,work.official_lang,living.common.law,apartment,non.movers
903441,933,a20_24,f,eo_weo_German,official_lang,work.official_lang,no.married,apartment,nonmigrants.movers
751517,933,a40_44,f,eo_eeo_Ukrainian,official_lang,work.official_lang,married,apartment,non.movers
799145,933,a70_74,m,ao_sao_ei,no.official_lang,work.no.official_lang,married,apartment,non.movers
34449,933,a55_59,m,ao_sao_ei,official_lang,work.official_lang,married,apartment,non.movers
785056,933,a30_34,m,ao_wcameo,official_lang,work.official_lang,no.married,other.attached,nonmigrants.movers
732209,933,a55_59,f,eo_seo_Italian,official_lang,work.official_lang,married,apartment,non.movers
439213,933,a45_49,m,eo_eeo_Russian,official_lang,work.official_lang,married,single.detached.house,non.movers
415358,933,a10_14,f,ao_esao_Chinese,official_lang,work.no.official_lang,no.married,single.detached.house,non.movers
642475,933,a40_44,m,ao_sao_ei,official_lang,work.official_lang,married,single.detached.house,non.movers
720737,933,a50_54,f,eo_bio_English,official_lang,work.official_lang,married,single.detached.house,non.movers
794899,933,a55_59,f,ao_oesao,official_lang,work.official_lang,married,other.attached,non.movers
6965,933,a40_44,m,ao_wcameo,official_lang,work.official_lang,no.married,apartment,non.movers
247947,933,a55_59,m,onao_Canadian,official_lang,work.no.official_lang,no.married,apartment,non.movers
298308,933,a5_9,m,ao_oesao,official_lang,work.no.official_lang,no.married,apartment,nonmigrants.movers
250276,933,a55_59,f,eo_bio_Irish,official_lang,work.no.official_lang,married,apartment,non.movers
468104,933,a50_54,f,ao_esao_Chinese,no.official_lang,work.no.official_lang,divorced,apartment,non.movers
773783,933,a55_59,m,eo_oweo,official_lang,work.official_lang,divorced,other.attached,non.movers
202289,933,a30_34,f,ao_esao_Chinese,official_lang,work.no.official_lang,married,single.detached.house,non.movers
394227,933,a10_14,f,ao_esao_Chinese,official_lang,work.no.official_lang,no.married,single.detached.house,non.movers
24398,933,a35_39,m,eo_seo_Greek,official_lang,work.official_lang,divorced,apartment,non.movers
659920,933,a20_24,m,ao_wcameo,official_lang,work.official_lang,no.married,apartment,non.movers
451507,933,a15_19,m,ao_esao_Filipino,official_lang,work.no.official_lang,no.married,other.attached,non.movers
651668,933,a80_84,f,eo_weo_Dutch,official_lang,work.no.official_lang,married,apartment,non.movers
517343,933,a10_14,m,onao_Canadian,official_lang,work.no.official_lang,no.married,single.detached.house,non.movers
867622,933,a40_44,m,eo_eeo_Ukrainian,official_lang,work.official_lang,married,single.detached.house,non.movers
216919,933,a15_19,m,ao_sao_ei,official_lang,work.official_lang,no.married,apartment,non.movers
289143,933,a35_39,m,ao_esao_Chinese,official_lang,work.official_lang,married,apartment,nonmigrants.movers
43705,933,a15_19,f,ao_sao_ei,official_lang,work.no.official_lang,no.married,apartment,non.movers
482824,933,a15_19,m,ao_esao_Chinese,official_lang,work.no.official_lang,no.married,single.detached.house,non.movers
758036,933,a50_54,m,eo_bio_English,official_lang,work.official_lang,married,single.detached.house,non.movers
170875,933,a75_79,f,eo_seo_Italian,no.official_lang,work.no.official_lang,widowed,single.detached.house,non.movers
544924,933,a55_59,f,eo_eeo_Polish,official_lang,work.official_lang,no.married,single.detached.house,non.movers
738572,933,a50_54,f,ao_esao_Filipino,official_lang,work.official_lang,divorced,apartment,non.movers
322270,933,a30_34,m,ao_esao_Filipino,official_lang,work.official_lang,married,other.attached,nonmigrants.movers
700215,933,a20_24,m,naao,official_lang,work.official_lang,widowed,apartment,non.movers
300279,933,a10_14,m,ao_oesao,official_lang,work.no.official_lang,no.married,apartment,external.movers
538430,933,a35_39,m,eo_bio_Irish,official_lang,work.official_lang,living.common.law,apartment,non.movers
554063,933,a30_34,f,ao_esao_Chinese,official_lang,work.official_lang,married,other.attached,non.movers
708149,933,a30_34,f,ao_esao_Filipino,official_lang,work.official_lang,married,other.attached,non.movers
747675,933,a65_69,f,ao_sao_ei,official_lang,work.official_lang,married,single.detached.house,non.movers
207825,933,a20_24,m,ao_oesao,official_lang,work.official_lang,no.married,other.attached,non.movers
563606,933,a50_54,f,ao_wcameo,official_lang,work.official_lang,divorced,apartment,non.movers
356343,933,a25_29,m,ao_wcameo,official_lang,work.official_lang,no.married,other.attached,non.movers
262603,933,a0_4,m,ao_sao_ei,official_lang,work.no.official_lang,no.married,apartment,other.movers
775856,933,a5_9,m,ao_sao_ei,official_lang,work.no.official_lang,no.married,single.detached.house,non.movers
528682,933,a55_59,f,ao_wcameo,official_lang,work.official_lang,married,apartment,non.movers
197056,933,a60_64,f,eo_bio_English,official_lang,work.no.official_lang,no.married,apartment,non.movers
562430,933,a30_34,f,ao_oesao,official_lang,work.no.official_lang,divorced,apartment,nonmigrants.movers
88281,933,a20_24,f,ao_esao_Chinese,official_lang,work.official_lang,no.married,apartment,non.movers
192706,933,a40_44,f,ao_esao_Chinese,official_lang,work.no.official_lang,divorced,apartment,non.movers
537249,933,a50_54,f,ao_esao_Filipino,official_lang,work.official_lang,married,apartment,non.movers
921181,933,a65_69,m,ao_sao_ei,no.official_lang,work.no.official_lang,married,apartment,non.movers
885903,933,a45_49,m,ao_wcameo,official_lang,work.official_lang,married,apartment,non.movers
345169,933,a25_29,f,ao_esao_Chinese,official_lang,work.official_lang,no.married,single.detached.house,non.movers
182666,933,a55_59,f,eo_oeo,official_lang,work.no.official_lang,married,apartment,non.movers
876323,933,a45_49,m,ao_esao_Chinese,official_lang,work.no.official_lang,married,apartment,non.movers
382448,933,a60_64,m,onao_Canadian,official_lang,work.official_lang,married,single.detached.house,non.movers
580551,933,a85_,f,eo_oeo,official_lang,work.no.official_lang,divorced,apartment,non.movers
728857,933,a40_44,m,ao_esao_Chinese,official_lang,work.no.official_lang,married,apartment,non.movers
513444,933,a0_4,f,ao_esao_Chinese,official_lang,work.no.official_lang,no.married,other.attached,non.movers
325505,933,a55_59,f,eo_bio_English,official_lang,work.official_lang,married,single.detached.house,non.movers
705985,933,a5_9,f,eo_oeo,official_lang,work.no.official_lang,no.married,single.detached.house,non.movers
82340,933,a30_34,f,ao_esao_Chinese,official_lang,work.no.official_lang,married,other.attached,nonmigrants.movers
59387,933,a20_24,f,eo_seo_Spanish,official_lang,work.official_lang,no.married,single.detached.house,non.movers
470232,933,a45_49,m,eo_bio_Scottish,official_lang,work.official_lang,married,single.detached.house,non.movers
806679,933,a45_49,m,ao_esao_Chinese,official_lang,work.no.official_lang,married,other.attached,non.movers
81955,933,a55_59,m,ao_sao_ei,official_lang,work.no.official_lang,married,apartment,non.movers
582149,933,a15_19,f,ao_oesao,official_lang,work.official_lang,no.married,apartment,non.movers
827350,933,a40_44,m,eo_weo_German,official_lang,work.official_lang,married,single.detached.house,non.movers
365948,933,a35_39,f,ao_esao_Chinese,official_lang,work.official_lang,no.married,apartment,non.movers
378414,933,a55_59,f,ao_esao_Filipino,official_lang,work.official_lang,married,apartment,non.movers
786711,933,a35_39,m,eo_bio_English,official_lang,work.official_lang,married,apartment,non.movers
333652,933,a60_64,m,ao_esao_Chinese,official_lang,work.official_lang,married,single.detached.house,non.movers
117376,933,a60_64,m,eo_fo,official_lang,work.official_lang,married,single.detached.house,non.movers
363969,933,a45_49,m,eo_oseo,official_lang,work.official_lang,no.married,apartment,non.movers
668121,933,a35_39,m,lcsao,official_lang,work.official_lang,married,single.detached.house,non.movers
697144,933,a35_39,m,ao_wcameo,official_lang,work.official_lang,married,single.detached.house,non.movers
63287,933,a50_54,m,eo_oseo,official_lang,work.official_lang,married,apartment,non.movers
9247,933,a35_39,m,ao_osao,official_lang,work.no.official_lang,married,single.detached.house,non.movers
197261,933,a30_34,m,ao_esao_Chinese,official_lang,work.official_lang,no.married,apartment,non.movers
220590,933,a40_44,f,eo_weo_German,official_lang,work.official_lang,married,apartment,non.movers
690630,933,a15_19,f,ao_esao_Filipino,official_lang,work.no.official_lang,no.married,apartment,non.movers
93622,933,a65_69,m,eo_eeo_Russian,official_lang,work.no.official_lang,married,single.detached.house,non.movers
533393,933,a65_69,m,eo_oeo,official_lang,work.official_lang,married,single.detached.house,non.movers
918714,933,a85_,f,eo_bio_Scottish,official_lang,work.no.official_lang,widowed,apartment,non.movers
775938,933,a25_29,m,eo_obio,official_lang,work.official_lang,married,apartment,interprovincial.movers
576186,933,a0_4,f,onao_Canadian,official_lang,work.no.official_lang,no.married,single.detached.house,non.movers
126756,933,a30_34,f,ao_esao_Chinese,official_lang,work.official_lang,married,apartment,non.movers
812432,933,a40_44,m,eo_oseo,official_lang,work.official_lang,married,single.detached.house,non.movers
776440,933,a0_4,m,ao_sao_ei,official_lang,work.no.official_lang,no.married,apartment,non.movers
626822,933,a70_74,m,ao_esao_Chinese,no.official_lang,work.no.official_lang,married,single.detached.house,non.movers
318988,933,a15_19,m,onao_Canadian,official_lang,work.official_lang,no.married,apartment,non.movers
679354,933,a0_4,f,ao_sao_ei,official_lang,work.no.official_lang,no.married,apartment,non.movers
806957,933,a15_19,f,eo_seo_Spanish,official_lang,work.no.official_lang,no.married,apartment,non.movers
101736,933,a40_44,m,ao_wcameo,official_lang,work.official_lang,married,apartment,non.movers
222835,933,a25_29,m,ao_esao_Chinese,official_lang,work.official_lang,no.married,apartment,non.movers
919232,933,a0_4,m,ao_esao_Chinese,official_lang,work.no.official_lang,no.married,single.detached.house,non.movers
336497,933,a65_69,f,ao_esao_Chinese,official_lang,work.no.official_lang,married,single.detached.house,non.movers
7137,933,a55_59,f,eo_bio_English,official_lang,work.no.official_lang,married,other.attached,non.movers
770558,933,a0_4,f,ao_oesao,no.official_lang,work.no.official_lang,no.married,apartment,non.movers
283577,933,a20_24,f,eo_eeo_Polish,official_lang,work.official_lang,no.married,single.detached.house,non.movers
625977,933,a35_39,f,onao_Canadian,official_lang,work.official_lang,separated,apartment,nonmigrants.movers
49180,933,a35_39,f,onao_Canadian,official_lang,work.official_lang,living.common.law,single.detached.house,non.movers
496791,933,a20_24,m,ao_esao_Chinese,official_lang,work.official_lang,no.married,single.detached.house,non.movers
369699,933,a40_44,m,ao_osao,official_lang,work.official_lang,married,apartment,non.movers
112769,933,a35_39,f,naao,official_lang,work.official_lang,no.married,apartment,non.movers
584141,933,a20_24,f,ao_esao_Chinese,official_lang,work.no.official_lang,no.married,apartment,non.movers
216192,933,a20_24,f,ao_esao_Chinese,official_lang,work.no.official_lang,no.married,apartment,non.movers
200940,933,a80_84,m,ao_esao_Chinese,official_lang,work.no.official_lang,no.married,other.attached,non.movers
560733,933,a45_49,f,ao_esao_Chinese,no.official_lang,work.no.official_lang,married,apartment,non.movers
911926,933,a0_4,f,oco,no.official_lang,work.no.official_lang,no.married,other.attached,non.movers
642717,933,a65_69,f,ao_esao_Chinese,official_lang,work.official_lang,married,other.attached,non.movers
740420,933,a0_4,f,ao_sao_ei,no.official_lang,work.no.official_lang,no.married,apartment,external.movers
70903,933,a65_69,f,ao_esao_Chinese,official_lang,work.no.official_lang,married,other.attached,nonmigrants.movers
141172,933,a40_44,f,ao_esao_Chinese,official_lang,work.no.official_lang,married,apartment,non.movers
667592,933,a10_14,m,ao_oesao,official_lang,work.no.official_lang,no.married,apartment,non.movers
37944,933,a0_4,m,ao_esao_Filipino,official_lang,work.no.official_lang,no.married,apartment,non.movers
198384,933,a55_59,m,ao_esao_Chinese,official_lang,work.no.official_lang,married,apartment,non.movers
631743,933,a65_69,m,eo_oseo,official_lang,work.official_lang,married,single.detached.house,non.movers
155043,933,a80_84,f,eo_weo_German,official_lang,work.no.official_lang,widowed,other.attached,non.movers
768775,933,a80_84,f,eo_bio_English,official_lang,work.no.official_lang,widowed,apartment,non.movers
656674,933,a80_84,f,ao_esao_Chinese,no.official_lang,work.no.official_lang,married,single.detached.house,non.movers
164301,933,a25_29,f,onao_Canadian,official_lang,work.official_lang,married,apartment,non.movers
398744,933,a35_39,m,ao_esao_Chinese,official_lang,work.official_lang,married,other.attached,non.movers
643404,933,a15_19,m,eo_seo_Italian,official_lang,work.official_lang,no.married,apartment,non.movers
748730,933,a40_44,f,ao_esao_Chinese,official_lang,work.official_lang,married,single.detached.house,non.movers
151689,933,a20_24,f,eo_oseo,official_lang,work.official_lang,no.married,apartment,non.movers
230694,933,a45_49,f,ao_esao_Chinese,official_lang,work.official_lang,married,other.attached,non.movers
160999,933,a0_4,m,ao_osao,official_lang,work.no.official_lang,no.married,apartment,non.movers
906514,933,a50_54,m,eo_bio_English,official_lang,work.official_lang,married,single.detached.house,non.movers
591038,933,a55_59,m,ao_esao_Filipino,official_lang,work.official_lang,married,apartment,non.movers
274358,933,a45_49,m,ao,official_lang,work.official_lang,married,single.detached.house,non.movers
353264,933,a25_29,m,ao_oesao,official_lang,work.no.official_lang,no.married,apartment,nonmigrants.movers
876092,933,a45_49,f,ao_esao_Chinese,official_lang,work.official_lang,living.common.law,apartment,non.movers
682794,933,a20_24,f,eo_weo_Dutch,official_lang,work.no.official_lang,no.married,apartment,nonmigrants.movers
631039,933,a55_59,m,eo_bio_English,official_lang,work.official_lang,living.common.law,single.detached.house,non.movers
341400,933,a55_59,m,ao_esao_Filipino,official_lang,work.official_lang,married,apartment,non.movers
419496,933,a40_44,m,eo_bio_English,official_lang,work.official_lang,living.common.law,other.attached,non.movers
552513,933,a25_29,f,ao_oesao,official_lang,work.official_lang,no.married,apartment,non.movers
636151,933,a35_39,f,ao_oesao,official_lang,work.official_lang,married,apartment,non.movers
233051,933,a55_59,f,naao,official_lang,work.no.official_lang,married,single.detached.house,non.movers
701942,933,a55_59,m,ao_sao_ei,official_lang,work.official_lang,married,apartment,non.movers
125282,933,a25_29,m,eo_seo_Italian,official_lang,work.no.official_lang,no.married,apartment,external.movers
235705,933,a30_34,m,eo_bio_English,official_lang,work.official_lang,living.common.law,apartment,non.movers
487747,933,a45_49,f,ao_esao_Chinese,no.official_lang,work.no.official_lang,no.married,apartment,non.movers
48519,933,a50_54,m,ao_oesao,official_lang,work.official_lang,married,single.detached.house,non.movers
899980,933,a55_59,f,ao_oesao,official_lang,work.official_lang,divorced,single.detached.house,non.movers
796731,933,a75_79,f,ao_esao_Chinese,no.official_lang,work.no.official_lang,no.married,apartment,non.movers
911127,933,a40_44,m,ao_esao_Chinese,official_lang,work.official_lang,married,apartment,non.movers
98069,933,a40_44,f,eo_bio_English,official_lang,work.official_lang,married,single.detached.house,non.movers
578204,933,a80_84,f,eo_bio_English,official_lang,work.no.official_lang,married,single.detached.house,non.movers
267860,933,a85_,f,ao_esao_Chinese,no.official_lang,work.no.official_lang,widowed,single.detached.house,non.movers
897301,933,a25_29,m,ao_esao_Chinese,no.official_lang,work.no.official_lang,married,apartment,non.movers
710080,933,a25_29,m,ao_osao,official_lang,work.official_lang,no.married,apartment,external.movers
68909,933,a60_64,f,ao_sao_ei,official_lang,work.no.official_lang,married,single.detached.house,non.movers
69320,933,a45_49,f,ao_esao_Filipino,official_lang,work.official_lang,married,apartment,non.movers
265696,933,a35_39,f,onao_Canadian,official_lang,work.no.official_lang,no.married,single.detached.house,other.movers
709922,933,a80_84,m,eo_fo,official_lang,work.official_lang,married,apartment,non.movers
642717,933,a65_69,f,ao_esao_Chinese,official_lang,work.official_lang,married,other.attached,non.movers
748714,933,a10_14,f,ao_wcameo,official_lang,work.no.official_lang,no.married,other.attached,external.movers
442689,933,a30_34,m,ao_oesao,official_lang,work.official_lang,married,apartment,other.movers
246707,933,a15_19,m,eo_bio_Scottish,official_lang,work.no.official_lang,no.married,other.attached,external.movers
81379,933,a65_69,m,ao_esao_Chinese,official_lang,work.no.official_lang,separated,other.attached,non.movers
393299,933,a35_39,m,eo_eeo_Ukrainian,official_lang,work.official_lang,living.common.law,other.attached,non.movers
480110,933,a10_14,f,ao_esao_Chinese,official_lang,work.no.official_lang,no.married,single.detached.house,external.movers
696447,933,a20_24,m,eo_bio_English,official_lang,work.official_lang,no.married,single.detached.house,non.movers
312808,933,a35_39,f,eo_oweo,official_lang,work.official_lang,married,apartment,non.movers
616299,933,a30_34,f,ao_esao_Filipino,official_lang,work.official_lang,married,apartment,non.movers
39733,933,a35_39,f,ao_esao_Chinese,no.official_lang,work.no.official_lang,divorced,apartment,non.movers
817575,933,a60_64,m,onao_Canadian,official_lang,work.official_lang,married,single.detached.house,non.movers
441248,933,a45_49,f,ao_esao_Filipino,official_lang,work.official_lang,divorced,single.detached.house,nonmigrants.movers
403117,933,a35_39,f,ao_esao_Chinese,official_lang,work.no.official_lang,married,apartment,non.movers
677183,933,a65_69,f,eo_seo_Italian,official_lang,work.no.official_lang,married,single.detached.house,non.movers
460833,933,a25_29,f,ao_esao_Chinese,official_lang,work.no.official_lang,married,other.attached,non.movers
611389,933,a15_19,m,ao_esao_Filipino,official_lang,work.official_lang,no.married,other.attached,non.movers
68979,933,a25_29,m,onao_Canadian,official_lang,work.official_lang,no.married,apartment,other.movers
252896,933,a50_54,f,eo_eeo_Ukrainian,official_lang,work.official_lang,married,single.detached.house,non.movers
313234,933,a50_54,f,ao_esao_Chinese,official_lang,work.no.official_lang,married,apartment,external.movers
479935,933,a50_54,f,eo_fo,official_lang,work.official_lang,married,apartment,non.movers
611336,933,a10_14,m,ao_esao_Filipino,official_lang,work.no.official_lang,no.married,single.detached.house,nonmigrants.movers
138679,933,a20_24,f,onao_Canadian,official_lang,work.official_lang,no.married,apartment,non.movers
465655,933,a55_59,f,ao_oesao,official_lang,work.no.official_lang,married,single.detached.house,non.movers
770820,933,a60_64,m,eo_seo_Italian,official_lang,work.official_lang,married,single.detached.house,non.movers
425449,933,a50_54,m,eo_bio_Irish,official_lang,work.official_lang,living.common.law,single.detached.house,non.movers
37997,933,a5_9,f,onao_Canadian,official_lang,work.no.official_lang,no.married,apartment,nonmigrants.movers
384624,933,a0_4,m,ao_esao_Filipino,official_lang,work.no.official_lang,no.married,other.attached,non.movers
340066,933,a5_9,m,oo,official_lang,work.no.official_lang,no.married,single.detached.house,non.movers
670925,933,a35_39,m,ao_esao_Chinese,official_lang,work.official_lang,married,apartment,non.movers
6722,933,a45_49,f,ao_sao_ei,official_lang,work.official_lang,married,apartment,non.movers
93976,933,a55_59,f,ao_sao_ei,no.official_lang,work.no.official_lang,married,single.detached.house,non.movers
366419,933,a40_44,f,ao_esao_Chinese,official_lang,work.official_lang,divorced,single.detached.house,non.movers
382502,933,a20_24,f,ao_esao_Filipino,official_lang,work.official_lang,married,apartment,interprovincial.movers
94019,933,a50_54,m,ao_wcameo,official_lang,work.no.official_lang,married,single.detached.house,non.movers
512001,933,a60_64,f,ao_esao_Chinese,no.official_lang,work.no.official_lang,married,single.detached.house,non.movers
644604,933,a30_34,f,ao_esao_Chinese,official_lang,work.no.official_lang,no.married,apartment,non.movers
148605,933,a75_79,m,eo_weo_German,official_lang,work.no.official_lang,married,apartment,non.movers
732162,933,a10_14,m,ao_osao,official_lang,work.no.official_lang,no.married,apartment,external.movers
837810,933,a40_44,f,ao_esao_Chinese,official_lang,work.no.official_lang,married,other.attached,non.movers
89335,933,a10_14,m,naao,official_lang,work.no.official_lang,no.married,single.detached.house,other.movers
595480,933,a60_64,m,ao_esao_Chinese,official_lang,work.official_lang,married,apartment,non.movers
613938,933,a30_34,m,ao_sao_ei,official_lang,work.official_lang,no.married,single.detached.house,non.movers
349654,933,a35_39,f,ao_oesao,official_lang,work.official_lang,married,other.attached,non.movers
843361,933,a30_34,m,eo_seo_Portuguese,official_lang,work.official_lang,married,other.attached,non.movers
130061,933,a15_19,m,eo_seo_Italian,official_lang,work.no.official_lang,no.married,apartment,non.movers
11062,933,a20_24,m,ao_esao_Filipino,official_lang,work.official_lang,no.married,other.attached,non.movers
23536,933,a15_19,f,eo_oeo,official_lang,work.no.official_lang,no.married,single.detached.house,non.movers
487913,933,a25_29,f,lcsao,official_lang,work.official_lang,living.common.law,apartment,external.movers
876724,933,a50_54,m,ao_esao_Filipino,official_lang,work.official_lang,married,other.attached,non.movers
891312,933,a45_49,m,ao_esao_Filipino,no.official_lang,work.no.official_lang,married,other.attached,non.movers
150332,933,a45_49,f,eo_seo_Greek,official_lang,work.no.official_lang,divorced,apartment,non.movers
460588,933,a65_69,f,ao_sao_ei,official_lang,work.official_lang,widowed,other.attached,non.movers
624264,933,a5_9,m,ao_esao_Chinese,official_lang,work.no.official_lang,no.married,apartment,non.movers
834362,933,a35_39,f,eo_eeo_Russian,no.official_lang,work.no.official_lang,married,apartment,other.movers
33545,933,a35_39,m,ao_sao_ei,official_lang,work.official_lang,married,apartment,non.movers
835992,933,a15_19,m,ao_esao_Chinese,official_lang,work.no.official_lang,no.married,apartment,non.movers
391427,933,a65_69,f,onao_Canadian,official_lang,work.no.official_lang,divorced,apartment,nonmigrants.movers
506502,933,a85_,f,eo_bio_Scottish,official_lang,work.no.official_lang,widowed,other.attached,non.movers
427175,933,a80_84,m,eo_seo_Italian,official_lang,work.no.official_lang,widowed,single.detached.house,non.movers
573503,933,a40_44,f,eo_bio_English,official_lang,work.official_lang,married,single.detached.house,non.movers
567959,933,a30_34,f,ao_esao_Chinese,official_lang,work.no.official_lang,married,apartment,non.movers
288542,933,a25_29,m,ao_esao_Filipino,official_lang,work.official_lang,living.common.law,other.attached,non.movers
644414,933,a20_24,f,ao_esao_Chinese,official_lang,work.no.official_lang,no.married,apartment,non.movers
908807,933,a65_69,m,eo_bio_Scottish,official_lang,work.official_lang,married,single.detached.house,non.movers
477051,933,a50_54,m,onao_Canadian,official_lang,work.official_lang,no.married,single.detached.house,non.movers
302320,933,a10_14,f,ao_esao_Chinese,official_lang,work.no.official_lang,no.married,single.detached.house,non.movers
425432,933,a45_49,m,eo_weo_German,official_lang,work.official_lang,married,apartment,non.movers
206475,933,a20_24,m,ao_esao_Chinese,official_lang,work.no.official_lang,no.married,apartment,non.movers
107712,933,a25_29,f,ao_sao_ei,official_lang,work.official_lang,separated,single.detached.house,non.movers
806787,933,a25_29,f,ao_esao_Chinese,official_lang,work.official_lang,living.common.law,single.detached.house,non.movers
342798,933,a65_69,m,ao_esao_Filipino,official_lang,work.official_lang,married,apartment,external.movers
722479,933,a15_19,m,ao_oesao,official_lang,work.no.official_lang,no.married,apartment,non.movers
36503,933,a25_29,m,ao_wcameo,official_lang,work.official_lang,no.married,apartment,nonmigrants.movers
366035,933,a65_69,f,eo_obio,official_lang,work.no.official_lang,married,other.attached,non.movers
923777,933,a60_64,m,ao_esao_Chinese,official_lang,work.no.official_lang,married,other.attached,non.movers
502322,933,a15_19,f,ao_esao_Chinese,official_lang,work.no.official_lang,no.married,other.attached,non.movers
378267,933,a80_84,f,eo_bio_English,official_lang,work.no.official_lang,widowed,apartment,non.movers
445661,933,a30_34,m,ao_esao_Chinese,official_lang,work.official_lang,living.common.law,other.attached,nonmigrants.movers
424158,933,a30_34,f,ao_sao_ei,official_lang,work.no.official_lang,married,single.detached.house,non.movers
162283,933,a45_49,m,onao_Canadian,official_lang,work.official_lang,no.married,apartment,non.movers
631264,933,a80_84,m,eo_seo_Italian,official_lang,work.no.official_lang,married,apartment,non.movers
363448,933,a20_24,f,ao_esao_Chinese,official_lang,work.official_lang,no.married,single.detached.house,non.movers
867415,933,a40_44,m,eo_bio_Irish,official_lang,work.official_lang,no.married,apartment,non.movers
394009,933,a10_14,m,eo_oeeo,official_lang,work.no.official_lang,no.married,apartment,non.movers
221404,933,a0_4,m,ao_esao_Chinese,no.official_lang,work.no.official_lang,no.married,single.detached.house,other.movers
527412,933,a55_59,m,ao_oesao,no.official_lang,work.no.official_lang,no.married,apartment,non.movers
81934,933,a35_39,f,ao_esao_Chinese,official_lang,work.no.official_lang,divorced,other.attached,non.movers
853398,933,a25_29,m,naao,official_lang,work.official_lang,living.common.law,other.attached,other.movers
138308,933,a50_54,m,ao_esao_Filipino,official_lang,work.official_lang,divorced,apartment,non.movers
311161,933,a50_54,m,eo_fo,official_lang,work.official_lang,married,single.detached.house,non.movers
674958,933,a65_69,f,ao_esao_Chinese,official_lang,work.official_lang,married,other.attached,non.movers
707591,933,a25_29,m,ao_esao_Chinese,no.official_lang,work.no.official_lang,married,apartment,external.movers
184587,933,a15_19,m,ao_wcameo,no.official_lang,work.no.official_lang,no.married,other.attached,non.movers
385000,933,a50_54,f,eo_oeeo,official_lang,work.official_lang,separated,other.attached,non.movers
694700,933,a5_9,m,ao_sao_ei,official_lang,work.no.official_lang,no.married,apartment,non.movers
640956,933,a85_,m,eo_fo,official_lang,work.no.official_lang,widowed,apartment,non.movers
131568,933,a60_64,m,ao_sao_ei,official_lang,work.official_lang,married,apartment,non.movers
273761,933,a5_9,f,ao_esao_Chinese,official_lang,work.no.official_lang,no.married,other.attached,non.movers
811007,933,a10_14,m,ao_osao,official_lang,work.no.official_lang,no.married,single.detached.house,non.movers
291085,933,a35_39,f,onao_Canadian,official_lang,work.official_lang,living.common.law,apartment,interprovincial.movers
249379,933,a40_44,m,eo_bio_Scottish,official_lang,work.official_lang,separated,single.detached.house,nonmigrants.movers
418772,933,a55_59,m,ao_wcameo,official_lang,work.no.official_lang,married,single.detached.house,non.movers
418191,933,a15_19,f,ao_esao_Chinese,official_lang,work.no.official_lang,no.married,other.attached,non.movers
102838,933,a45_49,f,eo_neo,official_lang,work.official_lang,married,single.detached.house,non.movers
105916,933,a20_24,f,ao_esao_Chinese,official_lang,work.no.official_lang,no.married,apartment,non.movers
219097,933,a75_79,f,ao_esao_Chinese,no.official_lang,work.no.official_lang,no.married,apartment,non.movers
723554,933,a35_39,m,ao_sao_ei,official_lang,work.official_lang,married,apartment,non.movers
64270,933,a45_49,f,onao_Canadian,official_lang,work.no.official_lang,living.common.law,apartment,nonmigrants.movers
908668,933,a50_54,f,ao_esao_Chinese,official_lang,work.official_lang,divorced,apartment,non.movers
837387,933,a60_64,m,ao_esao_Chinese,no.official_lang,work.no.official_lang,married,apartment,non.movers
382609,933,a40_44,f,ao_esao_Chinese,official_lang,work.no.official_lang,married,single.detached.house,non.movers
589386,933,a80_84,f,eo_bio_Irish,official_lang,work.no.official_lang,married,apartment,non.movers
709956,933,a65_69,m,eo_bio_Irish,official_lang,work.no.official_lang,married,apartment,non.movers
533861,933,a35_39,m,eo_bio_English,official_lang,work.official_lang,no.married,apartment,non.movers
880711,933,a45_49,m,ao_sao_ei,official_lang,work.official_lang,married,apartment,non.movers
646801,933,a60_64,m,ao_sao_ei,official_lang,work.official_lang,married,apartment,nonmigrants.movers
101332,933,a60_64,m,ao_esao_Chinese,official_lang,work.official_lang,widowed,other.attached,non.movers
544273,933,a50_54,f,ao_esao_Chinese,no.official_lang,work.no.official_lang,married,other.attached,non.movers
870623,933,a45_49,f,ao_oesao,no.official_lang,work.no.official_lang,married,other.attached,non.movers
322820,933,a35_39,f,eo_seo_Italian,official_lang,work.official_lang,married,single.detached.house,non.movers
312837,933,a70_74,m,onao_Canadian,official_lang,work.official_lang,married,apartment,non.movers
88324,933,a50_54,f,ao_esao_Chinese,no.official_lang,work.no.official_lang,married,single.detached.house,non.movers
185478,933,a55_59,m,ao_wcameo,official_lang,work.official_lang,married,single.detached.house,non.movers
79625,933,a30_34,m,ao_osao,official_lang,work.official_lang,married,apartment,nonmigrants.movers
151313,933,a55_59,f,ao_esao_Chinese,no.official_lang,work.no.official_lang,divorced,apartment,non.movers
157007,933,a25_29,f,ao_oesao,official_lang,work.no.official_lang,no.married,single.detached.house,non.movers
33571,933,a35_39,m,ao_sao_ei,official_lang,work.official_lang,no.married,apartment,nonmigrants.movers
672944,933,a65_69,f,ao_esao_Chinese,official_lang,work.no.official_lang,married,other.attached,non.movers
832117,933,a35_39,m,eo_bio_English,official_lang,work.official_lang,married,apartment,non.movers
734089,933,a85_,f,eo_bio_Irish,official_lang,work.no.official_lang,widowed,apartment,non.movers
509401,933,a65_69,f,ao_wcameo,no.official_lang,work.no.official_lang,married,apartment,non.movers
329551,933,a50_54,m,ao_osao,official_lang,work.official_lang,married,apartment,non.movers
204550,933,a45_49,f,ao_sao_ei,official_lang,work.official_lang,divorced,other.attached,non.movers
823559,933,a30_34,m,lcsao,official_lang,work.official_lang,married,single.detached.house,non.movers
252069,933,a60_64,m,ao_esao_Chinese,no.official_lang,work.no.official_lang,married,apartment,non.movers
213913,933,a45_49,m,ao_esao_Chinese,official_lang,work.official_lang,married,single.detached.house,non.movers
434644,933,a60_64,f,ao_oesao,no.official_lang,work.no.official_lang,married,apartment,nonmigrants.movers
347709,933,a50_54,f,ao_esao_Chinese,official_lang,work.official_lang,married,single.detached.house,non.movers
791085,933,a50_54,f,ao_esao_Chinese,official_lang,work.official_lang,living.common.law,apartment,non.movers
44631,933,a70_74,m,eo_bio_English,official_lang,work.no.official_lang,married,single.detached.house,non.movers
177510,933,a30_34,m,ao_esao_Chinese,official_lang,work.official_lang,married,apartment,non.movers
801219,933,a10_14,f,eo_bio_English,official_lang,work.no.official_lang,no.married,apartment,non.movers
209985,933,a50_54,m,ao_oesao,official_lang,work.official_lang,married,apartment,nonmigrants.movers
523491,933,a75_79,f,ao_oesao,official_lang,work.no.official_lang,widowed,apartment,non.movers
317302,933,a20_24,m,ao_esao_Chinese,official_lang,work.no.official_lang,no.married,single.detached.house,non.movers
178185,933,a0_4,m,onao_Canadian,official_lang,work.no.official_lang,no.married,other.attached,other.movers
773889,933,a15_19,f,ao_esao_Chinese,official_lang,work.no.official_lang,no.married,single.detached.house,non.movers
917447,933,a20_24,m,ao_esao_Filipino,official_lang,work.official_lang,no.married,apartment,non.movers
310489,933,a45_49,f,ao_sao_ei,no.official_lang,work.official_lang,married,apartment,non.movers
921944,933,a50_54,m,eo_eeo_Polish,official_lang,work.official_lang,living.common.law,single.detached.house,non.movers
71364,933,a30_34,m,ao_esao_Chinese,official_lang,work.official_lang,no.married,single.detached.house,non.movers
475149,933,a30_34,f,ao_esao_Chinese,official_lang,work.official_lang,no.married,apartment,non.movers
618902,933,a35_39,f,eo_oseo,official_lang,work.no.official_lang,married,apartment,non.movers
103241,933,a80_84,m,ao_sao_ei,official_lang,work.no.official_lang,married,single.detached.house,non.movers
317205,933,a20_24,m,ao_esao_Chinese,official_lang,work.no.official_lang,married,apartment,nonmigrants.movers
765064,933,a35_39,m,ao_sao_ei,official_lang,work.no.official_lang,married,apartment,non.movers
21464,933,a80_84,f,eo_bio_English,official_lang,work.no.official_lang,married,apartment,non.movers
135969,933,a75_79,m,eo_eeo_Ukrainian,official_lang,work.official_lang,married,other.attached,non.movers
542682,933,a45_49,f,ao_esao_Chinese,official_lang,work.official_lang,married,other.attached,non.movers
693622,933,a40_44,f,ao_sao_ei,official_lang,work.official_lang,married,other.attached,non.movers
679480,933,a70_74,f,eo_fo,official_lang,work.no.official_lang,married,apartment,non.movers
204945,933,a20_24,f,ao_esao_Chinese,official_lang,work.no.official_lang,living.common.law,apartment,nonmigrants.movers
63559,933,a25_29,m,ao_esao_Chinese,official_lang,work.official_lang,no.married,single.detached.house,non.movers
59884,933,a50_54,m,eo_seo_Italian,official_lang,work.official_lang,married,apartment,non.movers
844710,933,a40_44,m,ao_esao_Chinese,official_lang,work.official_lang,married,single.detached.house,non.movers
875523,933,a40_44,m,ao_sao_ei,official_lang,work.official_lang,married,apartment,non.movers
772381,933,a40_44,m,eo_bio_English,official_lang,work.official_lang,divorced,apartment,non.movers
701894,933,a20_24,m,ao_sao_ei,official_lang,work.official_lang,no.married,single.detached.house,non.movers
34610,933,a30_34,f,ao_wcameo,official_lang,work.official_lang,married,apartment,non.movers
929584,933,a50_54,m,ao_esao_Chinese,official_lang,work.official_lang,married,other.attached,non.movers
132241,933,a40_44,m,ao_esao_Chinese,no.official_lang,work.no.official_lang,married,single.detached.house,non.movers
292758,933,a75_79,f,ao_esao_Chinese,no.official_lang,work.no.official_lang,married,apartment,non.movers
786364,933,a45_49,f,ao_esao_Chinese,no.official_lang,work.no.official_lang,married,apartment,external.movers
338333,933,a20_24,f,ao_esao_Chinese,official_lang,work.no.official_lang,living.common.law,apartment,non.movers
747087,933,a55_59,m,eo_oseo,official_lang,work.official_lang,married,apartment,non.movers
927523,933,a70_74,m,eo_bio_Scottish,official_lang,work.official_lang,married,single.detached.house,non.movers
609260,933,a45_49,m,ao_sao_ei,official_lang,work.official_lang,married,apartment,non.movers
310434,933,a80_84,f,lcsao,official_lang,work.no.official_lang,married,single.detached.house,non.movers
591835,933,a25_29,m,onao_Canadian,official_lang,work.official_lang,no.married,single.detached.house,non.movers
684272,933,a40_44,m,ao_sao_ei,official_lang,work.no.official_lang,married,apartment,non.movers
573436,933,a60_64,m,ao_sao_ei,official_lang,work.official_lang,married,apartment,non.movers
923283,933,a65_69,m,eo_bio_English,official_lang,work.official_lang,widowed,other.attached,non.movers
737116,933,a45_49,f,ao_sao_ei,official_lang,work.official_lang,married,apartment,non.movers
724285,933,a25_29,f,eo_weo_German,official_lang,work.official_lang,living.common.law,apartment,other.movers
749342,933,a30_34,m,ao_esao_Chinese,official_lang,work.official_lang,no.married,single.detached.house,non.movers
857830,933,a30_34,m,ao_esao_Chinese,official_lang,work.official_lang,married,single.detached.house,non.movers
171112,933,a45_49,m,ao_esao_Chinese,official_lang,work.no.official_lang,married,apartment,non.movers
198135,933,a60_64,m,ao_esao_Chinese,no.official_lang,work.no.official_lang,married,apartment,non.movers
79381,933,a50_54,f,eo_oseo,official_lang,work.official_lang,separated,apartment,non.movers
466714,933,a5_9,m,eo_oseo,official_lang,work.no.official_lang,no.married,apartment,non.movers
733813,933,a60_64,m,eo_bio_Irish,official_lang,work.official_lang,married,single.detached.house,non.movers
674531,933,a65_69,f,ao_esao_Filipino,official_lang,work.official_lang,married,apartment,external.movers
293914,933,a65_69,m,ao_esao_Chinese,official_lang,work.no.official_lang,married,other.attached,non.movers
884149,933,a0_4,f,ao_sao_ei,no.official_lang,work.no.official_lang,no.married,apartment,nonmigrants.movers
382125,933,a40_44,f,ao_esao_Filipino,official_lang,work.official_lang,married,other.attached,non.movers
5283,933,a70_74,f,eo_weo_German,official_lang,work.no.official_lang,married,single.detached.house,non.movers
80423,933,a65_69,f,eo_bio_English,official_lang,work.no.official_lang,widowed,apartment,non.movers
526540,933,a45_49,m,eo_weo_Dutch,official_lang,work.official_lang,married,single.detached.house,non.movers
204236,933,a5_9,m,ao_esao_Chinese,official_lang,work.no.official_lang,no.married,single.detached.house,non.movers
622802,933,a35_39,m,ao_esao_Chinese,official_lang,work.no.official_lang,married,apartment,non.movers
107460,933,a0_4,m,ao_esao_Chinese,no.official_lang,work.no.official_lang,no.married,apartment,non.movers
190630,933,a0_4,m,ao_osao,official_lang,work.no.official_lang,no.married,apartment,other.movers
266531,933,a30_34,f,ao_esao_Chinese,official_lang,work.official_lang,married,other.attached,non.movers
769709,933,a55_59,m,eo_weo_German,official_lang,work.official_lang,married,other.attached,non.movers
62295,933,a5_9,m,ao_oesao,official_lang,work.no.official_lang,no.married,single.detached.house,non.movers
332156,933,a45_49,f,ao_sao_ei,official_lang,work.official_lang,married,single.detached.house,non.movers
272715,933,a40_44,f,onao_Canadian,official_lang,work.official_lang,living.common.law,single.detached.house,non.movers
693472,933,a45_49,f,eo_eeo_Polish,official_lang,work.official_lang,married,single.detached.house,non.movers
578998,933,a30_34,f,ao_esao_Chinese,official_lang,work.official_lang,no.married,apartment,non.movers
909874,933,a40_44,m,eo_bio_Scottish,official_lang,work.official_lang,married,single.detached.house,nonmigrants.movers
839992,933,a25_29,m,eo_bio_Irish,official_lang,work.official_lang,no.married,apartment,nonmigrants.movers
923766,933,a85_,f,eo_weo_German,official_lang,work.no.official_lang,divorced,apartment,other.movers
177821,933,a75_79,f,eo_bio_English,official_lang,work.no.official_lang,married,single.detached.house,non.movers
417619,933,a50_54,f,ao_esao_Filipino,official_lang,work.official_lang,married,apartment,non.movers
613604,933,a20_24,f,ao_esao_Chinese,official_lang,work.no.official_lang,no.married,apartment,non.movers
553678,933,a20_24,m,ao_sao_ei,official_lang,work.official_lang,no.married,apartment,non.movers
80423,933,a65_69,f,eo_bio_English,official_lang,work.no.official_lang,widowed,apartment,non.movers
633812,933,a40_44,m,ao_wcameo,official_lang,work.official_lang,no.married,apartment,non.movers
609482,933,a40_44,m,onao_Canadian,official_lang,work.official_lang,married,apartment,non.movers
367189,933,a20_24,m,naao,official_lang,work.official_lang,no.married,apartment,other.movers
449181,933,a25_29,m,ao_oesao,official_lang,work.official_lang,no.married,single.detached.house,non.movers
563606,933,a50_54,f,ao_wcameo,official_lang,work.official_lang,divorced,apartment,non.movers
720270,933,a20_24,f,ao_esao_Chinese,official_lang,work.official_lang,no.married,other.attached,non.movers
810595,933,a70_74,f,ao_esao_Filipino,official_lang,work.no.official_lang,widowed,apartment,external.movers
91829,933,a70_74,m,onao_Canadian,official_lang,work.no.official_lang,divorced,single.detached.house,non.movers
8053,933,a65_69,m,eo_weo_German,official_lang,work.no.official_lang,married,single.detached.house,non.movers
850824,933,a35_39,m,eo_seo_Spanish,official_lang,work.official_lang,no.married,apartment,non.movers
904594,933,a40_44,f,ao_sao_ei,official_lang,work.official_lang,married,single.detached.house,non.movers
496316,933,a20_24,m,ao_esao_Chinese,official_lang,work.official_lang,no.married,apartment,non.movers
290626,933,a10_14,m,ao_esao_Filipino,official_lang,work.no.official_lang,no.married,other.attached,non.movers
75316,933,a10_14,m,ao_esao_Chinese,official_lang,work.no.official_lang,no.married,single.detached.house,non.movers
329369,933,a55_59,m,eo_seo_Spanish,official_lang,work.official_lang,married,apartment,non.movers
397457,933,a5_9,f,onao_Canadian,official_lang,work.no.official_lang,no.married,other.attached,non.movers
909635,933,a45_49,f,ao_oesao,official_lang,work.official_lang,no.married,apartment,non.movers
767781,933,a15_19,m,onao_Canadian,official_lang,work.official_lang,no.married,apartment,non.movers
584259,933,a35_39,f,ao_oesao,official_lang,work.official_lang,no.married,apartment,non.movers
636768,933,a60_64,m,eo_weo_Dutch,official_lang,work.official_lang,married,single.detached.house,non.movers
89267,933,a0_4,f,ao_sao_ei,official_lang,work.no.official_lang,no.married,apartment,non.movers
832410,933,a25_29,m,ao_oesao,official_lang,work.official_lang,no.married,other.attached,non.movers
376805,933,a25_29,m,eo_bio_Irish,official_lang,work.official_lang,no.married,apartment,external.movers
43793,933,a55_59,m,eo_obio,official_lang,work.official_lang,no.married,apartment,other.movers
703102,933,a40_44,f,ao_oesao,official_lang,work.official_lang,married,apartment,nonmigrants.movers
435443,933,a85_,m,eo_obio,official_lang,work.no.official_lang,married,single.detached.house,non.movers
694172,933,a60_64,m,ao_oesao,official_lang,work.official_lang,married,single.detached.house,non.movers
852318,933,a25_29,f,ao_esao_Chinese,official_lang,work.no.official_lang,no.married,single.detached.house,non.movers
390151,933,a35_39,m,eo_obio,official_lang,work.official_lang,no.married,other.attached,non.movers
336305,933,a30_34,m,onao_Canadian,official_lang,work.official_lang,no.married,other.attached,non.movers
772359,933,a20_24,m,ao_oesao,official_lang,work.no.official_lang,no.married,apartment,non.movers
889055,933,a60_64,m,eo_oeeo,official_lang,work.official_lang,married,single.detached.house,non.movers
322884,933,a30_34,f,ao_oesao,official_lang,work.official_lang,living.common.law,apartment,non.movers
530358,933,a55_59,f,ao_wcameo,official_lang,work.no.official_lang,married,apartment,non.movers
104870,933,a15_19,f,onao_Canadian,official_lang,work.no.official_lang,no.married,single.detached.house,non.movers
876410,933,a45_49,f,ao_sao_ei,official_lang,work.official_lang,married,single.detached.house,non.movers
320883,933,a20_24,f,ao_esao_Chinese,official_lang,work.no.official_lang,no.married,apartment,interprovincial.movers
735925,933,a10_14,m,onao_Canadian,official_lang,work.no.official_lang,no.married,apartment,non.movers
895489,933,a15_19,m,ao_esao_Chinese,official_lang,work.official_lang,no.married,other.attached,non.movers
706623,933,a0_4,f,naao,official_lang,work.no.official_lang,no.married,single.detached.house,non.movers
65649,933,a5_9,m,ao_wcameo,official_lang,work.no.official_lang,no.married,other.attached,non.movers
699849,933,a65_69,f,eo_weo_German,official_lang,work.no.official_lang,married,single.detached.house,non.movers
510354,933,a50_54,f,ao_sao_ei,official_lang,work.official_lang,married,apartment,non.movers
201617,933,a85_,f,eo_neo,official_lang,work.no.official_lang,married,single.detached.house,other.movers
794221,933,a75_79,m,oo,official_lang,work.no.official_lang,married,apartment,non.movers
382657,933,a50_54,m,ao_esao_Chinese,official_lang,work.official_lang,married,single.detached.house,non.movers
869012,933,a50_54,f,eo_seo_Italian,official_lang,work.official_lang,separated,apartment,other.movers
310557,933,a55_59,f,ao_esao_Chinese,official_lang,work.official_lang,married,single.detached.house,non.movers
660850,933,a25_29,f,ao_oesao,official_lang,work.official_lang,no.married,apartment,non.movers
828307,933,a55_59,f,eo_weo_German,official_lang,work.official_lang,married,apartment,non.movers
595798,933,a55_59,f,ao_sao_ei,official_lang,work.no.official_lang,married,single.detached.house,non.movers
134585,933,a40_44,f,ao_esao_Filipino,official_lang,work.official_lang,married,apartment,non.movers
63022,933,a50_54,m,ao_esao_Chinese,official_lang,work.no.official_lang,married,apartment,non.movers
219133,933,a30_34,m,ao_esao_Chinese,official_lang,work.official_lang,married,apartment,non.movers
219147,933,a65_69,m,ao_esao_Chinese,official_lang,work.no.official_lang,married,single.detached.house,non.movers
514873,933,a15_19,f,eo_bio_English,official_lang,work.no.official_lang,no.married,single.detached.house,non.movers
905086,933,a25_29,m,ao_sao_ei,official_lang,work.official_lang,no.married,apartment,non.movers
255718,933,a35_39,m,ao_esao_Chinese,official_lang,work.official_lang,married,apartment,nonmigrants.movers
786240,933,a60_64,m,ao_oesao,official_lang,work.no.official_lang,married,apartment,external.movers
563065,933,a40_44,m,ao_osao,official_lang,work.official_lang,married,single.detached.house,non.movers
105344,933,a20_24,m,ao_oesao,official_lang,work.official_lang,no.married,apartment,non.movers
720575,933,a20_24,f,onao_Canadian,official_lang,work.official_lang,no.married,apartment,nonmigrants.movers
586551,933,a30_34,m,eo_eeo_Russian,official_lang,work.official_lang,married,other.attached,non.movers
664028,933,a55_59,f,eo_weo_German,official_lang,work.no.official_lang,living.common.law,single.detached.house,non.movers
351399,933,a50_54,m,ao_esao_Chinese,no.official_lang,work.no.official_lang,married,apartment,non.movers
305701,933,a55_59,f,ao_sao_ei,official_lang,work.official_lang,married,apartment,non.movers
859420,933,a50_54,f,ao_esao_Chinese,official_lang,work.official_lang,married,single.detached.house,non.movers
668370,933,a10_14,f,ao_osao,official_lang,work.no.official_lang,no.married,single.detached.house,non.movers
333324,933,a55_59,f,ao_wcameo,official_lang,work.no.official_lang,married,apartment,non.movers
314319,933,a35_39,f,eo_eeo_Russian,official_lang,work.official_lang,married,apartment,non.movers
703531,933,a45_49,m,oco,official_lang,work.official_lang,living.common.law,other.attached,non.movers
899563,933,a60_64,m,ao_esao_Chinese,no.official_lang,work.no.official_lang,married,apartment,non.movers
704904,933,a75_79,f,eo_bio_English,official_lang,work.no.official_lang,married,single.detached.house,non.movers
520918,933,a45_49,f,ao_esao_Chinese,official_lang,work.no.official_lang,married,apartment,non.movers
201362,933,a25_29,m,ao_esao_Filipino,official_lang,work.official_lang,married,other.attached,nonmigrants.movers
243270,933,a85_,m,eo_bio_Irish,official_lang,work.no.official_lang,married,apartment,non.movers
38555,933,a25_29,m,ao_esao_Chinese,official_lang,work.official_lang,no.married,other.attached,non.movers
491902,933,a45_49,m,eo_obio,official_lang,work.official_lang,married,single.detached.house,non.movers
863092,933,a75_79,m,onao_Canadian,official_lang,work.no.official_lang,married,other.attached,non.movers
487896,933,a55_59,m,eo_oeo,official_lang,work.official_lang,no.married,single.detached.house,non.movers
100093,933,a35_39,f,ao_esao_Chinese,official_lang,work.official_lang,no.married,apartment,non.movers
687900,933,a0_4,f,ao_sao_ei,no.official_lang,work.no.official_lang,no.married,apartment,external.movers
643084,933,a40_44,f,onao_Canadian,official_lang,work.official_lang,no.married,other.attached,non.movers
853804,933,a5_9,m,ao_sao_ei,official_lang,work.no.official_lang,no.married,apartment,non.movers
721866,933,a60_64,f,ao_esao_Chinese,official_lang,work.no.official_lang,widowed,apartment,non.movers
132241,933,a40_44,m,ao_esao_Chinese,no.official_lang,work.no.official_lang,married,single.detached.house,non.movers
268364,933,a50_54,m,ao_esao_Chinese,official_lang,work.no.official_lang,married,single.detached.house,non.movers
