PPSORT,CMA,AGE,SEX,RACE,KOL,WORKLANG,MARST,DWEL,MOBL
821474,933,a20_24,m,ao_sao_ei,official_lang,work.no.official_lang,no.married,apartment,other.movers
20201,933,a55_59,m,eo_bio_English,official_lang,work.official_lang,living.common.law,other.attached,non.movers
175067,933,a35_39,m,ao_esao_Chinese,no.official_lang,work.no.official_lang,married,apartment,non.movers
338664,933,a25_29,m,ao_esao_Chinese,official_lang,work.official_lang,married,single.detached.house,non.movers
128237,933,a60_64,f,ao_esao_Chinese,official_lang,work.official_lang,married,single.detached.house,non.movers
429714,933,a45_49,m,ao_esao_Filipino,official_lang,work.official_lang,married,apartment,non.movers
200602,933,a25_29,m,eo_oeeo,official_lang,work.official_lang,living.common.law,other.attached,other.movers
529146,933,a55_59,m,eo_weo_German,official_lang,work.official_lang,married,single.detached.house,non.movers
531037,933,a30_34,f,ao_esao_Chinese,official_lang,work.no.official_lang,married,single.detached.house,non.movers
689059,933,a15_19,m,ao_wcameo,official_lang,work.no.official_lang,no.married,apartment,non.movers
194678,933,a50_54,m,ao_esao_Chinese,official_lang,work.official_lang,married,single.detached.house,non.movers
463,933,a20_24,m,ao_wcameo,official_lang,work.no.official_lang,no.married,apartment,other.movers
554198,933,a45_49,f,eo_weo_German,official_lang,work.official_lang,divorced,other.attached,non.movers
753959,933,a25_29,f,ao_esao_Chinese,official_lang,work.official_lang,no.married,apartment,non.movers
755469,933,a85_,m,eo_weo_Dutch,official_lang,work.no.official_lang,widowed,single.detached.house,non.movers
728226,933,a55_59,f,ao_oesao,official_lang,work.official_lang,married,apartment,non.movers
313136,933,a55_59,f,ao_esao_Chinese,official_lang,work.no.official_lang,divorced,other.attached,non.movers
143119,933,a0_4,f,ao_wcameo,no.official_lang,work.no.official_lang,no.married,apartment,external.movers
158799,933,a85_,f,eo_bio_English,official_lang,work.no.official_lang,widowed,apartment,non.movers
372695,933,a65_69,m,ao_sao_ei,official_lang,work.no.official_lang,separated,apartment,nonmigrants.movers
809933,933,a40_44,m,ao_oesao,official_lang,work.no.official_lang,no.married,apartment,non.movers
295435,933,a50_54,f,eo_eeo_Russian,official_lang,work.official_lang,living.common.law,apartment,non.movers
853151,933,a35_39,m,ao_esao_Filipino,official_lang,work.official_lang,married,apartment,non.movers
745906,933,a5_9,m,onao_Canadian,official_lang,work.no.official_lang,no.married,single.detached.house,non.movers
838889,933,a35_39,m,ao_oesao,official_lang,work.official_lang,no.married,apartment,nonmigrants.movers
416780,933,a10_14,m,ao_esao_Filipino,official_lang,work.no.official_lang,no.married,apartment,external.movers
225888,933,a15_19,f,ao_esao_Chinese,official_lang,work.no.official_lang,living.common.law,apartment,non.movers
778608,933,a45_49,f,ao_oesao,official_lang,work.no.official_lang,married,apartment,external.movers
801519,933,a45_49,m,ao_esao_Chinese,official_lang,work.official_lang,married,single.detached.house,non.movers
528291,933,a40_44,m,eo_bio_English,official_lang,work.official_lang,married,apartment,non.movers
883995,933,a75_79,m,eo_bio_Scottish,official_lang,work.no.official_lang,widowed,other.attached,non.movers
496001,933,a40_44,m,ao_esao_Filipino,official_lang,work.official_lang,separated,apartment,non.movers
182600,933,a35_39,m,eo_bio_Scottish,official_lang,work.official_lang,living.common.law,single.detached.house,non.movers
203848,933,a40_44,f,ao_esao_Chinese,no.official_lang,work.no.official_lang,married,apartment,nonmigrants.movers
260154,933,a65_69,f,eo_bio_English,official_lang,work.official_lang,married,single.detached.house,non.movers
758435,933,a80_84,m,eo_weo_Dutch,official_lang,work.no.official_lang,married,single.detached.house,non.movers
299857,933,a15_19,m,ao_esao_Chinese,official_lang,work.no.official_lang,no.married,apartment,non.movers
697496,933,a55_59,f,ao_esao_Chinese,official_lang,work.no.official_lang,married,other.attached,non.movers
174583,933,a55_59,m,ao_esao_Chinese,official_lang,work.official_lang,married,other.attached,non.movers
360309,933,a35_39,f,ao_wcameo,official_lang,work.official_lang,married,single.detached.house,other.movers
777192,933,a50_54,m,ao_esao_Filipino,official_lang,work.official_lang,married,apartment,non.movers
505897,933,a75_79,f,eo_oeeo,official_lang,work.no.official_lang,married,other.attached,other.movers
458179,933,a40_44,m,ao_esao_Filipino,official_lang,work.official_lang,married,apartment,non.movers
14346,933,a40_44,m,ao_osao,official_lang,work.official_lang,married,single.detached.house,non.movers
207292,933,a35_39,m,ao_esao_Chinese,official_lang,work.official_lang,married,single.detached.house,nonmigrants.movers
424611,933,a60_64,f,onao_Canadian,official_lang,work.official_lang,married,single.detached.house,non.movers
314319,933,a35_39,f,eo_eeo_Russian,official_lang,work.official_lang,married,apartment,non.movers
87966,933,a20_24,m,ao_esao_Chinese,official_lang,work.no.official_lang,no.married,single.detached.house,nonmigrants.movers
157937,933,a10_14,m,ao_sao_ei,official_lang,work.no.official_lang,no.married,single.detached.house,non.movers
795525,933,a45_49,m,ao_oesao,official_lang,work.official_lang,living.common.law,single.detached.house,non.movers
614582,933,a50_54,f,ao_sao_ei,official_lang,work.official_lang,divorced,apartment,non.movers
316365,933,a30_34,f,ao_sao_ei,official_lang,work.official_lang,married,apartment,nonmigrants.movers
87167,933,a10_14,f,onao_Canadian,official_lang,work.no.official_lang,no.married,apartment,non.movers
57143,933,a5_9,m,onao_Canadian,official_lang,work.no.official_lang,no.married,apartment,non.movers
1297,933,a75_79,f,eo_seo_Italian,official_lang,work.no.official_lang,widowed,apartment,non.movers
925870,933,a0_4,f,onao_Canadian,official_lang,work.no.official_lang,no.married,single.detached.house,non.movers
798849,933,a85_,m,ao_sao_ei,official_lang,work.no.official_lang,widowed,apartment,non.movers
759980,933,a45_49,f,ao_esao_Chinese,no.official_lang,work.official_lang,married,single.detached.house,non.movers
713240,933,a10_14,f,ao_oesao,official_lang,work.no.official_lang,no.married,single.detached.house,non.movers
666533,933,a50_54,f,ao_esao_Filipino,official_lang,work.no.official_lang,married,apartment,non.movers
566621,933,a10_14,m,ao_esao_Chinese,official_lang,work.no.official_lang,no.married,apartment,nonmigrants.movers
9674,933,a45_49,f,ao_esao_Chinese,official_lang,work.official_lang,divorced,apartment,non.movers
378731,933,a0_4,m,ao_esao_Chinese,official_lang,work.no.official_lang,no.married,other.attached,non.movers
649060,933,a35_39,f,ao_wcameo,official_lang,work.official_lang,married,apartment,interprovincial.movers
734559,933,a0_4,f,onao_Canadian,official_lang,work.no.official_lang,no.married,apartment,non.movers
591779,933,a25_29,m,ao_esao_Chinese,official_lang,work.no.official_lang,no.married,apartment,nonmigrants.movers
416967,933,a5_9,m,ao_esao_Chinese,official_lang,work.no.official_lang,no.married,single.detached.house,non.movers
114871,933,a15_19,m,eo_bio_Scottish,official_lang,work.no.official_lang,no.married,other.attached,non.movers
636733,933,a50_54,f,ao_osao,no.official_lang,work.no.official_lang,married,apartment,non.movers
546096,933,a15_19,f,ao_oesao,official_lang,work.no.official_lang,no.married,other.attached,non.movers
605623,933,a25_29,m,eo_seo_Spanish,official_lang,work.official_lang,no.married,apartment,nonmigrants.movers
842499,933,a35_39,m,ao_sao_ei,official_lang,work.no.official_lang,married,single.detached.house,non.movers
488364,933,a50_54,f,ao_esao_Chinese,no.official_lang,work.no.official_lang,married,apartment,non.movers
152784,933,a65_69,m,ao_esao_Chinese,official_lang,work.no.official_lang,married,single.detached.house,non.movers
568879,933,a45_49,m,ao_esao_Chinese,official_lang,work.no.official_lang,married,apartment,non.movers
689394,933,a50_54,f,onao_Canadian,official_lang,work.no.official_lang,living.common.law,other.attached,non.movers
412910,933,a50_54,m,ao_esao_Chinese,official_lang,work.no.official_lang,married,apartment,non.movers
337982,933,a40_44,m,eo_fo,official_lang,work.official_lang,living.common.law,single.detached.house,non.movers
828024,933,a30_34,f,ao_esao_Filipino,official_lang,work.no.official_lang,married,apartment,non.movers
1292,933,a40_44,f,ao_esao_Chinese,official_lang,work.official_lang,married,single.detached.house,non.movers
410270,933,a15_19,f,ao_esao_Chinese,official_lang,work.no.official_lang,no.married,single.detached.house,non.movers
87662,933,a20_24,f,onao_Canadian,official_lang,work.official_lang,no.married,single.detached.house,non.movers
234513,933,a50_54,m,eo_weo_German,official_lang,work.official_lang,married,single.detached.house,non.movers
401250,933,a0_4,f,ao_osao,official_lang,work.no.official_lang,no.married,apartment,non.movers
123105,933,a65_69,m,eo_eeo_Ukrainian,official_lang,work.official_lang,married,single.detached.house,non.movers
16074,933,a35_39,m,ao_esao_Filipino,official_lang,work.official_lang,no.married,single.detached.house,other.movers
145748,933,a25_29,f,eo_weo_German,official_lang,work.official_lang,married,other.attached,non.movers
874142,933,a60_64,m,ao_esao_Chinese,no.official_lang,work.no.official_lang,married,single.detached.house,non.movers
396218,933,a55_59,m,ao_oesao,official_lang,work.official_lang,married,other.attached,non.movers
107601,933,a40_44,m,ao_osao,official_lang,work.official_lang,married,apartment,non.movers
688306,933,a60_64,f,ao_esao_Chinese,official_lang,work.official_lang,divorced,apartment,non.movers
921958,933,a85_,m,eo_bio_Irish,official_lang,work.no.official_lang,widowed,single.detached.house,non.movers
429960,933,a20_24,m,ao_esao_Chinese,official_lang,work.official_lang,no.married,single.detached.house,interprovincial.movers
313509,933,a75_79,f,eo_weo_German,official_lang,work.no.official_lang,divorced,apartment,non.movers
102009,933,a25_29,f,ao_oesao,official_lang,work.official_lang,no.married,single.detached.house,non.movers
126839,933,a40_44,m,ao_esao_Chinese,no.official_lang,work.no.official_lang,divorced,apartment,nonmigrants.movers
704649,933,a60_64,m,eo_obio,official_lang,work.official_lang,married,single.detached.house,non.movers
29257,933,a10_14,m,ao_oesao,official_lang,work.no.official_lang,no.married,apartment,external.movers
95109,933,a10_14,f,ao_sao_ei,official_lang,work.no.official_lang,no.married,apartment,non.movers
851529,933,a70_74,f,eo_weo_German,official_lang,work.no.official_lang,married,single.detached.house,non.movers
752104,933,a50_54,m,ao_esao_Chinese,official_lang,work.official_lang,married,single.detached.house,non.movers
807434,933,a50_54,m,ao_esao_Chinese,official_lang,work.official_lang,married,single.detached.house,non.movers
303853,933,a20_24,f,ao_oesao,official_lang,work.official_lang,no.married,apartment,non.movers
902922,933,a60_64,f,eo_eeo_Russian,official_lang,work.official_lang,divorced,apartment,non.movers
222095,933,a25_29,m,ao_esao_Chinese,official_lang,work.official_lang,no.married,other.attached,non.movers
139298,933,a35_39,f,ao_esao_Filipino,official_lang,work.official_lang,married,apartment,non.movers
428837,933,a55_59,f,eo_oeeo,official_lang,work.official_lang,living.common.law,apartment,nonmigrants.movers
355056,933,a50_54,f,ao_esao_Filipino,official_lang,work.official_lang,married,apartment,nonmigrants.movers
114319,933,a25_29,f,ao_esao_Chinese,official_lang,work.official_lang,married,apartment,other.movers
162281,933,a80_84,f,eo_bio_Irish,official_lang,work.no.official_lang,married,single.detached.house,non.movers
429822,933,a20_24,f,ao_sao_ei,official_lang,work.official_lang,no.married,apartment,non.movers
842363,933,a45_49,f,ao_esao_Chinese,official_lang,work.official_lang,married,other.attached,non.movers
188786,933,a55_59,m,eo_neo,official_lang,work.official_lang,no.married,apartment,non.movers
607943,933,a20_24,f,ao_oesao,official_lang,work.official_lang,living.common.law,apartment,non.movers
653778,933,a50_54,f,ao_esao_Chinese,no.official_lang,work.no.official_lang,married,single.detached.house,external.movers
250526,933,a0_4,f,ao_oesao,official_lang,work.no.official_lang,no.married,apartment,non.movers
818041,933,a45_49,f,ao_esao_Chinese,official_lang,work.official_lang,married,single.detached.house,non.movers
104664,933,a60_64,f,ao_esao_Chinese,official_lang,work.official_lang,married,apartment,non.movers
911263,933,a5_9,f,ao_osao,official_lang,work.no.official_lang,no.married,apartment,non.movers
322673,933,a40_44,f,ao_oesao,official_lang,work.official_lang,living.common.law,apartment,non.movers
581218,933,a10_14,f,ao_esao_Chinese,official_lang,work.no.official_lang,no.married,single.detached.house,non.movers
680730,933,a25_29,f,ao_sao_ei,official_lang,work.official_lang,no.married,apartment,non.movers
611681,933,a5_9,m,onao_Canadian,official_lang,work.no.official_lang,no.married,single.detached.house,non.movers
167325,933,a55_59,m,ao_esao_Chinese,official_lang,work.official_lang,married,single.detached.house,non.movers
691449,933,a50_54,m,ao_esao_Chinese,official_lang,work.official_lang,married,apartment,non.movers
564062,933,a30_34,m,ao_oesao,no.official_lang,work.official_lang,married,apartment,non.movers
524612,933,a40_44,m,ao_sao_ei,official_lang,work.official_lang,married,single.detached.house,non.movers
906243,933,a50_54,f,ao_esao_Filipino,official_lang,work.official_lang,married,other.attached,non.movers
390705,933,a15_19,f,ao_esao_Chinese,official_lang,work.no.official_lang,no.married,apartment,other.movers
165762,933,a10_14,m,onao_Canadian,official_lang,work.no.official_lang,no.married,apartment,non.movers
343309,933,a50_54,f,ao_sao_ei,official_lang,work.official_lang,married,apartment,external.movers
583070,933,a75_79,f,ao_esao_Chinese,official_lang,work.no.official_lang,married,single.detached.house,non.movers
173462,933,a5_9,m,ao_oesao,official_lang,work.no.official_lang,no.married,apartment,non.movers
75862,933,a25_29,f,ao_oesao,official_lang,work.official_lang,no.married,apartment,non.movers
656266,933,a40_44,m,ao_esao_Chinese,official_lang,work.no.official_lang,married,apartment,non.movers
666454,933,a55_59,m,ao_wcameo,official_lang,work.official_lang,married,apartment,non.movers
541931,933,a60_64,f,eo_oeeo,official_lang,work.no.official_lang,married,single.detached.house,non.movers
791720,933,a20_24,f,eo_bio_Irish,official_lang,work.official_lang,no.married,apartment,non.movers
819926,933,a30_34,f,eo_oeeo,official_lang,work.official_lang,married,other.attached,non.movers
413176,933,a35_39,m,ao_sao_ei,official_lang,work.no.official_lang,no.married,apartment,non.movers
144812,933,a25_29,f,ao_esao_Chinese,official_lang,work.official_lang,no.married,apartment,non.movers
871100,933,a35_39,m,ao_oesao,official_lang,work.official_lang,no.married,single.detached.house,non.movers
389366,933,a10_14,f,ao_esao_Chinese,official_lang,work.no.official_lang,no.married,single.detached.house,non.movers
284473,933,a80_84,f,ao_esao_Chinese,no.official_lang,work.no.official_lang,married,apartment,other.movers
368822,933,a5_9,f,ao_osao,official_lang,work.no.official_lang,no.married,apartment,nonmigrants.movers
170520,933,a40_44,m,ao_esao_Filipino,official_lang,work.official_lang,no.married,apartment,non.movers
698042,933,a20_24,f,eo_eeo_Russian,official_lang,work.official_lang,no.married,apartment,non.movers
69922,933,a65_69,f,eo_neo,official_lang,work.no.official_lang,no.married,single.detached.house,non.movers
473742,933,a20_24,m,ao_sao_ei,official_lang,work.official_lang,no.married,apartment,nonmigrants.movers
404122,933,a20_24,f,ao_esao_Chinese,official_lang,work.official_lang,no.married,apartment,nonmigrants.movers
858725,933,a45_49,f,ao_esao_Chinese,official_lang,work.official_lang,married,apartment,non.movers
549262,933,a25_29,m,ao_wcameo,official_lang,work.official_lang,no.married,apartment,non.movers
591247,933,a20_24,f,ao_sao_ei,official_lang,work.official_lang,no.married,apartment,non.movers
560458,933,a40_44,f,ao_sao_ei,official_lang,work.official_lang,divorced,other.attached,non.movers
808573,933,a5_9,f,ao_esao_Chinese,official_lang,work.no.official_lang,no.married,apartment,non.movers
325509,933,a75_79,f,ao_oesao,official_lang,work.no.official_lang,married,apartment,non.movers
893740,933,a80_84,f,eo_bio_English,official_lang,work.no.official_lang,married,apartment,non.movers
861661,933,a0_4,f,ao_sao_ei,official_lang,work.no.official_lang,no.married,apartment,non.movers
237557,933,a60_64,m,ao_esao_Chinese,official_lang,work.no.official_lang,married,other.attached,non.movers
153446,933,a10_14,f,eo_bio_Scottish,official_lang,work.no.official_lang,no.married,single.detached.house,non.movers
117502,933,a65_69,f,eo_bio_English,official_lang,work.no.official_lang,married,single.detached.house,non.movers
656652,933,a60_64,f,ao_esao_Chinese,official_lang,work.no.official_lang,married,single.detached.house,non.movers
904993,933,a45_49,m,ao_sao_ei,official_lang,work.official_lang,married,single.detached.house,non.movers
101976,933,a20_24,f,ao_esao_Filipino,official_lang,work.official_lang,no.married,apartment,external.movers
330365,933,a75_79,f,eo_bio_English,official_lang,work.no.official_lang,married,apartment,non.movers
102550,933,a75_79,m,eo_seo_Portuguese,official_lang,work.no.official_lang,married,single.detached.house,non.movers
552306,933,a30_34,m,ao_oesao,official_lang,work.official_lang,married,apartment,nonmigrants.movers
272927,933,a80_84,f,ao_sao_ei,official_lang,work.no.official_lang,married,apartment,non.movers
869349,933,a85_,f,ao_esao_Chinese,no.official_lang,work.no.official_lang,widowed,single.detached.house,non.movers
531335,933,a85_,f,onao_Canadian,official_lang,work.no.official_lang,married,single.detached.house,non.movers
66966,933,a15_19,m,ao_esao_Chinese,official_lang,work.no.official_lang,no.married,apartment,external.movers
719833,933,a50_54,m,eo_weo_German,official_lang,work.official_lang,no.married,single.detached.house,non.movers
79543,933,a20_24,f,ao_esao_Chinese,official_lang,work.no.official_lang,no.married,other.attached,non.movers
843947,933,a30_34,f,ao_esao_Chinese,official_lang,work.official_lang,married,apartment,nonmigrants.movers
665403,933,a35_39,f,eo_bio_English,official_lang,work.official_lang,married,single.detached.house,non.movers
674722,933,a45_49,f,ao_esao_Chinese,official_lang,work.official_lang,married,single.detached.house,non.movers
86272,933,a35_39,f,ao_esao_Chinese,official_lang,work.no.official_lang,married,apartment,non.movers
817034,933,a25_29,m,eo_seo_Greek,official_lang,work.official_lang,no.married,apartment,nonmigrants.movers
221809,933,a0_4,f,onao_Canadian,official_lang,work.no.official_lang,no.married,other.attached,other.movers
671564,933,a35_39,f,ao_esao_Chinese,official_lang,work.official_lang,living.common.law,apartment,non.movers
548517,933,a40_44,m,ao_esao_Chinese,official_lang,work.official_lang,married,apartment,non.movers
457180,933,a30_34,f,ao_sao_ei,official_lang,work.official_lang,married,apartment,non.movers
477146,933,a35_39,f,ao_oesao,official_lang,work.no.official_lang,married,single.detached.house,external.movers
438932,933,a15_19,f,ao_sao_ei,official_lang,work.no.official_lang,no.married,apartment,non.movers
744441,933,a65_69,f,ao_wcameo,official_lang,work.no.official_lang,divorced,apartment,non.movers
555144,933,a60_64,m,ao_esao_Chinese,official_lang,work.official_lang,married,other.attached,non.movers
895675,933,a15_19,f,ao_sao_ei,official_lang,work.no.official_lang,no.married,apartment,non.movers
738622,933,a50_54,m,eo_seo_Italian,official_lang,work.official_lang,living.common.law,single.detached.house,non.movers
157848,933,a10_14,m,ao_sao_ei,official_lang,work.no.official_lang,no.married,apartment,nonmigrants.movers
291905,933,a25_29,f,ao_esao_Chinese,official_lang,work.official_lang,married,other.attached,non.movers
185911,933,a10_14,m,ao_sao_ei,official_lang,work.no.official_lang,no.married,other.attached,non.movers
274301,933,a35_39,m,ao_esao_Chinese,official_lang,work.official_lang,married,single.detached.house,nonmigrants.movers
530098,933,a75_79,m,eo_eeo_Ukrainian,official_lang,work.no.official_lang,married,other.attached,non.movers
342905,933,a25_29,m,ao_oesao,official_lang,work.official_lang,no.married,apartment,non.movers
567476,933,a50_54,m,ao_esao_Chinese,official_lang,work.official_lang,married,apartment,non.movers
33173,933,a45_49,f,eo_oeo,official_lang,work.no.official_lang,married,apartment,non.movers
295134,933,a5_9,m,ao_esao_Chinese,official_lang,work.no.official_lang,no.married,single.detached.house,non.movers
348663,933,a30_34,m,ao_sao_ei,official_lang,work.official_lang,no.married,single.detached.house,non.movers
114749,933,a30_34,f,ao_osao,official_lang,work.official_lang,married,apartment,non.movers
183040,933,a40_44,f,ao_sao_ei,official_lang,work.official_lang,married,single.detached.house,non.movers
305004,933,a10_14,f,ao_osao,official_lang,work.no.official_lang,no.married,apartment,non.movers
563209,933,a55_59,m,ao_esao_Chinese,no.official_lang,work.no.official_lang,married,other.attached,non.movers
163774,933,a80_84,f,ao_esao_Chinese,official_lang,work.no.official_lang,married,apartment,non.movers
890831,933,a45_49,f,ao_sao_ei,official_lang,work.official_lang,married,single.detached.house,non.movers
258971,933,a45_49,m,ao_oesao,no.official_lang,work.official_lang,married,apartment,non.movers
808332,933,a5_9,f,ao,official_lang,work.no.official_lang,no.married,apartment,non.movers
289756,933,a60_64,f,ao_esao_Chinese,official_lang,work.no.official_lang,married,single.detached.house,non.movers
376445,933,a45_49,f,eo_weo_German,official_lang,work.official_lang,married,apartment,nonmigrants.movers
528159,933,a45_49,f,onao_Canadian,official_lang,work.official_lang,no.married,apartment,non.movers
381319,933,a50_54,m,eo_eeo_Ukrainian,official_lang,work.official_lang,widowed,single.detached.house,non.movers
147678,933,a50_54,m,ao_oesao,official_lang,work.official_lang,married,apartment,non.movers
788456,933,a45_49,m,ao_esao_Chinese,no.official_lang,work.no.official_lang,married,single.detached.house,nonmigrants.movers
98633,933,a35_39,f,ao,official_lang,work.official_lang,living.common.law,other.attached,non.movers
764510,933,a40_44,m,ao_sao_ei,official_lang,work.official_lang,married,apartment,non.movers
219231,933,a60_64,f,eo_weo_German,official_lang,work.official_lang,married,single.detached.house,non.movers
140639,933,a55_59,m,eo_seo_Italian,official_lang,work.official_lang,no.married,apartment,non.movers
424958,933,a15_19,m,ao_oesao,official_lang,work.no.official_lang,no.married,other.attached,non.movers
629753,933,a50_54,m,eo_bio_English,official_lang,work.official_lang,married,single.detached.house,non.movers
429821,933,a25_29,f,ao_esao_Chinese,official_lang,work.no.official_lang,married,apartment,non.movers
800425,933,a65_69,m,ao_wcameo,official_lang,work.no.official_lang,married,apartment,non.movers
67992,933,a55_59,m,ao_esao_Filipino,official_lang,work.official_lang,married,single.detached.house,non.movers
805526,933,a0_4,f,ao_esao_Chinese,official_lang,work.no.official_lang,no.married,single.detached.house,non.movers
238696,933,a65_69,m,eo_fo,official_lang,work.official_lang,married,apartment,nonmigrants.movers
670846,933,a55_59,f,ao_esao_Chinese,no.official_lang,work.no.official_lang,separated,apartment,non.movers
539597,933,a30_34,f,ao_esao_Chinese,official_lang,work.official_lang,married,apartment,nonmigrants.movers
113883,933,a15_19,m,ao_esao_Filipino,official_lang,work.no.official_lang,no.married,apartment,non.movers
513630,933,a85_,f,eo_eeo_Ukrainian,official_lang,work.no.official_lang,widowed,apartment,non.movers
825386,933,a35_39,m,ao_sao_ei,official_lang,work.no.official_lang,married,apartment,non.movers
592013,933,a35_39,m,eo_bio_English,official_lang,work.official_lang,living.common.law,apartment,nonmigrants.movers
621840,933,a55_59,m,eo_bio_Irish,official_lang,work.official_lang,no.married,apartment,non.movers
760870,933,a50_54,m,onao_Canadian,official_lang,work.official_lang,married,apartment,non.movers
789429,933,a10_14,m,ao_esao_Filipino,official_lang,work.no.official_lang,no.married,apartment,non.movers
728498,933,a35_39,f,ao_esao_Filipino,official_lang,work.official_lang,divorced,apartment,non.movers
689252,933,a30_34,m,ao_sao_ei,official_lang,work.official_lang,married,apartment,non.movers
40304,933,a20_24,m,ao_wcameo,official_lang,work.official_lang,no.married,apartment,non.movers
189586,933,a40_44,m,ao_esao_Chinese,official_lang,work.official_lang,no.married,apartment,non.movers
142242,933,a40_44,m,eo_weo_German,official_lang,work.official_lang,married,other.attached,non.movers
376766,933,a20_24,f,ao_esao_Chinese,official_lang,work.no.official_lang,no.married,apartment,external.movers
182754,933,a20_24,m,ao_esao_Chinese,official_lang,work.no.official_lang,no.married,single.detached.house,nonmigrants.movers
749342,933,a30_34,m,ao_esao_Chinese,official_lang,work.official_lang,no.married,single.detached.house,non.movers
479237,933,a20_24,m,ao_esao_Chinese,official_lang,work.official_lang,no.married,other.attached,non.movers
652339,933,a40_44,f,ao_esao_Chinese,official_lang,work.no.official_lang,married,other.attached,non.movers
506222,933,a45_49,m,lcsao,official_lang,work.no.official_lang,married,apartment,non.movers
340037,933,a40_44,m,eo_seo_Italian,official_lang,work.official_lang,divorced,single.detached.house,non.movers
531454,933,a50_54,m,eo_weo_German,official_lang,work.no.official_lang,married,other.attached,non.movers
454128,933,a70_74,m,eo_bio_English,official_lang,work.no.official_lang,married,apartment,non.movers
682248,933,a30_34,m,ao_sao_ei,official_lang,work.official_lang,married,apartment,nonmigrants.movers
22928,933,a15_19,m,ao_esao_Chinese,official_lang,work.no.official_lang,no.married,other.attached,external.movers
429073,933,a25_29,f,ao_oesao,official_lang,work.no.official_lang,no.married,apartment,other.movers
885717,933,a45_49,m,ao_esao_Chinese,official_lang,work.no.official_lang,no.married,single.detached.house,non.movers
525576,933,a15_19,m,eo_eeo_Russian,official_lang,work.no.official_lang,no.married,other.attached,non.movers
45618,933,a15_19,m,ao_esao_Chinese,official_lang,work.no.official_lang,no.married,other.attached,non.movers
588547,933,a55_59,f,ao_esao_Chinese,official_lang,work.official_lang,divorced,apartment,non.movers
695609,933,a70_74,m,ao_esao_Chinese,no.official_lang,work.no.official_lang,married,apartment,external.movers
88983,933,a40_44,f,ao_sao_ei,official_lang,work.official_lang,no.married,apartment,non.movers
684682,933,a70_74,m,ao_esao_Chinese,no.official_lang,work.no.official_lang,married,apartment,non.movers
564822,933,a55_59,f,ao_sao_ei,official_lang,work.official_lang,married,other.attached,non.movers
700388,933,a65_69,m,ao_sao_ei,no.official_lang,work.official_lang,married,other.attached,non.movers
403060,933,a80_84,f,eo_eeo_Ukrainian,official_lang,work.no.official_lang,married,other.attached,non.movers
792958,933,a60_64,m,ao_esao_Chinese,official_lang,work.official_lang,married,apartment,non.movers
444069,933,a55_59,m,ao_oesao,no.official_lang,work.official_lang,married,apartment,non.movers
379545,933,a70_74,f,eo_seo_Italian,official_lang,work.no.official_lang,married,apartment,non.movers
3785,933,a50_54,m,onao_Canadian,official_lang,work.official_lang,no.married,apartment,non.movers
922231,933,a85_,f,eo_weo_German,official_lang,work.no.official_lang,widowed,apartment,non.movers
140327,933,a35_39,f,ao_sao_ei,official_lang,work.official_lang,married,single.detached.house,non.movers
466178,933,a35_39,f,ao_esao_Chinese,official_lang,work.official_lang,married,single.detached.house,non.movers
722872,933,a55_59,m,ao_esao_Chinese,official_lang,work.official_lang,married,single.detached.house,non.movers
907067,933,a20_24,f,ao_esao_Chinese,official_lang,work.no.official_lang,no.married,single.detached.house,non.movers
318992,933,a35_39,f,ao_esao_Chinese,official_lang,work.official_lang,married,single.detached.house,non.movers
190654,933,a65_69,f,ao_sao_ei,no.official_lang,work.no.official_lang,married,single.detached.house,non.movers
80107,933,a70_74,m,ao_esao_Chinese,official_lang,work.official_lang,married,apartment,non.movers
773879,933,a60_64,m,ao_sao_ei,official_lang,work.official_lang,married,apartment,non.movers
838527,933,a50_54,f,ao_esao_Chinese,no.official_lang,work.no.official_lang,married,apartment,non.movers
465467,933,a45_49,m,ao_sao_ei,official_lang,work.official_lang,married,single.detached.house,non.movers
831201,933,a60_64,f,ao_esao_Chinese,official_lang,work.official_lang,no.married,single.detached.house,non.movers
850500,933,a60_64,f,ao_esao_Chinese,no.official_lang,work.no.official_lang,married,single.detached.house,non.movers
469774,933,a35_39,m,naao,official_lang,work.official_lang,no.married,apartment,nonmigrants.movers
395330,933,a40_44,f,ao_sao_ei,official_lang,work.official_lang,married,apartment,non.movers
212640,933,a20_24,f,onao_Canadian,official_lang,work.official_lang,no.married,apartment,external.movers
370736,933,a35_39,m,ao_oesao,official_lang,work.official_lang,married,apartment,non.movers
559047,933,a25_29,m,ao_oesao,no.official_lang,work.official_lang,married,apartment,non.movers
662186,933,a20_24,m,ao_esao_Chinese,official_lang,work.no.official_lang,no.married,single.detached.house,external.movers
689734,933,a50_54,f,ao_sao_ei,official_lang,work.no.official_lang,married,apartment,non.movers
826288,933,a65_69,f,ao_oesao,official_lang,work.no.official_lang,married,single.detached.house,non.movers
156967,933,a35_39,f,eo_oeeo,official_lang,work.official_lang,married,apartment,nonmigrants.movers
553521,933,a45_49,f,ao_sao_ei,official_lang,work.official_lang,married,apartment,non.movers
47090,933,a60_64,f,ao_esao_Chinese,no.official_lang,work.no.official_lang,divorced,apartment,non.movers
651388,933,a5_9,m,ao_wcameo,official_lang,work.no.official_lang,no.married,apartment,external.movers
189299,933,a15_19,f,ao_esao_Chinese,official_lang,work.no.official_lang,no.married,apartment,nonmigrants.movers
923165,933,a35_39,f,eo_oeo,official_lang,work.official_lang,no.married,apartment,non.movers
389932,933,a25_29,f,onao_Canadian,official_lang,work.official_lang,no.married,apartment,non.movers
491544,933,a5_9,f,ao_esao_Chinese,official_lang,work.no.official_lang,no.married,single.detached.house,non.movers
171158,933,a30_34,m,ao_esao_Chinese,official_lang,work.official_lang,married,single.detached.house,non.movers
204920,933,a15_19,m,ao_esao_Filipino,official_lang,work.no.official_lang,no.married,other.attached,non.movers
315727,933,a50_54,f,eo_obio,official_lang,work.official_lang,living.common.law,other.attached,non.movers
84142,933,a45_49,f,ao_esao_Filipino,official_lang,work.official_lang,married,apartment,non.movers
759666,933,a40_44,f,ao_esao_Chinese,official_lang,work.official_lang,married,other.attached,non.movers
288337,933,a55_59,f,eo_bio_English,official_lang,work.official_lang,divorced,apartment,non.movers
921724,933,a25_29,f,eo_seo_Spanish,official_lang,work.official_lang,living.common.law,apartment,non.movers
200115,933,a50_54,f,ao_oesao,official_lang,work.no.official_lang,married,other.attached,non.movers
63655,933,a20_24,m,ao_wcameo,official_lang,work.official_lang,no.married,apartment,non.movers
738431,933,a75_79,f,ao_esao_Filipino,official_lang,work.no.official_lang,widowed,apartment,non.movers
6649,933,a65_69,m,eo_bio_Scottish,official_lang,work.official_lang,married,apartment,non.movers
90042,933,a45_49,m,ao_esao_Chinese,official_lang,work.no.official_lang,no.married,single.detached.house,non.movers
199627,933,a30_34,f,eo_weo_German,official_lang,work.official_lang,no.married,apartment,non.movers
501968,933,a55_59,f,ao_esao_Chinese,official_lang,work.official_lang,divorced,other.attached,non.movers
655896,933,a55_59,m,ao_oesao,official_lang,work.no.official_lang,married,apartment,non.movers
615494,933,a55_59,f,ao_esao_Chinese,official_lang,work.official_lang,married,apartment,non.movers
351821,933,a20_24,m,ao_wcameo,official_lang,work.official_lang,no.married,apartment,non.movers
560028,933,a60_64,f,ao_esao_Chinese,no.official_lang,work.no.official_lang,married,other.attached,non.movers
760417,933,a10_14,f,ao_esao_Filipino,official_lang,work.no.official_lang,no.married,single.detached.house,non.movers
331385,933,a40_44,f,ao_sao_ei,official_lang,work.official_lang,married,apartment,non.movers
251850,933,a65_69,m,eo_bio_Scottish,official_lang,work.no.official_lang,married,single.detached.house,non.movers
748697,933,a45_49,f,ao_esao_Chinese,official_lang,work.no.official_lang,married,single.detached.house,non.movers
612570,933,a50_54,m,eo_weo_German,official_lang,work.official_lang,married,apartment,non.movers
450030,933,a50_54,f,ao_wcameo,official_lang,work.no.official_lang,married,apartment,non.movers
853804,933,a5_9,m,ao_sao_ei,official_lang,work.no.official_lang,no.married,apartment,non.movers
480028,933,a50_54,m,ao_esao_Chinese,official_lang,work.official_lang,married,single.detached.house,non.movers
186840,933,a5_9,m,onao_Canadian,official_lang,work.no.official_lang,no.married,apartment,non.movers
637751,933,a0_4,f,onao_Canadian,official_lang,work.no.official_lang,no.married,apartment,non.movers
406578,933,a40_44,f,ao_esao_Filipino,official_lang,work.official_lang,married,apartment,non.movers
103254,933,a50_54,f,eo_bio_English,official_lang,work.official_lang,no.married,apartment,non.movers
153437,933,a55_59,f,eo_neo,official_lang,work.official_lang,married,other.attached,non.movers
16223,933,a15_19,m,ao_sao_ei,official_lang,work.official_lang,no.married,apartment,non.movers
878315,933,a60_64,m,ao_oesao,official_lang,work.no.official_lang,widowed,apartment,non.movers
589967,933,a30_34,f,ao_esao_Chinese,official_lang,work.official_lang,married,single.detached.house,nonmigrants.movers
28838,933,a45_49,m,eo_weo_German,official_lang,work.official_lang,no.married,single.detached.house,non.movers
676578,933,a85_,f,eo_bio_Irish,official_lang,work.no.official_lang,divorced,apartment,non.movers
774899,933,a50_54,m,eo_bio_Scottish,official_lang,work.official_lang,living.common.law,apartment,non.movers
820427,933,a65_69,f,oo,official_lang,work.no.official_lang,married,apartment,non.movers
362432,933,a45_49,f,ao_esao_Filipino,official_lang,work.official_lang,married,apartment,nonmigrants.movers
628967,933,a85_,f,ao_esao_Chinese,no.official_lang,work.no.official_lang,widowed,apartment,non.movers
227311,933,a60_64,m,eo_bio_Scottish,official_lang,work.official_lang,married,other.attached,non.movers
280004,933,a25_29,f,onao_Canadian,official_lang,work.official_lang,no.married,single.detached.house,non.movers
419951,933,a30_34,m,ao,official_lang,work.official_lang,no.married,other.attached,non.movers
266577,933,a60_64,m,eo_eeo_Hungarian,official_lang,work.official_lang,married,single.detached.house,non.movers
324289,933,a70_74,m,ao_oesao,official_lang,work.no.official_lang,divorced,apartment,non.movers
278537,933,a60_64,f,ao_esao_Chinese,official_lang,work.official_lang,married,single.detached.house,non.movers
526732,933,a25_29,f,ao_esao_Chinese,official_lang,work.official_lang,no.married,apartment,non.movers
51722,933,a50_54,m,ao_esao_Chinese,official_lang,work.official_lang,married,apartment,nonmigrants.movers
128948,933,a65_69,f,ao_oesao,official_lang,work.no.official_lang,married,single.detached.house,non.movers
816510,933,a10_14,m,ao_sao_ei,official_lang,work.no.official_lang,no.married,apartment,non.movers
671715,933,a25_29,f,ao_esao_Filipino,official_lang,work.official_lang,no.married,apartment,non.movers
368852,933,a70_74,m,onao_Canadian,official_lang,work.official_lang,married,apartment,non.movers
616238,933,a35_39,m,onao_Canadian,official_lang,work.official_lang,no.married,apartment,non.movers
225202,933,a55_59,m,ao_oesao,official_lang,work.official_lang,no.married,apartment,non.movers
113361,933,a45_49,f,ao,official_lang,work.no.official_lang,married,single.detached.house,non.movers
325884,933,a5_9,m,ao_osao,official_lang,work.no.official_lang,no.married,apartment,nonmigrants.movers
229576,933,a10_14,f,ao_esao_Chinese,official_lang,work.no.official_lang,no.married,single.detached.house,non.movers
227649,933,a55_59,m,ao_esao_Chinese,official_lang,work.official_lang,married,single.detached.house,non.movers
603991,933,a0_4,f,naao,official_lang,work.no.official_lang,no.married,apartment,nonmigrants.movers
312559,933,a60_64,f,ao_esao_Filipino,official_lang,work.official_lang,married,other.attached,non.movers
848586,933,a70_74,f,eo_bio_English,official_lang,work.no.official_lang,widowed,apartment,nonmigrants.movers
410798,933,a45_49,f,ao_esao_Chinese,official_lang,work.no.official_lang,married,apartment,non.movers
500622,933,a20_24,f,eo_weo_German,official_lang,work.official_lang,no.married,single.detached.house,other.movers
332304,933,a40_44,m,eo_fo,official_lang,work.official_lang,married,apartment,non.movers
831386,933,a55_59,f,ao_esao_Filipino,official_lang,work.no.official_lang,married,single.detached.house,other.movers
902214,933,a35_39,m,ao_oesao,official_lang,work.official_lang,no.married,other.attached,non.movers
587255,933,a5_9,m,onao_Canadian,official_lang,work.no.official_lang,no.married,single.detached.house,non.movers
407965,933,a65_69,m,ao_sao_ei,official_lang,work.no.official_lang,married,apartment,nonmigrants.movers
115261,933,a45_49,m,ao_wcameo,official_lang,work.official_lang,married,apartment,non.movers
845820,933,a50_54,f,ao_esao_Chinese,official_lang,work.no.official_lang,married,single.detached.house,non.movers
212967,933,a50_54,f,ao_oesao,official_lang,work.no.official_lang,married,other.attached,non.movers
788199,933,a70_74,m,ao_oesao,official_lang,work.no.official_lang,married,apartment,non.movers
579644,933,a20_24,f,ao_sao_ei,official_lang,work.official_lang,no.married,single.detached.house,non.movers
578252,933,a20_24,f,ao_esao_Chinese,official_lang,work.no.official_lang,no.married,apartment,non.movers
170210,933,a45_49,m,eo_bio_Irish,no.official_lang,work.no.official_lang,no.married,single.detached.house,non.movers
84723,933,a50_54,m,ao_esao_Chinese,official_lang,work.official_lang,married,single.detached.house,non.movers
803669,933,a35_39,m,eo_weo_German,official_lang,work.official_lang,no.married,apartment,non.movers
121916,933,a40_44,f,ao_esao_Chinese,official_lang,work.official_lang,married,apartment,non.movers
196606,933,a70_74,m,ao_sao_ei,no.official_lang,work.no.official_lang,married,apartment,non.movers
196318,933,a5_9,f,ao_sao_ei,official_lang,work.no.official_lang,no.married,apartment,non.movers
324179,933,a25_29,f,ao_oesao,official_lang,work.no.official_lang,no.married,apartment,external.movers
168139,933,a40_44,f,ao_sao_ei,official_lang,work.official_lang,married,single.detached.house,non.movers
44993,933,a45_49,f,eo_seo_Italian,official_lang,work.official_lang,divorced,single.detached.house,non.movers
356404,933,a25_29,f,ao_oesao,official_lang,work.official_lang,married,single.detached.house,non.movers
142315,933,a20_24,f,onao_Canadian,official_lang,work.official_lang,no.married,apartment,nonmigrants.movers
927526,933,a40_44,m,ao_sao_ei,official_lang,work.official_lang,divorced,apartment,other.movers
711518,933,a10_14,f,ao_sao_ei,official_lang,work.no.official_lang,no.married,single.detached.house,non.movers
470035,933,a15_19,f,ao_sao_ei,official_lang,work.official_lang,no.married,single.detached.house,nonmigrants.movers
331161,933,a20_24,f,eo_bio_English,official_lang,work.official_lang,living.common.law,apartment,nonmigrants.movers
290106,933,a15_19,m,ao_sao_ei,official_lang,work.official_lang,no.married,apartment,non.movers
339666,933,a45_49,f,ao_esao_Filipino,official_lang,work.official_lang,married,apartment,non.movers
305523,933,a30_34,f,ao_esao_Filipino,official_lang,work.official_lang,no.married,single.detached.house,other.movers
651867,933,a65_69,f,eo_oeeo,official_lang,work.no.official_lang,married,single.detached.house,non.movers
190930,933,a60_64,m,ao_esao_Chinese,no.official_lang,work.no.official_lang,married,apartment,non.movers
758238,933,a80_84,m,ao_oesao,official_lang,work.no.official_lang,widowed,single.detached.house,non.movers
737333,933,a10_14,m,co_Jamaican,official_lang,work.no.official_lang,no.married,single.detached.house,non.movers
574439,933,a40_44,m,ao_esao_Filipino,official_lang,work.official_lang,married,apartment,nonmigrants.movers
484471,933,a20_24,m,ao_esao_Chinese,official_lang,work.official_lang,no.married,other.attached,non.movers
496316,933,a20_24,m,ao_esao_Chinese,official_lang,work.official_lang,no.married,apartment,non.movers
273761,933,a5_9,f,ao_esao_Chinese,official_lang,work.no.official_lang,no.married,other.attached,non.movers
636335,933,a45_49,m,ao_sao_ei,official_lang,work.no.official_lang,married,apartment,non.movers
592246,933,a15_19,m,ao_esao_Chinese,official_lang,work.official_lang,no.married,apartment,non.movers
610878,933,a45_49,m,eo_fo,official_lang,work.official_lang,living.common.law,single.detached.house,non.movers
753306,933,a55_59,f,eo_bio_English,official_lang,work.official_lang,divorced,single.detached.house,non.movers
113445,933,a15_19,m,ao_osao,official_lang,work.official_lang,no.married,apartment,nonmigrants.movers
506082,933,a35_39,m,eo_oseo,official_lang,work.official_lang,married,single.detached.house,non.movers
822373,933,a10_14,m,ao_esao_Chinese,official_lang,work.no.official_lang,no.married,apartment,other.movers
797606,933,a60_64,m,eo_bio_English,official_lang,work.no.official_lang,no.married,single.detached.house,non.movers
501670,933,a55_59,f,eo_weo_Dutch,official_lang,work.official_lang,living.common.law,apartment,non.movers
504150,933,a20_24,f,onao_Canadian,official_lang,work.official_lang,no.married,single.detached.house,non.movers
634908,933,a15_19,m,onao_Canadian,official_lang,work.official_lang,no.married,apartment,non.movers
630271,933,a65_69,f,ao_oesao,official_lang,work.no.official_lang,divorced,apartment,non.movers
325802,933,a5_9,f,onao_Canadian,official_lang,work.no.official_lang,no.married,single.detached.house,non.movers
704106,933,a55_59,f,ao_sao_ei,official_lang,work.no.official_lang,married,apartment,non.movers
803638,933,a45_49,f,ao_esao_Chinese,no.official_lang,work.no.official_lang,married,apartment,non.movers
286670,933,a30_34,m,onao_Canadian,official_lang,work.official_lang,married,other.attached,non.movers
735081,933,a25_29,f,eo_eeo_Ukrainian,official_lang,work.official_lang,married,apartment,nonmigrants.movers
914759,933,a60_64,m,ao_esao_Chinese,official_lang,work.official_lang,married,apartment,non.movers
430341,933,a60_64,m,ao_esao_Filipino,official_lang,work.official_lang,married,single.detached.house,non.movers
121916,933,a40_44,f,ao_esao_Chinese,official_lang,work.official_lang,married,apartment,non.movers
684515,933,a45_49,m,eo_weo_German,official_lang,work.official_lang,married,single.detached.house,non.movers
134507,933,a0_4,f,ao_sao_ei,official_lang,work.no.official_lang,no.married,apartment,non.movers
163570,933,a45_49,m,eo_eeo_Ukrainian,official_lang,work.official_lang,divorced,apartment,non.movers
515153,933,a15_19,m,ao_esao_Filipino,official_lang,work.no.official_lang,no.married,other.attached,non.movers
638026,933,a10_14,f,eo_seo_Greek,official_lang,work.no.official_lang,no.married,apartment,non.movers
634919,933,a65_69,f,ao_esao_Chinese,no.official_lang,work.no.official_lang,divorced,apartment,nonmigrants.movers
899199,933,a35_39,f,ao_sao_ei,official_lang,work.no.official_lang,no.married,single.detached.house,non.movers
913613,933,a25_29,m,ao_sao_ei,official_lang,work.official_lang,no.married,single.detached.house,nonmigrants.movers
266493,933,a65_69,f,ao_esao_Chinese,official_lang,work.no.official_lang,married,apartment,non.movers
208792,933,a45_49,f,eo_eeo_Russian,official_lang,work.official_lang,married,single.detached.house,non.movers
406434,933,a60_64,m,ao_sao_ei,official_lang,work.official_lang,married,single.detached.house,non.movers
62452,933,a75_79,f,eo_bio_Scottish,official_lang,work.no.official_lang,married,apartment,non.movers
353415,933,a35_39,f,ao_esao_Chinese,official_lang,work.no.official_lang,married,single.detached.house,non.movers
231234,933,a20_24,m,ao_esao_Chinese,official_lang,work.official_lang,no.married,apartment,non.movers
588289,933,a50_54,f,ao_esao_Filipino,no.official_lang,work.no.official_lang,married,apartment,non.movers
862970,933,a50_54,f,eo_neo,official_lang,work.no.official_lang,divorced,apartment,non.movers
595847,933,a35_39,m,onao_Canadian,official_lang,work.official_lang,no.married,apartment,nonmigrants.movers
265074,933,a25_29,m,eo_bio_Scottish,official_lang,work.official_lang,no.married,apartment,other.movers
206453,933,a55_59,m,ao_esao_Chinese,official_lang,work.official_lang,married,single.detached.house,non.movers
743199,933,a75_79,m,eo_bio_English,official_lang,work.official_lang,divorced,apartment,non.movers
577762,933,a65_69,f,ao_oesao,official_lang,work.no.official_lang,married,other.attached,non.movers
191773,933,a60_64,f,ao_sao_ei,official_lang,work.official_lang,married,apartment,non.movers
633006,933,a10_14,f,ao_esao_Chinese,official_lang,work.no.official_lang,no.married,apartment,nonmigrants.movers
626010,933,a55_59,f,ao_esao_Chinese,official_lang,work.official_lang,married,single.detached.house,non.movers
25006,933,a50_54,m,ao_wcameo,official_lang,work.official_lang,married,apartment,non.movers
896938,933,a25_29,f,ao_esao_Chinese,official_lang,work.official_lang,married,apartment,non.movers
708087,933,a60_64,f,eo_eeo_Ukrainian,official_lang,work.no.official_lang,living.common.law,apartment,non.movers
634919,933,a65_69,f,ao_esao_Chinese,no.official_lang,work.no.official_lang,divorced,apartment,nonmigrants.movers
485344,933,a60_64,f,ao_wcameo,official_lang,work.official_lang,widowed,apartment,non.movers
332952,933,a50_54,m,eo_bio_English,official_lang,work.official_lang,married,single.detached.house,non.movers
386759,933,a5_9,f,ao_sao_ei,official_lang,work.no.official_lang,no.married,single.detached.house,nonmigrants.movers
23231,933,a65_69,f,ao_esao_Chinese,official_lang,work.no.official_lang,married,single.detached.house,non.movers
711965,933,a30_34,f,ao_sao_ei,official_lang,work.official_lang,married,apartment,non.movers
33336,933,a30_34,f,eo_bio_Scottish,official_lang,work.official_lang,separated,apartment,non.movers
372622,933,a70_74,f,eo_eeo_Hungarian,official_lang,work.no.official_lang,divorced,apartment,non.movers
533585,933,a55_59,f,ao_esao_Chinese,official_lang,work.official_lang,married,single.detached.house,non.movers
585033,933,a40_44,f,ao_sao_ei,official_lang,work.no.official_lang,married,single.detached.house,non.movers
54440,933,a25_29,f,ao_oesao,official_lang,work.official_lang,no.married,other.attached,non.movers
676689,933,a65_69,f,eo_bio_Scottish,official_lang,work.no.official_lang,married,apartment,non.movers
599436,933,a5_9,m,ao_sao_ei,official_lang,work.no.official_lang,no.married,single.detached.house,non.movers
569686,933,a15_19,m,ao_esao_Chinese,official_lang,work.no.official_lang,no.married,apartment,non.movers
77945,933,a0_4,m,ao_oesao,official_lang,work.no.official_lang,no.married,single.detached.house,other.movers
623940,933,a50_54,f,ao_oesao,official_lang,work.no.official_lang,married,apartment,non.movers
377106,933,a30_34,f,eo_bio_English,official_lang,work.official_lang,married,other.attached,non.movers
198204,933,a15_19,m,ao_esao_Filipino,official_lang,work.no.official_lang,no.married,apartment,non.movers
96052,933,a30_34,m,ao_sao_ei,official_lang,work.official_lang,married,apartment,nonmigrants.movers
413176,933,a35_39,m,ao_sao_ei,official_lang,work.no.official_lang,no.married,apartment,non.movers
280960,933,a50_54,m,ao_esao_Chinese,no.official_lang,work.no.official_lang,married,single.detached.house,non.movers
484531,933,a10_14,f,onao_Canadian,official_lang,work.no.official_lang,no.married,other.attached,non.movers
900174,933,a35_39,f,ao_sao_ei,official_lang,work.no.official_lang,married,apartment,non.movers
495100,933,a70_74,m,onao_Canadian,official_lang,work.no.official_lang,married,apartment,non.movers
393846,933,a15_19,m,ao_osao,official_lang,work.no.official_lang,no.married,apartment,non.movers
909321,933,a45_49,m,ao_esao_Chinese,official_lang,work.official_lang,living.common.law,single.detached.house,non.movers
418720,933,a25_29,m,eo_oweo,official_lang,work.official_lang,no.married,single.detached.house,non.movers
894930,933,a60_64,f,ao_sao_ei,no.official_lang,work.no.official_lang,widowed,apartment,interprovincial.movers
1461,933,a40_44,f,ao_sao_ei,official_lang,work.official_lang,divorced,apartment,non.movers
543940,933,a65_69,m,ao_sao_ei,official_lang,work.no.official_lang,married,single.detached.house,non.movers
104314,933,a55_59,m,onao_Canadian,official_lang,work.official_lang,married,single.detached.house,non.movers
741316,933,a65_69,f,ao_esao_Filipino,official_lang,work.official_lang,married,apartment,non.movers
695716,933,a50_54,f,ao_esao_Chinese,official_lang,work.no.official_lang,married,apartment,non.movers
492555,933,a25_29,m,ao_esao_Chinese,official_lang,work.official_lang,married,apartment,nonmigrants.movers
155489,933,a50_54,f,ao_sao_ei,official_lang,work.official_lang,married,apartment,non.movers
114429,933,a0_4,m,eo_seo_Italian,official_lang,work.no.official_lang,no.married,single.detached.house,non.movers
509870,933,a35_39,m,lcsao,official_lang,work.official_lang,living.common.law,other.attached,non.movers
521050,933,a30_34,m,ao_esao_Chinese,official_lang,work.official_lang,married,apartment,non.movers
468520,933,a55_59,f,eo_seo_Italian,official_lang,work.official_lang,married,single.detached.house,non.movers
353402,933,a20_24,m,ao_wcameo,official_lang,work.no.official_lang,no.married,apartment,non.movers
879728,933,a35_39,m,ao_sao_ei,official_lang,work.official_lang,no.married,apartment,non.movers
14061,933,a40_44,f,ao_esao_Chinese,official_lang,work.official_lang,married,single.detached.house,non.movers
39349,933,a40_44,f,ao_sao_ei,official_lang,work.official_lang,married,apartment,non.movers
320425,933,a45_49,m,ao_esao_Chinese,no.official_lang,work.no.official_lang,married,apartment,non.movers
309531,933,a35_39,f,ao_sao_ei,official_lang,work.no.official_lang,married,apartment,non.movers
548171,933,a0_4,f,naao,official_lang,work.no.official_lang,no.married,apartment,non.movers
850848,933,a50_54,m,onao_Canadian,official_lang,work.official_lang,married,single.detached.house,non.movers
416315,933,a20_24,f,ao_esao_Chinese,official_lang,work.official_lang,no.married,other.attached,non.movers
526540,933,a45_49,m,eo_weo_Dutch,official_lang,work.official_lang,married,single.detached.house,non.movers
151950,933,a55_59,f,ao_esao_Chinese,official_lang,work.official_lang,married,apartment,non.movers
282658,933,a0_4,f,ao_esao_Chinese,no.official_lang,work.no.official_lang,no.married,apartment,non.movers
610068,933,a25_29,f,ao_sao_ei,official_lang,work.official_lang,divorced,apartment,nonmigrants.movers
214288,933,a10_14,m,ao_oesao,official_lang,work.no.official_lang,no.married,single.detached.house,other.movers
808088,933,a80_84,f,ao_esao_Chinese,no.official_lang,work.no.official_lang,widowed,apartment,non.movers
13079,933,a45_49,f,ao_oesao,official_lang,work.no.official_lang,married,single.detached.house,non.movers
378754,933,a45_49,f,ao_sao_ei,official_lang,work.official_lang,married,single.detached.house,non.movers
303109,933,a75_79,f,ao_oesao,official_lang,work.no.official_lang,married,single.detached.house,non.movers
313470,933,a40_44,f,ao_sao_ei,official_lang,work.official_lang,separated,apartment,other.movers
416723,933,a30_34,m,eo_weo_Dutch,official_lang,work.official_lang,married,single.detached.house,non.movers
772477,933,a55_59,m,ao_sao_ei,official_lang,work.official_lang,married,apartment,non.movers
543868,933,a55_59,f,ao_esao_Chinese,official_lang,work.no.official_lang,married,single.detached.house,non.movers
27178,933,a70_74,f,ao_esao_Chinese,no.official_lang,work.no.official_lang,married,apartment,non.movers
170897,933,a60_64,m,onao_Canadian,official_lang,work.no.official_lang,no.married,apartment,non.movers
107712,933,a25_29,f,ao_sao_ei,official_lang,work.official_lang,separated,single.detached.house,non.movers
746127,933,a30_34,m,ao_sao_ei,official_lang,work.official_lang,married,apartment,external.movers
419769,933,a75_79,m,ao_esao_Filipino,official_lang,work.no.official_lang,married,other.attached,non.movers
910632,933,a45_49,m,ao_sao_ei,official_lang,work.official_lang,married,apartment,non.movers
252567,933,a65_69,m,eo_bio_English,official_lang,work.official_lang,living.common.law,apartment,non.movers
328612,933,a15_19,f,ao_oesao,official_lang,work.no.official_lang,no.married,apartment,non.movers
108673,933,a40_44,f,ao_sao_ei,official_lang,work.official_lang,married,apartment,non.movers
525800,933,a20_24,f,ao_esao_Chinese,official_lang,work.official_lang,no.married,apartment,non.movers
422631,933,a20_24,m,onao_Canadian,official_lang,work.official_lang,no.married,apartment,non.movers
55051,933,a60_64,m,eo_bio_Irish,official_lang,work.official_lang,no.married,apartment,non.movers
258309,933,a0_4,m,ao_esao_Chinese,official_lang,work.no.official_lang,no.married,apartment,non.movers
514383,933,a25_29,f,eo_bio_Irish,official_lang,work.official_lang,living.common.law,apartment,non.movers
605172,933,a15_19,f,ao_oesao,official_lang,work.no.official_lang,no.married,single.detached.house,non.movers
387507,933,a25_29,f,ao_wcameo,official_lang,work.official_lang,no.married,apartment,non.movers
324174,933,a40_44,f,ao_sao_ei,official_lang,work.no.official_lang,married,apartment,non.movers
344009,933,a35_39,f,ao_esao_Filipino,official_lang,work.official_lang,married,apartment,non.movers
421844,933,a40_44,m,ao_esao_Chinese,official_lang,work.official_lang,no.married,single.detached.house,non.movers
30911,933,a55_59,f,ao_sao_ei,official_lang,work.official_lang,married,single.detached.house,non.movers
166465,933,a35_39,m,ao_esao_Chinese,official_lang,work.official_lang,married,single.detached.house,non.movers
707569,933,a35_39,m,ao_oesao,official_lang,work.official_lang,married,other.attached,non.movers
652506,933,a40_44,m,ao_esao_Chinese,official_lang,work.official_lang,married,other.attached,non.movers
267279,933,a30_34,m,eo_fo,official_lang,work.official_lang,married,apartment,other.movers
865189,933,a50_54,m,onao_Canadian,official_lang,work.no.official_lang,married,apartment,non.movers
293853,933,a80_84,f,eo_weo_German,official_lang,work.no.official_lang,married,other.attached,non.movers
225569,933,a5_9,m,ao_esao_Chinese,official_lang,work.no.official_lang,no.married,single.detached.house,nonmigrants.movers
510439,933,a65_69,f,eo_eeo_Ukrainian,official_lang,work.no.official_lang,married,apartment,non.movers
411277,933,a30_34,f,ao_oesao,official_lang,work.official_lang,no.married,apartment,nonmigrants.movers
804066,933,a25_29,m,ao_osao,official_lang,work.official_lang,married,apartment,external.movers
408477,933,a35_39,f,ao_sao_ei,official_lang,work.official_lang,married,apartment,non.movers
182401,933,a40_44,m,ao_esao_Chinese,official_lang,work.official_lang,married,single.detached.house,non.movers
618955,933,a5_9,m,ao_wcameo,official_lang,work.no.official_lang,no.married,other.attached,other.movers
64842,933,a60_64,m,onao,official_lang,work.official_lang,married,single.detached.house,non.movers
305455,933,a25_29,f,ao_esao_Chinese,official_lang,work.official_lang,no.married,single.detached.house,non.movers
700245,933,a35_39,m,lcsao,official_lang,work.official_lang,married,apartment,external.movers
365419,933,a30_34,f,onao_Canadian,official_lang,work.official_lang,living.common.law,other.attached,nonmigrants.movers
637112,933,a50_54,m,ao_esao_Chinese,no.official_lang,work.no.official_lang,married,single.detached.house,non.movers
474848,933,a55_59,f,ao_esao_Chinese,official_lang,work.no.official_lang,divorced,apartment,non.movers
415529,933,a60_64,m,ao_oesao,official_lang,work.no.official_lang,married,other.attached,non.movers
723858,933,a15_19,m,eo_bio_English,official_lang,work.official_lang,no.married,other.attached,non.movers
822095,933,a55_59,m,eo_obio,official_lang,work.official_lang,living.common.law,apartment,non.movers
847179,933,a65_69,f,eo_weo_German,official_lang,work.no.official_lang,married,single.detached.house,non.movers
576821,933,a40_44,f,ao_oesao,official_lang,work.official_lang,married,apartment,non.movers
710340,933,a20_24,f,onao_Canadian,official_lang,work.official_lang,no.married,apartment,interprovincial.movers
40396,933,a45_49,f,ao_esao_Chinese,official_lang,work.no.official_lang,divorced,single.detached.house,external.movers
374235,933,a5_9,f,ao_oesao,official_lang,work.no.official_lang,no.married,single.detached.house,non.movers
423119,933,a35_39,m,ao_esao_Chinese,official_lang,work.official_lang,married,apartment,non.movers
428310,933,a75_79,f,ao_esao_Chinese,official_lang,work.no.official_lang,widowed,apartment,non.movers
75222,933,a0_4,m,ao_sao_ei,official_lang,work.no.official_lang,no.married,apartment,non.movers
36693,933,a75_79,f,ao_esao_Chinese,official_lang,work.no.official_lang,married,apartment,non.movers
851250,933,a5_9,m,eo_eeo_Russian,official_lang,work.no.official_lang,no.married,other.attached,non.movers
915510,933,a35_39,f,ao_esao_Chinese,official_lang,work.official_lang,no.married,apartment,non.movers
350549,933,a5_9,f,ao_sao_ei,official_lang,work.no.official_lang,no.married,apartment,non.movers
864089,933,a55_59,m,ao_esao_Chinese,official_lang,work.official_lang,married,apartment,non.movers
144634,933,a55_59,m,eo_eeo_Ukrainian,official_lang,work.official_lang,married,single.detached.house,non.movers
178964,933,a40_44,f,naao,official_lang,work.official_lang,married,single.detached.house,non.movers
429606,933,a85_,f,onao_Canadian,official_lang,work.no.official_lang,widowed,apartment,non.movers
260642,933,a50_54,m,ao_esao_Chinese,official_lang,work.official_lang,married,apartment,non.movers
275258,933,a15_19,f,ao_oesao,official_lang,work.no.official_lang,no.married,apartment,non.movers
531546,933,a60_64,m,lcsao,official_lang,work.official_lang,married,apartment,nonmigrants.movers
476694,933,a45_49,m,naao,official_lang,work.no.official_lang,no.married,apartment,non.movers
294709,933,a35_39,f,ao_sao_ei,official_lang,work.no.official_lang,married,apartment,non.movers
318464,933,a65_69,m,ao_oesao,official_lang,work.no.official_lang,married,apartment,non.movers
641569,933,a5_9,f,ao_esao_Chinese,official_lang,work.no.official_lang,no.married,single.detached.house,non.movers
50826,933,a25_29,m,ao_esao_Chinese,official_lang,work.official_lang,no.married,single.detached.house,non.movers
137483,933,a30_34,f,ao_esao_Filipino,official_lang,work.official_lang,married,other.attached,non.movers
490743,933,a40_44,m,ao_sao_ei,official_lang,work.official_lang,married,single.detached.house,non.movers
417619,933,a50_54,f,ao_esao_Filipino,official_lang,work.official_lang,married,apartment,non.movers
354775,933,a0_4,f,ao_esao_Chinese,official_lang,work.no.official_lang,no.married,apartment,non.movers
554624,933,a60_64,f,ao_wcameo,no.official_lang,work.no.official_lang,divorced,apartment,non.movers
507650,933,a20_24,m,ao_oesao,official_lang,work.no.official_lang,no.married,apartment,non.movers
67684,933,a35_39,m,ao_sao_ei,official_lang,work.official_lang,married,apartment,other.movers
411370,933,a50_54,m,ao_osao,official_lang,work.official_lang,married,single.detached.house,non.movers
77922,933,a65_69,m,onao_Canadian,official_lang,work.no.official_lang,divorced,apartment,non.movers
249488,933,a10_14,m,onao_Canadian,official_lang,work.no.official_lang,no.married,other.attached,non.movers
664319,933,a5_9,m,ao_sao_ei,official_lang,work.no.official_lang,no.married,apartment,non.movers
52074,933,a30_34,m,ao_oesao,official_lang,work.official_lang,married,apartment,non.movers
351491,933,a35_39,f,ao_sao_ei,official_lang,work.official_lang,married,other.attached,non.movers
1461,933,a40_44,f,ao_sao_ei,official_lang,work.official_lang,divorced,apartment,non.movers
169056,933,a30_34,m,ao_esao_Chinese,official_lang,work.official_lang,no.married,apartment,non.movers
42298,933,a80_84,m,eo_bio_English,official_lang,work.no.official_lang,married,single.detached.house,non.movers
384564,933,a25_29,m,ao_osao,no.official_lang,work.no.official_lang,married,apartment,non.movers
613207,933,a20_24,f,ao_esao_Chinese,official_lang,work.official_lang,no.married,single.detached.house,non.movers
287407,933,a60_64,m,eo_bio_Irish,official_lang,work.no.official_lang,married,single.detached.house,other.movers
886236,933,a20_24,f,ao_esao_Chinese,official_lang,work.no.official_lang,no.married,apartment,other.movers
275590,933,a55_59,f,lcsao,official_lang,work.official_lang,married,apartment,non.movers
892123,933,a40_44,f,ao,official_lang,work.official_lang,no.married,apartment,other.movers
496923,933,a40_44,f,ao_esao_Chinese,official_lang,work.no.official_lang,married,single.detached.house,non.movers
814696,933,a70_74,f,ao_sao_ei,official_lang,work.official_lang,married,single.detached.house,non.movers
869925,933,a25_29,m,ao_oesao,no.official_lang,work.official_lang,married,other.attached,non.movers
37376,933,a40_44,m,eo_bio_Scottish,official_lang,work.official_lang,married,apartment,other.movers
445531,933,a50_54,f,ao_esao_Chinese,official_lang,work.official_lang,living.common.law,apartment,non.movers
160217,933,a20_24,m,ao_oesao,official_lang,work.no.official_lang,no.married,apartment,external.movers
418356,933,a50_54,m,eo_neo,official_lang,work.official_lang,living.common.law,single.detached.house,other.movers
39916,933,a15_19,f,ao_esao_Chinese,official_lang,work.no.official_lang,no.married,apartment,other.movers
663228,933,a75_79,m,eo_oweo,official_lang,work.no.official_lang,married,single.detached.house,non.movers
456379,933,a40_44,f,eo_oseo,official_lang,work.official_lang,married,single.detached.house,non.movers
29123,933,a25_29,f,ao_osao,official_lang,work.official_lang,married,apartment,non.movers
578501,933,a45_49,m,eo_bio_English,official_lang,work.official_lang,married,other.attached,non.movers
896335,933,a0_4,f,ao_wcameo,official_lang,work.no.official_lang,no.married,single.detached.house,non.movers
47537,933,a30_34,f,ao_sao_ei,official_lang,work.no.official_lang,married,apartment,non.movers
216885,933,a55_59,f,ao_esao_Filipino,official_lang,work.official_lang,widowed,other.attached,non.movers
266647,933,a60_64,f,ao_esao_Chinese,official_lang,work.official_lang,married,single.detached.house,non.movers
317293,933,a40_44,f,ao_esao_Chinese,official_lang,work.official_lang,divorced,apartment,non.movers
173631,933,a50_54,f,ao_oesao,official_lang,work.official_lang,married,single.detached.house,non.movers
439153,933,a65_69,f,ao_esao_Chinese,official_lang,work.no.official_lang,married,apartment,non.movers
486304,933,a55_59,f,ao_esao_Chinese,no.official_lang,work.no.official_lang,married,apartment,non.movers
480635,933,a10_14,f,lcsao,official_lang,work.no.official_lang,no.married,other.attached,non.movers
497880,933,a70_74,f,ao_osao,no.official_lang,work.no.official_lang,married,apartment,non.movers
632452,933,a20_24,m,ao_esao_Chinese,official_lang,work.no.official_lang,no.married,apartment,nonmigrants.movers
55872,933,a25_29,m,eo_bio_Scottish,official_lang,work.official_lang,married,apartment,other.movers
907560,933,a50_54,m,ao_esao_Chinese,official_lang,work.no.official_lang,no.married,apartment,non.movers
275489,933,a5_9,m,ao_wcameo,official_lang,work.no.official_lang,no.married,single.detached.house,non.movers
572181,933,a35_39,m,ao_sao_ei,official_lang,work.official_lang,married,single.detached.house,non.movers
685817,933,a35_39,m,ao_esao_Filipino,official_lang,work.official_lang,married,apartment,non.movers
896814,933,a20_24,f,ao_esao_Chinese,official_lang,work.official_lang,no.married,single.detached.house,non.movers
326548,933,a75_79,f,eo_bio_Scottish,official_lang,work.no.official_lang,widowed,apartment,nonmigrants.movers
730276,933,a30_34,f,ao_oesao,official_lang,work.official_lang,married,apartment,other.movers
314872,933,a5_9,f,ao_oesao,official_lang,work.no.official_lang,no.married,apartment,non.movers
784397,933,a45_49,m,eo_bio_English,official_lang,work.official_lang,married,single.detached.house,non.movers
132707,933,a70_74,m,ao_wcameo,official_lang,work.no.official_lang,no.married,single.detached.house,non.movers
234694,933,a50_54,f,eo_eeo_Hungarian,official_lang,work.official_lang,divorced,single.detached.house,non.movers
875627,933,a60_64,f,onao,official_lang,work.no.official_lang,married,single.detached.house,non.movers
120368,933,a30_34,m,ao_sao_ei,official_lang,work.official_lang,married,single.detached.house,non.movers
520272,933,a10_14,f,onao_Canadian,official_lang,work.no.official_lang,no.married,single.detached.house,non.movers
172447,933,a25_29,f,ao_esao_Chinese,official_lang,work.official_lang,no.married,single.detached.house,non.movers
909594,933,a15_19,f,onao_Canadian,official_lang,work.no.official_lang,no.married,apartment,non.movers
124057,933,a5_9,m,ao_sao_ei,official_lang,work.no.official_lang,no.married,single.detached.house,non.movers
23818,933,a45_49,f,ao_oesao,official_lang,work.official_lang,married,other.attached,non.movers
829682,933,a20_24,m,ao_esao_Filipino,official_lang,work.official_lang,no.married,apartment,non.movers
898011,933,a55_59,f,ao_oesao,official_lang,work.official_lang,married,single.detached.house,non.movers
605880,933,a15_19,m,ao_wcameo,official_lang,work.no.official_lang,no.married,apartment,non.movers
333241,933,a50_54,f,ao_esao_Chinese,no.official_lang,work.no.official_lang,divorced,apartment,non.movers
6208,933,a30_34,f,ao_osao,official_lang,work.no.official_lang,married,apartment,non.movers
32879,933,a35_39,m,onao_Canadian,official_lang,work.official_lang,married,single.detached.house,non.movers
640254,933,a40_44,f,ao_wcameo,official_lang,work.official_lang,no.married,single.detached.house,non.movers
169764,933,a30_34,f,onao_Canadian,official_lang,work.no.official_lang,no.married,single.detached.house,non.movers
308790,933,a35_39,f,ao_esao_Chinese,official_lang,work.no.official_lang,separated,apartment,non.movers
277216,933,a35_39,f,ao_esao_Filipino,official_lang,work.official_lang,living.common.law,apartment,other.movers
106546,933,a50_54,m,ao_esao_Chinese,official_lang,work.no.official_lang,no.married,single.detached.house,non.movers
916541,933,a10_14,m,onao_Canadian,official_lang,work.no.official_lang,no.married,single.detached.house,non.movers
165454,933,a20_24,m,ao_sao_ei,official_lang,work.official_lang,no.married,apartment,interprovincial.movers
865696,933,a45_49,f,ao_esao_Filipino,official_lang,work.official_lang,married,apartment,non.movers
795259,933,a75_79,m,ao_esao_Chinese,official_lang,work.no.official_lang,widowed,apartment,non.movers
474938,933,a0_4,m,ao_sao_ei,official_lang,work.no.official_lang,no.married,single.detached.house,nonmigrants.movers
610907,933,a15_19,f,ao_esao_Chinese,official_lang,work.official_lang,no.married,apartment,non.movers
418644,933,a55_59,m,eo_seo_Portuguese,official_lang,work.official_lang,married,single.detached.house,non.movers
183500,933,a60_64,m,ao_esao_Filipino,official_lang,work.official_lang,married,apartment,non.movers
316731,933,a15_19,m,eo_oseo,official_lang,work.no.official_lang,no.married,apartment,non.movers
599896,933,a45_49,m,ao_esao_Chinese,official_lang,work.no.official_lang,married,apartment,non.movers
886123,933,a55_59,m,eo_bio_Irish,official_lang,work.official_lang,no.married,apartment,non.movers
97868,933,a15_19,f,ao_esao_Chinese,official_lang,work.official_lang,no.married,apartment,other.movers
214985,933,a0_4,m,ao_wcameo,official_lang,work.no.official_lang,no.married,apartment,non.movers
788740,933,a55_59,f,eo_oeo,official_lang,work.official_lang,married,single.detached.house,non.movers
274324,933,a15_19,f,ao_esao_Filipino,official_lang,work.official_lang,no.married,apartment,non.movers
459207,933,a50_54,f,ao_sao_ei,official_lang,work.official_lang,married,apartment,non.movers
657074,933,a55_59,f,ao_sao_ei,official_lang,work.official_lang,married,apartment,non.movers
278255,933,a10_14,f,ao_esao_Chinese,official_lang,work.no.official_lang,no.married,single.detached.house,non.movers
354816,933,a80_84,m,ao_sao_ei,official_lang,work.no.official_lang,married,apartment,non.movers
650180,933,a65_69,f,ao_sao_ei,official_lang,work.official_lang,married,single.detached.house,non.movers
389690,933,a60_64,f,eo_fo,official_lang,work.no.official_lang,married,single.detached.house,non.movers
358413,933,a30_34,f,onao_Canadian,official_lang,work.official_lang,married,apartment,non.movers
297201,933,a15_19,m,ao_esao_Filipino,official_lang,work.official_lang,no.married,other.attached,nonmigrants.movers
446044,933,a60_64,f,ao_sao_ei,official_lang,work.official_lang,married,apartment,other.movers
274573,933,a25_29,m,eo_seo_Spanish,official_lang,work.no.official_lang,no.married,single.detached.house,non.movers
792887,933,a60_64,f,ao_esao_Chinese,official_lang,work.no.official_lang,divorced,other.attached,non.movers
482958,933,a55_59,f,ao_esao_Chinese,official_lang,work.no.official_lang,no.married,apartment,non.movers
420604,933,a60_64,f,ao_esao_Chinese,official_lang,work.official_lang,married,apartment,non.movers
558734,933,a20_24,m,onao_Canadian,official_lang,work.no.official_lang,no.married,other.attached,non.movers
621751,933,a80_84,m,eo_eeo_Ukrainian,official_lang,work.no.official_lang,married,single.detached.house,non.movers
353063,933,a70_74,f,ao_wcameo,official_lang,work.no.official_lang,separated,apartment,non.movers
74205,933,a40_44,m,ao_sao_ei,official_lang,work.official_lang,married,apartment,non.movers
836721,933,a25_29,m,ao_sao_ei,official_lang,work.official_lang,no.married,apartment,non.movers
415417,933,a35_39,f,ao_esao_Chinese,official_lang,work.no.official_lang,married,other.attached,non.movers
344614,933,a55_59,m,eo_eeo_Hungarian,official_lang,work.official_lang,married,single.detached.house,non.movers
152806,933,a50_54,f,ao_esao_Chinese,official_lang,work.official_lang,married,single.detached.house,non.movers
69127,933,a60_64,m,onao_Canadian,official_lang,work.official_lang,living.common.law,apartment,non.movers
465274,933,a20_24,f,ao_esao_Chinese,official_lang,work.official_lang,no.married,apartment,nonmigrants.movers
33017,933,a55_59,f,ao_sao_ei,official_lang,work.no.official_lang,married,apartment,non.movers
868198,933,a55_59,f,eo_neo,official_lang,work.official_lang,separated,single.detached.house,non.movers
572847,933,a20_24,m,ao_sao_ei,official_lang,work.official_lang,no.married,apartment,non.movers
33879,933,a55_59,m,ao_esao_Filipino,official_lang,work.official_lang,married,single.detached.house,non.movers
917298,933,a10_14,f,ao_esao_Chinese,official_lang,work.no.official_lang,no.married,apartment,non.movers
231273,933,a45_49,f,ao_esao_Filipino,official_lang,work.official_lang,married,apartment,non.movers
866667,933,a30_34,f,eo_seo_Portuguese,official_lang,work.official_lang,no.married,apartment,non.movers
222260,933,a65_69,m,eo_bio_English,official_lang,work.no.official_lang,married,apartment,non.movers
493169,933,a20_24,f,ao_wcameo,official_lang,work.official_lang,no.married,apartment,non.movers
794488,933,a50_54,m,ao_esao_Filipino,official_lang,work.official_lang,married,apartment,non.movers
176615,933,a80_84,m,eo_oweo,official_lang,work.no.official_lang,married,single.detached.house,non.movers
111029,933,a45_49,f,ao_esao_Filipino,official_lang,work.official_lang,no.married,apartment,non.movers
644466,933,a60_64,m,ao_wcameo,no.official_lang,work.no.official_lang,divorced,single.detached.house,other.movers
841975,933,a45_49,f,ao_sao_ei,official_lang,work.official_lang,divorced,apartment,non.movers
383801,933,a80_84,f,eo_bio_Scottish,official_lang,work.no.official_lang,married,single.detached.house,non.movers
818064,933,a25_29,f,ao_esao_Chinese,official_lang,work.no.official_lang,no.married,apartment,non.movers
351803,933,a30_34,f,ao_esao_Filipino,official_lang,work.no.official_lang,married,apartment,non.movers
899027,933,a30_34,m,ao_oesao,official_lang,work.official_lang,no.married,apartment,other.movers
724233,933,a75_79,m,ao_esao_Chinese,no.official_lang,work.no.official_lang,married,single.detached.house,non.movers
913779,933,a70_74,m,eo_seo_Spanish,official_lang,work.no.official_lang,separated,apartment,non.movers
418780,933,a70_74,m,ao_esao_Chinese,no.official_lang,work.no.official_lang,married,single.detached.house,non.movers
734564,933,a30_34,m,ao_oesao,official_lang,work.no.official_lang,no.married,apartment,non.movers
318747,933,a40_44,f,eo_bio_English,official_lang,work.official_lang,married,apartment,non.movers
550938,933,a65_69,m,eo_bio_Irish,official_lang,work.no.official_lang,married,single.detached.house,non.movers
81929,933,a75_79,m,ao_oesao,official_lang,work.no.official_lang,married,apartment,non.movers
205403,933,a60_64,m,eo_obio,official_lang,work.official_lang,married,single.detached.house,non.movers
24053,933,a5_9,m,ao_esao_Filipino,official_lang,work.no.official_lang,no.married,apartment,non.movers
429073,933,a25_29,f,ao_oesao,official_lang,work.no.official_lang,no.married,apartment,other.movers
549254,933,a20_24,m,ao_esao_Chinese,official_lang,work.official_lang,no.married,single.detached.house,non.movers
169985,933,a10_14,f,ao_oesao,official_lang,work.no.official_lang,no.married,single.detached.house,external.movers
333241,933,a50_54,f,ao_esao_Chinese,no.official_lang,work.no.official_lang,divorced,apartment,non.movers
494115,933,a20_24,f,ao_esao_Filipino,official_lang,work.official_lang,no.married,other.attached,non.movers
363591,933,a35_39,m,eo_obio,official_lang,work.official_lang,living.common.law,single.detached.house,other.movers
246158,933,a45_49,f,ao_esao_Chinese,official_lang,work.official_lang,married,single.detached.house,nonmigrants.movers
816273,933,a40_44,m,ao_sao_ei,official_lang,work.official_lang,married,apartment,non.movers
910727,933,a75_79,f,eo_weo_German,official_lang,work.no.official_lang,divorced,apartment,non.movers
923585,933,a15_19,f,ao_oesao,official_lang,work.no.official_lang,no.married,other.attached,non.movers
823667,933,a30_34,m,ao_esao_Filipino,official_lang,work.official_lang,married,single.detached.house,non.movers
736758,933,a45_49,f,ao_osao,official_lang,work.official_lang,married,other.attached,non.movers
84808,933,a25_29,m,ao_esao_Chinese,official_lang,work.no.official_lang,no.married,apartment,other.movers
910491,933,a0_4,m,ao_osao,official_lang,work.no.official_lang,no.married,other.attached,non.movers
417472,933,a35_39,m,onao_Canadian,official_lang,work.official_lang,married,apartment,non.movers
830068,933,a65_69,f,eo_bio_English,official_lang,work.no.official_lang,married,single.detached.house,non.movers
40466,933,a25_29,m,ao_sao_ei,official_lang,work.official_lang,no.married,apartment,non.movers
391241,933,a5_9,m,ao_sao_ei,official_lang,work.no.official_lang,no.married,apartment,non.movers
286007,933,a25_29,f,ao_esao_Chinese,official_lang,work.official_lang,no.married,apartment,other.movers
429681,933,a10_14,f,ao_esao_Filipino,official_lang,work.no.official_lang,no.married,other.attached,non.movers
581833,933,a30_34,f,ao_oesao,official_lang,work.no.official_lang,no.married,apartment,non.movers
498087,933,a75_79,m,eo_bio_Scottish,official_lang,work.no.official_lang,divorced,apartment,other.movers
761615,933,a50_54,m,ao_esao_Chinese,official_lang,work.official_lang,married,single.detached.house,non.movers
438457,933,a85_,f,eo_bio_English,official_lang,work.no.official_lang,widowed,apartment,non.movers
848932,933,a0_4,m,naao,official_lang,work.no.official_lang,no.married,apartment,nonmigrants.movers
509367,933,a80_84,m,eo_eeo_Ukrainian,official_lang,work.official_lang,widowed,other.attached,non.movers
444686,933,a60_64,m,onao_Canadian,official_lang,work.official_lang,married,single.detached.house,non.movers
900932,933,a70_74,m,ao,official_lang,work.official_lang,married,apartment,non.movers
540204,933,a0_4,m,eo_seo_Greek,official_lang,work.no.official_lang,no.married,single.detached.house,non.movers
338695,933,a35_39,f,ao_sao_ei,official_lang,work.official_lang,married,single.detached.house,non.movers
764602,933,a30_34,f,ao_esao_Chinese,official_lang,work.official_lang,married,single.detached.house,non.movers
355211,933,a40_44,f,ao_sao_ei,official_lang,work.official_lang,no.married,single.detached.house,non.movers
481700,933,a15_19,m,ao_sao_ei,official_lang,work.official_lang,no.married,single.detached.house,nonmigrants.movers
194768,933,a45_49,m,eo_oseo,official_lang,work.official_lang,no.married,single.detached.house,non.movers
686876,933,a30_34,f,ao_wcameo,official_lang,work.official_lang,married,apartment,other.movers
425547,933,a60_64,m,onao_Canadian,official_lang,work.official_lang,married,single.detached.house,non.movers
248257,933,a30_34,f,ao_esao_Chinese,official_lang,work.official_lang,no.married,apartment,non.movers
846012,933,a50_54,f,eo_eeo_Russian,official_lang,work.official_lang,married,other.attached,non.movers
455672,933,a45_49,m,ao_esao_Chinese,official_lang,work.official_lang,living.common.law,single.detached.house,non.movers
815555,933,a85_,m,ao_oesao,no.official_lang,work.no.official_lang,widowed,apartment,non.movers
683754,933,a60_64,f,ao_osao,no.official_lang,work.no.official_lang,married,single.detached.house,non.movers
315216,933,a50_54,f,ao_osao,official_lang,work.official_lang,married,other.attached,non.movers
396779,933,a45_49,f,ao_oesao,official_lang,work.no.official_lang,married,single.detached.house,non.movers
378307,933,a25_29,m,ao_sao_ei,official_lang,work.official_lang,no.married,apartment,non.movers
342227,933,a30_34,f,ao_oesao,official_lang,work.official_lang,married,apartment,nonmigrants.movers
862467,933,a80_84,m,ao_esao_Chinese,no.official_lang,work.no.official_lang,married,other.attached,external.movers
880580,933,a0_4,m,ao_esao_Chinese,official_lang,work.no.official_lang,no.married,other.attached,non.movers
213130,933,a55_59,f,ao_esao_Filipino,official_lang,work.no.official_lang,no.married,apartment,non.movers
21212,933,a75_79,m,eo_bio_English,official_lang,work.official_lang,married,single.detached.house,non.movers
801676,933,a40_44,f,ao_sao_ei,official_lang,work.official_lang,married,apartment,non.movers
910491,933,a0_4,m,ao_osao,official_lang,work.no.official_lang,no.married,other.attached,non.movers
475357,933,a20_24,f,ao_wcameo,official_lang,work.no.official_lang,no.married,other.attached,non.movers
588926,933,a60_64,f,ao_esao_Chinese,official_lang,work.no.official_lang,married,single.detached.house,non.movers
763326,933,a80_84,f,eo_bio_English,official_lang,work.no.official_lang,divorced,other.attached,nonmigrants.movers
563209,933,a55_59,m,ao_esao_Chinese,no.official_lang,work.no.official_lang,married,other.attached,non.movers
731385,933,a20_24,f,ao_sao_ei,official_lang,work.no.official_lang,no.married,single.detached.house,non.movers
540981,933,a0_4,f,ao_oesao,official_lang,work.no.official_lang,no.married,apartment,non.movers
721428,933,a45_49,f,ao_esao_Chinese,official_lang,work.no.official_lang,married,single.detached.house,external.movers
683159,933,a40_44,f,onao_Canadian,official_lang,work.official_lang,living.common.law,apartment,non.movers
660798,933,a75_79,f,ao_osao,official_lang,work.no.official_lang,married,single.detached.house,non.movers
681066,933,a35_39,m,eo_bio_Irish,official_lang,work.official_lang,married,other.attached,non.movers
334106,933,a40_44,m,ao_esao_Filipino,official_lang,work.official_lang,no.married,apartment,nonmigrants.movers
349052,933,a55_59,f,ao_esao_Chinese,official_lang,work.official_lang,no.married,single.detached.house,non.movers
872588,933,a45_49,f,eo_eeo_Polish,official_lang,work.official_lang,living.common.law,apartment,non.movers
634341,933,a70_74,f,eo_weo_German,official_lang,work.no.official_lang,married,other.attached,non.movers
283907,933,a45_49,f,ao_oesao,official_lang,work.no.official_lang,widowed,apartment,non.movers
839201,933,a50_54,f,ao_esao_Chinese,no.official_lang,work.no.official_lang,living.common.law,apartment,nonmigrants.movers
642642,933,a40_44,m,ao_esao_Chinese,official_lang,work.no.official_lang,divorced,apartment,non.movers
922885,933,a30_34,f,ao_esao_Chinese,official_lang,work.official_lang,married,apartment,other.movers
616318,933,a10_14,f,ao_esao_Chinese,official_lang,work.no.official_lang,no.married,single.detached.house,non.movers
541233,933,a20_24,m,naao,official_lang,work.official_lang,no.married,apartment,nonmigrants.movers
42882,933,a45_49,f,eo_weo_Dutch,official_lang,work.official_lang,married,single.detached.house,nonmigrants.movers
501021,933,a40_44,m,ao_oesao,official_lang,work.no.official_lang,no.married,apartment,non.movers
664764,933,a45_49,f,ao_esao_Chinese,no.official_lang,work.no.official_lang,separated,single.detached.house,nonmigrants.movers
60266,933,a30_34,f,ao_esao_Chinese,official_lang,work.official_lang,no.married,apartment,non.movers
840050,933,a40_44,m,eo_seo_Italian,official_lang,work.official_lang,married,single.detached.house,non.movers
101976,933,a20_24,f,ao_esao_Filipino,official_lang,work.official_lang,no.married,apartment,external.movers
472210,933,a65_69,m,eo_bio_English,official_lang,work.no.official_lang,living.common.law,apartment,nonmigrants.movers
467835,933,a65_69,m,ao_oesao,official_lang,work.no.official_lang,widowed,apartment,non.movers
101536,933,a45_49,f,ao_esao_Chinese,official_lang,work.no.official_lang,married,single.detached.house,other.movers
383612,933,a5_9,f,ao_sao_ei,official_lang,work.no.official_lang,no.married,other.attached,non.movers
57210,933,a65_69,m,eo_bio_English,official_lang,work.official_lang,divorced,single.detached.house,non.movers
311746,933,a75_79,f,onao_Canadian,official_lang,work.no.official_lang,widowed,apartment,non.movers
873039,933,a55_59,m,ao_esao_Chinese,official_lang,work.no.official_lang,no.married,apartment,non.movers
613698,933,a40_44,f,ao_esao_Chinese,official_lang,work.official_lang,married,apartment,non.movers
284329,933,a50_54,f,ao_esao_Filipino,official_lang,work.official_lang,married,other.attached,non.movers
173020,933,a55_59,m,ao_sao_ei,official_lang,work.no.official_lang,married,apartment,non.movers
888709,933,a55_59,f,eo_eeo_Polish,official_lang,work.official_lang,married,apartment,non.movers
621419,933,a55_59,f,ao_esao_Chinese,official_lang,work.no.official_lang,married,single.detached.house,non.movers
304780,933,a80_84,m,eo_seo_Italian,no.official_lang,work.no.official_lang,married,apartment,non.movers
822763,933,a60_64,m,eo_oseo,official_lang,work.no.official_lang,married,other.attached,non.movers
716163,933,a0_4,m,ao_sao_ei,official_lang,work.no.official_lang,no.married,other.attached,nonmigrants.movers
331080,933,a60_64,m,eo_fo,official_lang,work.official_lang,married,apartment,non.movers
704397,933,a0_4,f,ao_oesao,official_lang,work.no.official_lang,no.married,other.attached,non.movers
837659,933,a65_69,f,eo_obio,official_lang,work.no.official_lang,married,single.detached.house,non.movers
469634,933,a15_19,m,ao_esao_Chinese,official_lang,work.no.official_lang,no.married,single.detached.house,non.movers
658085,933,a45_49,m,eo_eeo_Hungarian,official_lang,work.official_lang,no.married,apartment,non.movers
423416,933,a5_9,f,ao_oesao,official_lang,work.no.official_lang,no.married,apartment,non.movers
741956,933,a45_49,m,eo_bio_English,official_lang,work.official_lang,married,other.attached,non.movers
518062,933,a35_39,f,ao_esao_Chinese,official_lang,work.official_lang,no.married,apartment,non.movers
476754,933,a45_49,f,ao_esao_Filipino,official_lang,work.official_lang,married,apartment,non.movers
533136,933,a60_64,m,eo_bio_English,official_lang,work.no.official_lang,divorced,apartment,non.movers
170162,933,a25_29,f,onao_Canadian,official_lang,work.official_lang,married,single.detached.house,non.movers
882791,933,a60_64,f,ao_esao_Chinese,official_lang,work.no.official_lang,married,apartment,non.movers
872109,933,a30_34,m,eo_bio_Irish,official_lang,work.official_lang,no.married,other.attached,non.movers
664147,933,a40_44,f,ao_esao_Chinese,official_lang,work.official_lang,no.married,other.attached,non.movers
131456,933,a35_39,m,ao_esao_Chinese,official_lang,work.official_lang,no.married,apartment,non.movers
457627,933,a80_84,m,ao_esao_Chinese,official_lang,work.official_lang,married,single.detached.house,non.movers
736353,933,a55_59,f,eo_eeo_Polish,official_lang,work.official_lang,married,apartment,non.movers
24294,933,a5_9,m,ao_esao_Chinese,official_lang,work.no.official_lang,no.married,apartment,non.movers
284367,933,a40_44,m,ao_oesao,official_lang,work.official_lang,married,apartment,non.movers
131794,933,a30_34,m,eo_bio_English,official_lang,work.official_lang,living.common.law,other.attached,nonmigrants.movers
797480,933,a60_64,f,eo_eeo_Russian,official_lang,work.official_lang,married,other.attached,non.movers
142357,933,a50_54,f,ao_esao_Chinese,official_lang,work.official_lang,married,single.detached.house,non.movers
306656,933,a80_84,f,eo_eeo_Hungarian,official_lang,work.no.official_lang,married,apartment,non.movers
191070,933,a80_84,m,eo_weo_German,official_lang,work.no.official_lang,married,single.detached.house,non.movers
895095,933,a5_9,m,onao_Canadian,official_lang,work.no.official_lang,no.married,single.detached.house,non.movers
704682,933,a35_39,m,eo_neo,official_lang,work.official_lang,no.married,apartment,nonmigrants.movers
791748,933,a30_34,f,ao_esao_Chinese,official_lang,work.no.official_lang,married,apartment,nonmigrants.movers
332018,933,a35_39,f,onao_Canadian,official_lang,work.official_lang,married,other.attached,non.movers
641356,933,a45_49,f,ao_oesao,official_lang,work.official_lang,married,apartment,non.movers
238702,933,a60_64,m,onao_Canadian,official_lang,work.official_lang,married,apartment,non.movers
66455,933,a70_74,m,ao_esao_Chinese,official_lang,work.no.official_lang,married,apartment,non.movers
165416,933,a65_69,f,ao_esao_Chinese,no.official_lang,work.no.official_lang,married,other.attached,nonmigrants.movers
862809,933,a50_54,m,eo_oseo,official_lang,work.official_lang,married,single.detached.house,non.movers
607740,933,a45_49,f,eo_oseo,official_lang,work.official_lang,married,apartment,non.movers
77427,933,a70_74,f,ao_esao_Chinese,no.official_lang,work.no.official_lang,married,apartment,non.movers
3927,933,a5_9,f,ao_esao_Chinese,official_lang,work.no.official_lang,no.married,single.detached.house,non.movers
231594,933,a75_79,m,ao_esao_Chinese,official_lang,work.no.official_lang,married,single.detached.house,non.movers
467665,933,a45_49,f,eo_weo_German,official_lang,work.official_lang,living.common.law,single.detached.house,non.movers
279445,933,a5_9,f,ao,official_lang,work.no.official_lang,no.married,single.detached.house,nonmigrants.movers
203742,933,a35_39,f,ao_esao_Chinese,official_lang,work.official_lang,married,other.attached,non.movers
630307,933,a50_54,f,ao_osao,official_lang,work.official_lang,married,single.detached.house,non.movers
377362,933,a65_69,f,eo_seo_Italian,official_lang,work.official_lang,married,single.detached.house,non.movers
842352,933,a60_64,m,ao_esao_Chinese,official_lang,work.official_lang,married,single.detached.house,non.movers
155840,933,a45_49,m,ao_oesao,no.official_lang,work.no.official_lang,married,single.detached.house,non.movers
629096,933,a15_19,m,ao_esao_Chinese,official_lang,work.official_lang,no.married,apartment,non.movers
758683,933,a45_49,m,ao_wcameo,no.official_lang,work.no.official_lang,married,apartment,non.movers
533336,933,a60_64,m,ao_wcameo,official_lang,work.no.official_lang,married,apartment,non.movers
168743,933,a30_34,f,ao_esao_Chinese,official_lang,work.official_lang,married,apartment,non.movers
202887,933,a40_44,f,ao_wcameo,official_lang,work.no.official_lang,married,single.detached.house,non.movers
593822,933,a35_39,f,ao_sao_ei,official_lang,work.official_lang,married,single.detached.house,nonmigrants.movers
758706,933,a80_84,m,eo_bio_Scottish,official_lang,work.no.official_lang,widowed,single.detached.house,non.movers
274346,933,a25_29,f,eo_eeo_Ukrainian,official_lang,work.official_lang,married,apartment,non.movers
641757,933,a50_54,m,ao_osao,official_lang,work.official_lang,married,apartment,non.movers
287370,933,a35_39,f,ao_sao_ei,official_lang,work.official_lang,married,apartment,nonmigrants.movers
663645,933,a15_19,f,onao_Canadian,official_lang,work.official_lang,no.married,single.detached.house,other.movers
659530,933,a40_44,m,eo_seo_Spanish,official_lang,work.official_lang,married,other.attached,non.movers
239602,933,a40_44,f,ao_esao_Chinese,official_lang,work.no.official_lang,married,other.attached,non.movers
353963,933,a35_39,m,ao_esao_Chinese,official_lang,work.official_lang,married,apartment,other.movers
869977,933,a20_24,m,ao,official_lang,work.no.official_lang,no.married,other.attached,non.movers
730401,933,a10_14,f,ao_esao_Chinese,official_lang,work.no.official_lang,no.married,apartment,non.movers
234350,933,a55_59,f,eo_weo_German,official_lang,work.no.official_lang,married,other.attached,non.movers
443031,933,a60_64,f,ao_esao_Chinese,no.official_lang,work.no.official_lang,widowed,apartment,non.movers
782994,933,a20_24,f,ao_esao_Chinese,official_lang,work.no.official_lang,no.married,other.attached,non.movers
592338,933,a0_4,f,onao_Canadian,official_lang,work.no.official_lang,no.married,apartment,non.movers
295898,933,a50_54,m,ao_esao_Chinese,no.official_lang,work.official_lang,married,single.detached.house,non.movers
580922,933,a80_84,f,ao_esao_Chinese,no.official_lang,work.no.official_lang,divorced,single.detached.house,non.movers
168966,933,a25_29,m,onao_Canadian,official_lang,work.official_lang,no.married,apartment,other.movers
45203,933,a50_54,m,ao_esao_Chinese,official_lang,work.official_lang,divorced,single.detached.house,non.movers
896223,933,a40_44,f,ao_esao_Chinese,official_lang,work.no.official_lang,divorced,apartment,non.movers
433984,933,a80_84,f,onao_Canadian,official_lang,work.no.official_lang,no.married,apartment,non.movers
214890,933,a65_69,f,eo_oeeo,official_lang,work.no.official_lang,married,single.detached.house,non.movers
681898,933,a85_,f,ao_esao_Chinese,no.official_lang,work.no.official_lang,widowed,apartment,non.movers
645531,933,a70_74,m,eo_bio_English,official_lang,work.official_lang,married,single.detached.house,non.movers
142092,933,a40_44,f,eo_oeeo,official_lang,work.official_lang,married,apartment,non.movers
27399,933,a55_59,m,onao_Canadian,official_lang,work.official_lang,married,single.detached.house,non.movers
463323,933,a50_54,m,ao_esao_Chinese,no.official_lang,work.no.official_lang,married,apartment,non.movers
14091,933,a60_64,f,eo_weo_German,official_lang,work.official_lang,married,apartment,other.movers
470644,933,a45_49,m,ao_sao_ei,official_lang,work.official_lang,married,apartment,non.movers
33960,933,a25_29,m,onao_Canadian,official_lang,work.official_lang,no.married,apartment,other.movers
281901,933,a30_34,m,ao_oesao,official_lang,work.official_lang,no.married,single.detached.house,nonmigrants.movers
232419,933,a50_54,m,ao_sao_ei,official_lang,work.official_lang,married,apartment,non.movers
20885,933,a65_69,m,ao_esao_Chinese,no.official_lang,work.no.official_lang,married,apartment,non.movers
40440,933,a45_49,m,ao_oesao,no.official_lang,work.official_lang,living.common.law,apartment,non.movers
442062,933,a15_19,f,ao_esao_Filipino,official_lang,work.official_lang,no.married,apartment,non.movers
452803,933,a30_34,f,ao_osao,official_lang,work.official_lang,married,single.detached.house,non.movers
614500,933,a5_9,f,onao_Canadian,official_lang,work.no.official_lang,no.married,other.attached,non.movers
78169,933,a60_64,m,eo_weo_German,official_lang,work.official_lang,married,single.detached.house,non.movers
225845,933,a70_74,m,ao_sao_ei,official_lang,work.no.official_lang,married,apartment,non.movers
927778,933,a45_49,f,ao_oesao,official_lang,work.no.official_lang,married,apartment,external.movers
607074,933,a35_39,f,eo_seo_Italian,official_lang,work.official_lang,married,single.detached.house,non.movers
913943,933,a15_19,m,ao_esao_Filipino,official_lang,work.no.official_lang,no.married,apartment,non.movers
7949,933,a25_29,m,ao_sao_ei,official_lang,work.official_lang,no.married,apartment,non.movers
907903,933,a10_14,f,ao_esao_Chinese,official_lang,work.no.official_lang,no.married,single.detached.house,non.movers
232169,933,a60_64,f,eo_bio_Irish,official_lang,work.official_lang,living.common.law,other.attached,non.movers
723858,933,a15_19,m,eo_bio_English,official_lang,work.official_lang,no.married,other.attached,non.movers
848586,933,a70_74,f,eo_bio_English,official_lang,work.no.official_lang,widowed,apartment,nonmigrants.movers
169892,933,a70_74,f,ao_sao_ei,official_lang,work.no.official_lang,widowed,single.detached.house,non.movers
