"PPSORT","CMA","AGE","SEX","RACE","KOL","WORKLANG","MARST","DWEL","MOBL"
260215,933,"a5_9","m","naao","official_lang","work.no.official_lang","no.married","other.attached","non.movers"
373339,933,"a5_9","m","naao","official_lang","work.no.official_lang","no.married","other.attached","non.movers"
633401,933,"a45_49","m","ao_esao_Chinese","official_lang","work.official_lang","no.married","other.attached","non.movers"
55259,933,"a55_59","m","eo_fo","official_lang","work.official_lang","no.married","other.attached","non.movers"
39593,933,"a50_54","f","eo_weo_Dutch","official_lang","work.official_lang","married","other.attached","non.movers"
469083,933,"a70_74","f","eo_bio_English","official_lang","work.no.official_lang","divorced","other.attached","non.movers"
716308,933,"a45_49","f","onao_Canadian","official_lang","work.no.official_lang","living.common.law","other.attached","non.movers"
226045,933,"a20_24","m","eo_bio_English","official_lang","work.official_lang","no.married","other.attached","nonmigrants.movers"
159229,933,"a20_24","m","eo_bio_English","official_lang","work.official_lang","no.married","other.attached","nonmigrants.movers"
627867,933,"a20_24","m","ao_osao","official_lang","work.no.official_lang","no.married","single.detached.house","non.movers"
690364,933,"a85_","m","ao_esao_Chinese","no.official_lang","work.no.official_lang","married","other.attached","non.movers"
878072,933,"a40_44","f","eo_fo","official_lang","work.official_lang","living.common.law","other.attached","non.movers"
523922,933,"a50_54","m","onao_Canadian","official_lang","work.official_lang","no.married","other.attached","non.movers"
556385,933,"a25_29","f","onao_Canadian","official_lang","work.official_lang","no.married","other.attached","non.movers"
697083,933,"a45_49","m","eo_oweo","official_lang","work.official_lang","married","other.attached","nonmigrants.movers"
363187,933,"a40_44","f","eo_seo_Italian","official_lang","work.official_lang","married","single.detached.house","non.movers"
189024,933,"a45_49","m","eo_bio_English","official_lang","work.official_lang","married","other.attached","non.movers"
314199,933,"a0_4","m","onao_Canadian","official_lang","work.no.official_lang","no.married","other.attached","other.movers"
449378,933,"a60_64","f","lcsao","official_lang","work.official_lang","married","other.attached","non.movers"
405600,933,"a40_44","f","eo_seo_Italian","official_lang","work.official_lang","married","other.attached","non.movers"
558018,933,"a45_49","m","eo_neo","official_lang","work.official_lang","no.married","single.detached.house","non.movers"
192505,933,"a0_4","f","eo_neo","official_lang","work.no.official_lang","no.married","other.attached","non.movers"
870407,933,"a35_39","m","onao_Canadian","official_lang","work.official_lang","no.married","other.attached","non.movers"
449992,933,"a20_24","m","eo_bio_English","official_lang","work.no.official_lang","no.married","other.attached","non.movers"
828871,933,"a20_24","m","ao_esao_Chinese","official_lang","work.no.official_lang","no.married","other.attached","non.movers"
174562,933,"a5_9","f","eo_bio_English","official_lang","work.no.official_lang","no.married","single.detached.house","non.movers"
427999,933,"a50_54","m","onao_Canadian","official_lang","work.official_lang","married","single.detached.house","non.movers"
769146,933,"a5_9","f","ao_osao","official_lang","work.no.official_lang","no.married","other.attached","non.movers"
46946,933,"a50_54","m","eo_bio_Scottish","official_lang","work.official_lang","married","single.detached.house","non.movers"
633244,933,"a60_64","f","eo_bio_English","official_lang","work.no.official_lang","divorced","other.attached","non.movers"
293238,933,"a85_","m","eo_weo_Dutch","official_lang","work.no.official_lang","married","other.attached","non.movers"
13935,933,"a60_64","m","eo_bio_English","official_lang","work.official_lang","married","single.detached.house","non.movers"
318475,933,"a40_44","m","eo_bio_English","official_lang","work.official_lang","divorced","other.attached","other.movers"
853398,933,"a25_29","m","naao","official_lang","work.official_lang","living.common.law","other.attached","other.movers"
297421,933,"a30_34","f","eo_eeo_Ukrainian","official_lang","work.no.official_lang","married","other.attached","non.movers"
838748,933,"a70_74","m","eo_bio_English","official_lang","work.official_lang","married","single.detached.house","non.movers"
206039,933,"a20_24","m","naao","official_lang","work.no.official_lang","no.married","single.detached.house","non.movers"
750583,933,"a45_49","m","eo_eeo_Russian","official_lang","work.no.official_lang","married","other.attached","non.movers"
778858,933,"a15_19","m","ao_osao","official_lang","work.no.official_lang","no.married","other.attached","non.movers"
409453,933,"a75_79","m","eo_weo_German","official_lang","work.no.official_lang","married","other.attached","non.movers"
483671,933,"a15_19","f","eo_eeo_Russian","official_lang","work.no.official_lang","no.married","single.detached.house","non.movers"
61344,933,"a30_34","m","onao_Canadian","official_lang","work.official_lang","married","other.attached","nonmigrants.movers"
686763,933,"a70_74","m","eo_neo","official_lang","work.no.official_lang","married","single.detached.house","non.movers"
907858,933,"a20_24","f","naao","official_lang","work.no.official_lang","no.married","single.detached.house","non.movers"
504812,933,"a45_49","f","eo_oeeo","official_lang","work.official_lang","widowed","other.attached","non.movers"
580467,933,"a55_59","f","eo_eeo_Ukrainian","official_lang","work.official_lang","married","other.attached","other.movers"
745345,933,"a55_59","f","onao_Canadian","official_lang","work.official_lang","divorced","other.attached","non.movers"
598156,933,"a55_59","m","eo_bio_Scottish","official_lang","work.official_lang","married","other.attached","non.movers"
504537,933,"a70_74","m","eo_oweo","official_lang","work.no.official_lang","married","single.detached.house","non.movers"
183770,933,"a45_49","f","eo_bio_Irish","official_lang","work.official_lang","married","other.attached","non.movers"
160582,933,"a50_54","f","eo_seo_Italian","official_lang","work.official_lang","married","other.attached","non.movers"
111765,933,"a50_54","m","eo_seo_Portuguese","official_lang","work.official_lang","married","other.attached","non.movers"
849568,933,"a55_59","m","eo_neo","official_lang","work.no.official_lang","no.married","other.attached","non.movers"
101623,933,"a35_39","f","eo_weo_German","official_lang","work.official_lang","married","other.attached","non.movers"
21036,933,"a20_24","f","onao_Canadian","official_lang","work.official_lang","no.married","single.detached.house","non.movers"
205478,933,"a20_24","f","ao_esao_Chinese","official_lang","work.no.official_lang","no.married","other.attached","external.movers"
16112,933,"a40_44","f","eo_bio_English","official_lang","work.official_lang","married","single.detached.house","non.movers"
361157,933,"a70_74","m","eo_eeo_Russian","official_lang","work.official_lang","married","other.attached","non.movers"
384155,933,"a30_34","m","eo_bio_English","official_lang","work.official_lang","married","other.attached","nonmigrants.movers"
844271,933,"a15_19","m","onao_Canadian","official_lang","work.official_lang","no.married","other.attached","non.movers"
26458,933,"a50_54","f","eo_weo_German","official_lang","work.no.official_lang","divorced","single.detached.house","non.movers"
721397,933,"a20_24","f","lcsao","official_lang","work.no.official_lang","no.married","other.attached","non.movers"
790643,933,"a20_24","f","ao_osao","official_lang","work.no.official_lang","no.married","other.attached","non.movers"
511058,933,"a0_4","f","onao_Canadian","official_lang","work.no.official_lang","no.married","single.detached.house","non.movers"
830869,933,"a50_54","f","eo_bio_Scottish","official_lang","work.official_lang","no.married","other.attached","non.movers"
145254,933,"a15_19","f","eo_eeo_Russian","official_lang","work.official_lang","no.married","other.attached","non.movers"
239037,933,"a60_64","f","eo_neo","official_lang","work.no.official_lang","no.married","other.attached","non.movers"
315702,933,"a15_19","m","eo_oeeo","official_lang","work.no.official_lang","no.married","other.attached","non.movers"
474371,933,"a10_14","m","lcsao","official_lang","work.no.official_lang","no.married","other.attached","non.movers"
332404,933,"a40_44","f","eo_weo_German","official_lang","work.official_lang","divorced","other.attached","non.movers"
344289,933,"a0_4","m","ao_osao","official_lang","work.no.official_lang","no.married","other.attached","non.movers"
176399,933,"a55_59","m","ao_osao","official_lang","work.official_lang","married","other.attached","non.movers"
609878,933,"a20_24","m","ao_osao","official_lang","work.no.official_lang","no.married","other.attached","non.movers"
327772,933,"a80_84","m","ao_esao_Chinese","official_lang","work.no.official_lang","married","other.attached","non.movers"
928949,933,"a50_54","m","eo_bio_Scottish","official_lang","work.official_lang","married","other.attached","external.movers"
265558,933,"a50_54","m","eo_bio_English","official_lang","work.official_lang","separated","other.attached","non.movers"
287067,933,"a35_39","m","ao_esao_Filipino","official_lang","work.official_lang","married","other.attached","non.movers"
808015,933,"a20_24","f","ao_esao_Chinese","official_lang","work.official_lang","no.married","other.attached","non.movers"
673308,933,"a15_19","f","eo_bio_English","official_lang","work.official_lang","no.married","other.attached","non.movers"
798459,933,"a40_44","m","eo_fo","official_lang","work.official_lang","living.common.law","other.attached","other.movers"
798459,933,"a40_44","m","eo_fo","official_lang","work.official_lang","living.common.law","other.attached","other.movers"
458949,933,"a50_54","f","ao_esao_Filipino","official_lang","work.official_lang","married","other.attached","non.movers"
634341,933,"a70_74","f","eo_weo_German","official_lang","work.no.official_lang","married","other.attached","non.movers"
219892,933,"a45_49","m","eo_oeeo","official_lang","work.official_lang","married","other.attached","non.movers"
831641,933,"a25_29","f","naao","official_lang","work.no.official_lang","no.married","other.attached","non.movers"
171919,933,"a15_19","f","eo_oeeo","official_lang","work.official_lang","no.married","other.attached","non.movers"
183249,933,"a40_44","m","eo_neo","official_lang","work.no.official_lang","married","single.detached.house","non.movers"
306651,933,"a20_24","m","lcsao","official_lang","work.official_lang","no.married","other.attached","non.movers"
615654,933,"a80_84","m","eo_seo_Italian","official_lang","work.no.official_lang","married","single.detached.house","non.movers"
433114,933,"a40_44","m","ao_osao","official_lang","work.official_lang","married","other.attached","non.movers"
691019,933,"a55_59","f","ao_oesao","official_lang","work.official_lang","married","single.detached.house","nonmigrants.movers"
392243,933,"a45_49","f","eo_bio_English","official_lang","work.official_lang","married","other.attached","non.movers"
920971,933,"a15_19","m","eo_bio_English","official_lang","work.official_lang","no.married","other.attached","non.movers"
584033,933,"a0_4","m","onao_Canadian","official_lang","work.no.official_lang","no.married","other.attached","other.movers"
521968,933,"a50_54","m","eo_bio_Scottish","official_lang","work.official_lang","married","other.attached","nonmigrants.movers"
566086,933,"a60_64","m","eo_weo_German","official_lang","work.official_lang","divorced","single.detached.house","non.movers"
385000,933,"a50_54","f","eo_oeeo","official_lang","work.official_lang","separated","other.attached","non.movers"
911826,933,"a50_54","m","onao_Canadian","official_lang","work.no.official_lang","no.married","other.attached","non.movers"
614130,933,"a20_24","f","onao_Canadian","official_lang","work.official_lang","no.married","other.attached","non.movers"
156553,933,"a45_49","f","eo_oeeo","official_lang","work.no.official_lang","married","other.attached","non.movers"
402523,933,"a25_29","f","ao_esao_Filipino","official_lang","work.no.official_lang","widowed","other.attached","non.movers"
74471,933,"a15_19","f","ao_osao","official_lang","work.no.official_lang","no.married","single.detached.house","nonmigrants.movers"
494960,933,"a70_74","m","eo_fo","official_lang","work.no.official_lang","married","other.attached","non.movers"
857953,933,"a40_44","f","eo_seo_Italian","official_lang","work.official_lang","widowed","other.attached","non.movers"
247405,933,"a35_39","f","eo_neo","official_lang","work.official_lang","married","other.attached","non.movers"
393368,933,"a40_44","f","eo_bio_English","official_lang","work.official_lang","separated","single.detached.house","non.movers"
383980,933,"a65_69","f","eo_bio_English","official_lang","work.no.official_lang","widowed","other.attached","non.movers"
70972,933,"a30_34","f","eo_oeeo","official_lang","work.no.official_lang","married","other.attached","non.movers"
220059,933,"a10_14","f","onao_Canadian","official_lang","work.no.official_lang","no.married","other.attached","non.movers"
13677,933,"a40_44","f","onao_Canadian","official_lang","work.no.official_lang","married","other.attached","non.movers"
233391,933,"a20_24","m","eo_neo","official_lang","work.official_lang","no.married","single.detached.house","non.movers"
435260,933,"a75_79","m","onao_Canadian","official_lang","work.no.official_lang","married","other.attached","non.movers"
274088,933,"a15_19","f","ao_osao","official_lang","work.no.official_lang","no.married","other.attached","non.movers"
57247,933,"a70_74","m","eo_bio_English","official_lang","work.official_lang","married","other.attached","non.movers"
681066,933,"a35_39","m","eo_bio_Irish","official_lang","work.official_lang","married","other.attached","non.movers"
494115,933,"a20_24","f","ao_esao_Filipino","official_lang","work.official_lang","no.married","other.attached","non.movers"
928615,933,"a10_14","m","ao_osao","official_lang","work.no.official_lang","no.married","other.attached","non.movers"
570013,933,"a5_9","m","ao_esao_Chinese","official_lang","work.no.official_lang","no.married","other.attached","non.movers"
257856,933,"a35_39","m","ao_esao_Filipino","official_lang","work.official_lang","married","other.attached","nonmigrants.movers"
750845,933,"a35_39","f","eo_bio_English","official_lang","work.official_lang","married","other.attached","non.movers"
180437,933,"a35_39","f","eo_bio_English","official_lang","work.official_lang","married","other.attached","nonmigrants.movers"
499743,933,"a35_39","f","onao_Canadian","official_lang","work.no.official_lang","married","other.attached","non.movers"
178185,933,"a0_4","m","onao_Canadian","official_lang","work.no.official_lang","no.married","other.attached","other.movers"
173569,933,"a50_54","f","eo_weo_German","official_lang","work.official_lang","married","single.detached.house","non.movers"
33498,933,"a70_74","m","eo_weo_German","official_lang","work.no.official_lang","married","other.attached","non.movers"
276813,933,"a50_54","m","eo_weo_German","official_lang","work.official_lang","no.married","other.attached","non.movers"
183167,933,"a50_54","f","eo_bio_Irish","official_lang","work.official_lang","no.married","other.attached","non.movers"
38889,933,"a0_4","m","onao_Canadian","official_lang","work.no.official_lang","no.married","single.detached.house","other.movers"
295501,933,"a60_64","m","onao_Canadian","official_lang","work.no.official_lang","divorced","other.attached","non.movers"
917300,933,"a50_54","m","eo_weo_German","official_lang","work.official_lang","married","other.attached","non.movers"
428652,933,"a0_4","f","naao","official_lang","work.no.official_lang","no.married","single.detached.house","other.movers"
317721,933,"a35_39","m","eo_seo_Italian","official_lang","work.official_lang","married","other.attached","non.movers"
15365,933,"a65_69","m","eo_bio_Scottish","official_lang","work.official_lang","married","other.attached","non.movers"
124933,933,"a25_29","f","eo_bio_Scottish","official_lang","work.official_lang","no.married","other.attached","other.movers"
68986,933,"a25_29","f","eo_bio_Scottish","official_lang","work.official_lang","no.married","other.attached","other.movers"
104804,933,"a0_4","f","eo_eeo_Russian","official_lang","work.no.official_lang","no.married","other.attached","non.movers"
304185,933,"a60_64","m","eo_obio","official_lang","work.official_lang","married","other.attached","non.movers"
135974,933,"a0_4","m","ao_osao","official_lang","work.no.official_lang","no.married","single.detached.house","non.movers"
859049,933,"a15_19","f","eo_weo_German","official_lang","work.no.official_lang","no.married","other.attached","non.movers"
171901,933,"a40_44","m","onao","official_lang","work.official_lang","married","other.attached","non.movers"
171901,933,"a40_44","m","onao","official_lang","work.official_lang","married","other.attached","non.movers"
171901,933,"a40_44","m","onao","official_lang","work.official_lang","married","other.attached","non.movers"
704305,933,"a5_9","m","onao","official_lang","work.no.official_lang","no.married","other.attached","non.movers"
704305,933,"a5_9","m","onao","official_lang","work.no.official_lang","no.married","other.attached","non.movers"
704305,933,"a5_9","m","onao","official_lang","work.no.official_lang","no.married","other.attached","non.movers"
776239,933,"a40_44","m","eo_bio_Irish","official_lang","work.official_lang","living.common.law","other.attached","non.movers"
544240,933,"a80_84","f","eo_eeo_Ukrainian","official_lang","work.official_lang","married","single.detached.house","non.movers"
418532,933,"a30_34","f","onao_Canadian","official_lang","work.official_lang","married","other.attached","non.movers"
819551,933,"a55_59","m","onao_Canadian","official_lang","work.official_lang","no.married","single.detached.house","non.movers"
510217,933,"a15_19","f","onao_Canadian","official_lang","work.official_lang","no.married","single.detached.house","non.movers"
138124,933,"a0_4","m","ao_sao_ei","official_lang","work.no.official_lang","no.married","single.detached.house","non.movers"
268568,933,"a50_54","m","eo_neo","official_lang","work.no.official_lang","no.married","single.detached.house","non.movers"
830166,933,"a15_19","m","ao_osao","official_lang","work.official_lang","no.married","other.attached","non.movers"
239007,933,"a30_34","m","eo_fo","official_lang","work.official_lang","married","other.attached","other.movers"
239007,933,"a30_34","m","eo_fo","official_lang","work.official_lang","married","other.attached","other.movers"
239007,933,"a30_34","m","eo_fo","official_lang","work.official_lang","married","other.attached","other.movers"
809072,933,"a85_","m","eo_oweo","official_lang","work.no.official_lang","married","single.detached.house","non.movers"
153437,933,"a55_59","f","eo_neo","official_lang","work.official_lang","married","other.attached","non.movers"
83585,933,"a50_54","f","eo_bio_English","official_lang","work.official_lang","married","other.attached","non.movers"
264890,933,"a0_4","m","ao_osao","official_lang","work.no.official_lang","no.married","other.attached","other.movers"
646458,933,"a10_14","m","onao_Canadian","official_lang","work.no.official_lang","no.married","other.attached","non.movers"
748739,933,"a35_39","m","ao_osao","official_lang","work.official_lang","married","other.attached","non.movers"
46197,933,"a40_44","f","eo_neo","official_lang","work.official_lang","married","other.attached","non.movers"
216735,933,"a70_74","m","eo_bio_Irish","official_lang","work.no.official_lang","married","single.detached.house","non.movers"
231486,933,"a60_64","m","eo_bio_English","official_lang","work.official_lang","married","single.detached.house","non.movers"
552785,933,"a45_49","m","eo_weo_German","official_lang","work.official_lang","married","single.detached.house","non.movers"
237985,933,"a25_29","f","onao_Canadian","official_lang","work.official_lang","married","other.attached","non.movers"
68454,933,"a30_34","f","onao_Canadian","official_lang","work.no.official_lang","married","other.attached","non.movers"
543563,933,"a75_79","f","eo_neo","official_lang","work.no.official_lang","divorced","other.attached","non.movers"
457705,933,"a25_29","f","lcsao","official_lang","work.no.official_lang","no.married","other.attached","other.movers"
405257,933,"a0_4","f","ao_sao_ei","official_lang","work.no.official_lang","no.married","other.attached","non.movers"
245031,933,"a20_24","m","eo_bio_English","official_lang","work.official_lang","no.married","other.attached","non.movers"
190703,933,"a15_19","m","eo_bio_Irish","official_lang","work.official_lang","no.married","other.attached","non.movers"
415628,933,"a20_24","f","eo_bio_Irish","official_lang","work.official_lang","no.married","single.detached.house","non.movers"
812234,933,"a80_84","f","ao_osao","official_lang","work.no.official_lang","no.married","other.attached","non.movers"
428266,933,"a65_69","f","onao_Canadian","official_lang","work.official_lang","married","single.detached.house","other.movers"
821301,933,"a35_39","m","eo_fo","official_lang","work.official_lang","married","other.attached","non.movers"
241056,933,"a70_74","f","eo_bio_Scottish","official_lang","work.no.official_lang","married","single.detached.house","non.movers"
616539,933,"a25_29","m","ao_osao","official_lang","work.official_lang","no.married","other.attached","non.movers"
213878,933,"a55_59","f","eo_neo","official_lang","work.official_lang","living.common.law","other.attached","non.movers"
65125,933,"a30_34","f","eo_bio_Irish","official_lang","work.official_lang","married","single.detached.house","non.movers"
433581,933,"a55_59","f","eo_weo_German","official_lang","work.official_lang","divorced","other.attached","non.movers"
903880,933,"a20_24","m","ao_osao","official_lang","work.no.official_lang","no.married","single.detached.house","non.movers"
916346,933,"a35_39","m","eo_bio_English","official_lang","work.official_lang","living.common.law","other.attached","non.movers"
289850,933,"a45_49","f","eo_fo","official_lang","work.official_lang","divorced","single.detached.house","non.movers"
443265,933,"a50_54","m","eo_bio_English","official_lang","work.official_lang","living.common.law","other.attached","non.movers"
752674,933,"a65_69","f","eo_weo_German","official_lang","work.official_lang","married","other.attached","non.movers"
50530,933,"a45_49","f","eo_obio","official_lang","work.official_lang","married","other.attached","non.movers"
653226,933,"a45_49","f","eo_seo_Italian","official_lang","work.official_lang","married","single.detached.house","non.movers"
653420,933,"a0_4","f","eo_weo_German","official_lang","work.no.official_lang","no.married","single.detached.house","other.movers"
774447,933,"a5_9","f","ao_sao_ei","official_lang","work.no.official_lang","no.married","other.attached","nonmigrants.movers"
33636,933,"a50_54","f","ao_osao","official_lang","work.no.official_lang","living.common.law","other.attached","non.movers"
617512,933,"a55_59","m","onao_Canadian","official_lang","work.official_lang","married","other.attached","non.movers"
250648,933,"a55_59","f","onao_Canadian","official_lang","work.official_lang","married","single.detached.house","non.movers"
799414,933,"a45_49","m","eo_eeo_Ukrainian","official_lang","work.official_lang","married","other.attached","non.movers"
456852,933,"a40_44","f","eo_weo_German","official_lang","work.official_lang","no.married","other.attached","non.movers"
302235,933,"a55_59","m","eo_eeo_Ukrainian","official_lang","work.official_lang","married","other.attached","non.movers"
112616,933,"a55_59","f","ao_esao_Filipino","official_lang","work.official_lang","married","other.attached","other.movers"
578811,933,"a45_49","f","eo_weo_German","official_lang","work.official_lang","divorced","other.attached","non.movers"
786217,933,"a15_19","m","ao_esao_Filipino","official_lang","work.official_lang","no.married","other.attached","non.movers"
107752,933,"a50_54","m","eo_bio_Irish","official_lang","work.official_lang","separated","other.attached","non.movers"
399160,933,"a35_39","m","eo_bio_Scottish","official_lang","work.no.official_lang","no.married","single.detached.house","non.movers"
619227,933,"a50_54","f","eo_bio_English","official_lang","work.official_lang","married","single.detached.house","non.movers"
667099,933,"a10_14","m","onao_Canadian","official_lang","work.no.official_lang","no.married","other.attached","non.movers"
879152,933,"a25_29","f","eo_bio_Irish","official_lang","work.official_lang","married","other.attached","non.movers"
373002,933,"a70_74","m","eo_bio_English","official_lang","work.no.official_lang","married","single.detached.house","non.movers"
919312,933,"a20_24","m","eo_fo","official_lang","work.no.official_lang","no.married","single.detached.house","non.movers"
235488,933,"a25_29","f","ao_sao_ei","official_lang","work.official_lang","no.married","other.attached","other.movers"
41269,933,"a45_49","m","eo_bio_English","official_lang","work.official_lang","living.common.law","other.attached","non.movers"
672947,933,"a35_39","m","onao_Canadian","official_lang","work.official_lang","living.common.law","other.attached","non.movers"
550865,933,"a35_39","f","onao_Canadian","official_lang","work.no.official_lang","living.common.law","other.attached","non.movers"
848774,933,"a10_14","f","onao_Canadian","official_lang","work.no.official_lang","no.married","other.attached","non.movers"
342857,933,"a10_14","f","ao_esao_Filipino","official_lang","work.no.official_lang","no.married","other.attached","nonmigrants.movers"
569896,933,"a70_74","f","ao_esao_Chinese","official_lang","work.no.official_lang","married","other.attached","non.movers"
341997,933,"a50_54","f","eo_weo_German","official_lang","work.official_lang","married","other.attached","other.movers"
808432,933,"a70_74","f","eo_oweo","official_lang","work.no.official_lang","married","other.attached","non.movers"
264966,933,"a55_59","m","eo_eeo_Ukrainian","official_lang","work.official_lang","married","other.attached","non.movers"
911483,933,"a55_59","m","ao_esao_Filipino","official_lang","work.official_lang","married","other.attached","other.movers"
201751,933,"a20_24","m","ao_esao_Filipino","official_lang","work.official_lang","no.married","other.attached","non.movers"
785870,933,"a30_34","f","eo_bio_Scottish","official_lang","work.official_lang","married","other.attached","non.movers"
719001,933,"a40_44","m","eo_bio_Irish","official_lang","work.official_lang","married","other.attached","non.movers"
68461,933,"a50_54","f","eo_neo","official_lang","work.no.official_lang","married","single.detached.house","other.movers"
368049,933,"a20_24","f","ao_esao_Filipino","official_lang","work.no.official_lang","no.married","other.attached","non.movers"
773783,933,"a55_59","m","eo_oweo","official_lang","work.official_lang","divorced","other.attached","non.movers"
669486,933,"a10_14","m","onao_Canadian","official_lang","work.no.official_lang","no.married","other.attached","non.movers"
579379,933,"a50_54","f","eo_bio_English","official_lang","work.official_lang","married","single.detached.house","non.movers"
9050,933,"a5_9","m","ao_esao_Filipino","official_lang","work.no.official_lang","no.married","other.attached","non.movers"
334566,933,"a30_34","m","eo_eeo_Ukrainian","official_lang","work.no.official_lang","no.married","other.attached","non.movers"
725309,933,"a10_14","f","onao_Canadian","official_lang","work.no.official_lang","no.married","single.detached.house","non.movers"
425930,933,"a55_59","m","eo_neo","official_lang","work.official_lang","living.common.law","other.attached","non.movers"
287022,933,"a10_14","m","lcsao","official_lang","work.no.official_lang","no.married","single.detached.house","non.movers"
467243,933,"a60_64","f","eo_bio_English","official_lang","work.official_lang","married","other.attached","non.movers"
334412,933,"a10_14","f","ao_esao_Filipino","official_lang","work.no.official_lang","no.married","other.attached","non.movers"
179648,933,"a40_44","f","eo_bio_English","official_lang","work.official_lang","married","other.attached","non.movers"
275558,933,"a20_24","f","ao_esao_Chinese","official_lang","work.official_lang","no.married","other.attached","other.movers"
84505,933,"a65_69","f","eo_seo_Italian","official_lang","work.no.official_lang","no.married","other.attached","non.movers"
860351,933,"a15_19","m","onao_Canadian","official_lang","work.official_lang","no.married","other.attached","non.movers"
381621,933,"a45_49","m","lcsao","official_lang","work.official_lang","married","other.attached","non.movers"
509666,933,"a50_54","f","ao_oesao","official_lang","work.official_lang","married","single.detached.house","non.movers"
924030,933,"a60_64","f","eo_fo","official_lang","work.no.official_lang","married","other.attached","non.movers"
529109,933,"a30_34","f","ao_esao_Chinese","official_lang","work.official_lang","married","other.attached","non.movers"
322154,933,"a10_14","f","onao_Canadian","official_lang","work.no.official_lang","no.married","single.detached.house","non.movers"
39774,933,"a35_39","f","onao_Canadian","official_lang","work.no.official_lang","no.married","other.attached","non.movers"
311471,933,"a55_59","f","eo_bio_Irish","official_lang","work.no.official_lang","no.married","other.attached","non.movers"
646932,933,"a40_44","f","eo_oweo","official_lang","work.official_lang","married","single.detached.house","non.movers"
616209,933,"a60_64","f","eo_weo_German","official_lang","work.official_lang","divorced","other.attached","non.movers"
691202,933,"a25_29","f","eo_bio_Scottish","official_lang","work.official_lang","living.common.law","single.detached.house","other.movers"
415959,933,"a5_9","m","onao_Canadian","official_lang","work.no.official_lang","no.married","single.detached.house","non.movers"
708921,933,"a30_34","m","eo_neo","official_lang","work.official_lang","married","other.attached","non.movers"
398815,933,"a55_59","f","eo_eeo_Russian","official_lang","work.no.official_lang","married","other.attached","non.movers"
226703,933,"a45_49","f","onao_Canadian","official_lang","work.official_lang","married","single.detached.house","non.movers"
681055,933,"a50_54","m","eo_weo_German","official_lang","work.official_lang","married","single.detached.house","other.movers"
488475,933,"a50_54","m","eo_eeo_Russian","official_lang","work.official_lang","married","other.attached","non.movers"
846605,933,"a5_9","m","onao_Canadian","official_lang","work.no.official_lang","no.married","other.attached","other.movers"
170228,933,"a35_39","m","onao_Canadian","official_lang","work.official_lang","no.married","other.attached","nonmigrants.movers"
111609,933,"a60_64","f","eo_bio_English","official_lang","work.official_lang","married","other.attached","non.movers"
424093,933,"a0_4","f","eo_seo_Portuguese","official_lang","work.no.official_lang","no.married","single.detached.house","non.movers"
531103,933,"a85_","m","eo_eeo_Russian","official_lang","work.no.official_lang","widowed","other.attached","other.movers"
374840,933,"a40_44","f","onao_Canadian","official_lang","work.official_lang","married","other.attached","non.movers"
776563,933,"a10_14","f","ao_esao_Filipino","official_lang","work.no.official_lang","no.married","other.attached","non.movers"
610024,933,"a50_54","f","ao_osao","official_lang","work.no.official_lang","married","single.detached.house","non.movers"
904643,933,"a50_54","f","eo_seo_Italian","official_lang","work.official_lang","married","other.attached","non.movers"
730475,933,"a40_44","m","eo_bio_English","official_lang","work.no.official_lang","no.married","other.attached","non.movers"
482705,933,"a20_24","m","eo_eeo_Polish","official_lang","work.no.official_lang","no.married","other.attached","non.movers"
181862,933,"a45_49","m","onao_Canadian","official_lang","work.official_lang","living.common.law","other.attached","non.movers"
355794,933,"a40_44","f","eo_neo","official_lang","work.official_lang","living.common.law","other.attached","non.movers"
55488,933,"a60_64","f","eo_eeo_Ukrainian","official_lang","work.official_lang","married","other.attached","other.movers"
57059,933,"a40_44","f","ao_esao_Chinese","official_lang","work.no.official_lang","separated","single.detached.house","non.movers"
357735,933,"a60_64","f","eo_eeo_Ukrainian","official_lang","work.official_lang","married","other.attached","non.movers"
799348,933,"a0_4","m","ao_esao_Filipino","official_lang","work.no.official_lang","no.married","single.detached.house","other.movers"
68650,933,"a10_14","m","onao_Canadian","official_lang","work.no.official_lang","no.married","other.attached","non.movers"
346786,933,"a0_4","m","eo_seo_Portuguese","official_lang","work.no.official_lang","no.married","other.attached","other.movers"
206230,933,"a10_14","m","ao_osao","official_lang","work.no.official_lang","no.married","other.attached","non.movers"
375815,933,"a25_29","f","eo_bio_English","official_lang","work.official_lang","no.married","other.attached","non.movers"
878095,933,"a15_19","f","eo_bio_Scottish","official_lang","work.no.official_lang","no.married","other.attached","non.movers"
644602,933,"a40_44","f","eo_oeeo","official_lang","work.no.official_lang","married","other.attached","non.movers"
199675,933,"a15_19","f","ao_esao_Chinese","official_lang","work.no.official_lang","no.married","other.attached","non.movers"
315242,933,"a5_9","m","eo_eeo_Ukrainian","official_lang","work.no.official_lang","no.married","other.attached","non.movers"
15130,933,"a80_84","f","eo_bio_Irish","official_lang","work.no.official_lang","married","other.attached","non.movers"
584468,933,"a50_54","f","eo_eeo_Russian","official_lang","work.official_lang","married","single.detached.house","non.movers"
874571,933,"a0_4","f","onao_Canadian","official_lang","work.no.official_lang","no.married","other.attached","nonmigrants.movers"
654597,933,"a25_29","m","ao_esao_Chinese","official_lang","work.no.official_lang","no.married","other.attached","non.movers"
377923,933,"a50_54","f","ao_esao_Chinese","official_lang","work.no.official_lang","separated","other.attached","non.movers"
731999,933,"a50_54","f","eo_bio_Scottish","official_lang","work.official_lang","married","single.detached.house","non.movers"
202601,933,"a65_69","m","eo_neo","official_lang","work.official_lang","married","other.attached","non.movers"
918837,933,"a40_44","f","ao_osao","official_lang","work.official_lang","married","other.attached","other.movers"
823024,933,"a45_49","m","ao_osao","no.official_lang","work.no.official_lang","married","other.attached","other.movers"
68613,933,"a25_29","f","onao_Canadian","official_lang","work.official_lang","no.married","other.attached","non.movers"
242500,933,"a0_4","f","eo_bio_Scottish","official_lang","work.no.official_lang","no.married","other.attached","non.movers"
33024,933,"a0_4","m","eo_bio_Scottish","official_lang","work.no.official_lang","no.married","other.attached","other.movers"
880562,933,"a25_29","f","eo_eeo_Russian","official_lang","work.official_lang","no.married","other.attached","other.movers"
101436,933,"a50_54","m","eo_neo","official_lang","work.official_lang","living.common.law","other.attached","non.movers"
856793,933,"a0_4","m","eo_fo","official_lang","work.no.official_lang","no.married","other.attached","external.movers"
430398,933,"a25_29","f","eo_eeo_Ukrainian","official_lang","work.official_lang","married","other.attached","non.movers"
693000,933,"a65_69","f","eo_bio_English","official_lang","work.no.official_lang","living.common.law","other.attached","non.movers"
910041,933,"a60_64","f","eo_neo","official_lang","work.no.official_lang","married","single.detached.house","non.movers"
98004,933,"a15_19","f","eo_oeeo","official_lang","work.official_lang","no.married","other.attached","non.movers"
441254,933,"a40_44","m","onao_Canadian","official_lang","work.no.official_lang","no.married","other.attached","non.movers"
537284,933,"a15_19","f","ao_sao_ei","official_lang","work.no.official_lang","no.married","single.detached.house","non.movers"
424596,933,"a55_59","f","eo_bio_English","official_lang","work.no.official_lang","married","other.attached","non.movers"
533039,933,"a35_39","f","eo_seo_Italian","official_lang","work.official_lang","married","single.detached.house","non.movers"
868134,933,"a15_19","m","eo_bio_English","official_lang","work.official_lang","no.married","single.detached.house","non.movers"
634184,933,"a50_54","f","ao_esao_Chinese","official_lang","work.no.official_lang","married","single.detached.house","non.movers"
126060,933,"a40_44","f","eo_seo_Spanish","official_lang","work.official_lang","married","other.attached","non.movers"
36234,933,"a10_14","f","eo_bio_English","official_lang","work.no.official_lang","no.married","other.attached","non.movers"
615270,933,"a75_79","m","eo_eeo_Ukrainian","official_lang","work.no.official_lang","living.common.law","other.attached","non.movers"
511724,933,"a20_24","m","onao_Canadian","official_lang","work.official_lang","no.married","single.detached.house","non.movers"
585458,933,"a50_54","m","eo_bio_Scottish","official_lang","work.official_lang","no.married","other.attached","non.movers"
372638,933,"a55_59","f","eo_weo_German","official_lang","work.official_lang","divorced","other.attached","non.movers"
456163,933,"a0_4","f","onao_Canadian","official_lang","work.no.official_lang","no.married","other.attached","other.movers"
856384,933,"a30_34","m","ao_esao_Chinese","official_lang","work.official_lang","married","other.attached","non.movers"
822208,933,"a30_34","m","onao_Canadian","official_lang","work.official_lang","no.married","other.attached","non.movers"
615407,933,"a85_","m","eo_weo_German","official_lang","work.no.official_lang","married","single.detached.house","non.movers"
602989,933,"a5_9","f","ao_esao_Filipino","official_lang","work.no.official_lang","no.married","other.attached","non.movers"
765542,933,"a50_54","f","ao_esao_Filipino","official_lang","work.official_lang","married","other.attached","non.movers"
896871,933,"a60_64","f","eo_weo_German","official_lang","work.no.official_lang","married","other.attached","non.movers"
882466,933,"a20_24","m","onao_Canadian","official_lang","work.official_lang","no.married","other.attached","non.movers"
71501,933,"a65_69","m","eo_bio_Scottish","official_lang","work.no.official_lang","married","other.attached","other.movers"
99938,933,"a65_69","f","eo_fo","official_lang","work.official_lang","married","other.attached","other.movers"
99938,933,"a65_69","f","eo_fo","official_lang","work.official_lang","married","other.attached","other.movers"
579485,933,"a50_54","m","eo_bio_English","official_lang","work.official_lang","no.married","other.attached","non.movers"
667286,933,"a0_4","m","onao_Canadian","official_lang","work.no.official_lang","no.married","other.attached","non.movers"
354907,933,"a45_49","m","eo_oeeo","official_lang","work.official_lang","married","single.detached.house","non.movers"
347447,933,"a45_49","f","eo_bio_English","official_lang","work.official_lang","married","other.attached","other.movers"
612723,933,"a5_9","f","eo_oeeo","official_lang","work.no.official_lang","no.married","other.attached","non.movers"
474726,933,"a50_54","m","eo_bio_Irish","official_lang","work.official_lang","married","other.attached","non.movers"
706702,933,"a60_64","m","eo_obio","official_lang","work.official_lang","married","other.attached","non.movers"
69576,933,"a50_54","f","eo_bio_Scottish","official_lang","work.official_lang","divorced","other.attached","non.movers"
529399,933,"a85_","f","eo_bio_English","official_lang","work.no.official_lang","widowed","other.attached","non.movers"
805920,933,"a10_14","m","ao_esao_Filipino","official_lang","work.no.official_lang","no.married","other.attached","non.movers"
90412,933,"a15_19","f","eo_bio_Scottish","official_lang","work.no.official_lang","no.married","other.attached","non.movers"
387659,933,"a80_84","f","eo_bio_English","official_lang","work.no.official_lang","widowed","single.detached.house","non.movers"
491928,933,"a15_19","m","onao_Canadian","official_lang","work.no.official_lang","no.married","other.attached","non.movers"
521971,933,"a55_59","f","eo_weo_German","official_lang","work.official_lang","married","other.attached","non.movers"
637769,933,"a70_74","m","eo_neo","official_lang","work.no.official_lang","divorced","other.attached","non.movers"
162397,933,"a60_64","m","onao_Canadian","official_lang","work.no.official_lang","divorced","other.attached","non.movers"
135980,933,"a15_19","f","ao_esao_Filipino","official_lang","work.no.official_lang","no.married","single.detached.house","other.movers"
27929,933,"a70_74","f","onao_Canadian","official_lang","work.no.official_lang","widowed","single.detached.house","non.movers"
811934,933,"a50_54","f","onao_Canadian","official_lang","work.official_lang","separated","other.attached","non.movers"
533612,933,"a0_4","m","ao_esao_Filipino","official_lang","work.no.official_lang","no.married","other.attached","non.movers"
817266,933,"a80_84","f","eo_weo_Dutch","official_lang","work.no.official_lang","widowed","other.attached","non.movers"
591618,933,"a85_","m","eo_eeo_Ukrainian","official_lang","work.no.official_lang","married","single.detached.house","non.movers"
782566,933,"a55_59","f","eo_seo_Spanish","official_lang","work.official_lang","married","other.attached","non.movers"
201137,933,"a0_4","f","naao","official_lang","work.no.official_lang","no.married","other.attached","other.movers"
228911,933,"a60_64","f","eo_bio_English","official_lang","work.no.official_lang","married","other.attached","non.movers"
855974,933,"a20_24","m","onao_Canadian","official_lang","work.official_lang","no.married","other.attached","nonmigrants.movers"
155126,933,"a5_9","f","onao_Canadian","official_lang","work.no.official_lang","no.married","other.attached","non.movers"
700828,933,"a25_29","m","eo_bio_Irish","official_lang","work.no.official_lang","no.married","other.attached","non.movers"
271707,933,"a70_74","m","eo_oeeo","official_lang","work.no.official_lang","married","other.attached","non.movers"
582579,933,"a65_69","f","eo_bio_English","official_lang","work.no.official_lang","married","other.attached","non.movers"
79559,933,"a70_74","m","eo_oeeo","official_lang","work.no.official_lang","widowed","other.attached","non.movers"
522416,933,"a20_24","f","ao_esao_Chinese","official_lang","work.official_lang","no.married","other.attached","non.movers"
386991,933,"a30_34","f","eo_weo_Dutch","official_lang","work.official_lang","no.married","other.attached","non.movers"
212427,933,"a65_69","f","eo_neo","official_lang","work.official_lang","widowed","other.attached","non.movers"
843482,933,"a35_39","m","onao_Canadian","official_lang","work.official_lang","married","single.detached.house","non.movers"
121787,933,"a50_54","m","eo_bio_Scottish","official_lang","work.official_lang","no.married","other.attached","non.movers"
93859,933,"a60_64","f","eo_bio_English","official_lang","work.official_lang","married","other.attached","other.movers"
129301,933,"a60_64","m","eo_bio_English","official_lang","work.no.official_lang","married","other.attached","other.movers"
91829,933,"a70_74","m","onao_Canadian","official_lang","work.no.official_lang","divorced","single.detached.house","non.movers"
41685,933,"a35_39","f","eo_eeo_Russian","official_lang","work.official_lang","married","other.attached","external.movers"
477935,933,"a5_9","f","eo_bio_English","official_lang","work.no.official_lang","no.married","single.detached.house","non.movers"
364974,933,"a50_54","f","eo_fo","official_lang","work.official_lang","married","single.detached.house","non.movers"
488993,933,"a45_49","m","onao_Canadian","official_lang","work.official_lang","living.common.law","other.attached","non.movers"
467066,933,"a30_34","f","eo_bio_Scottish","official_lang","work.official_lang","no.married","other.attached","non.movers"
682592,933,"a55_59","m","eo_bio_Scottish","official_lang","work.official_lang","living.common.law","other.attached","non.movers"
928108,933,"a50_54","m","eo_fo","official_lang","work.official_lang","married","other.attached","non.movers"
581605,933,"a0_4","m","ao_osao","official_lang","work.no.official_lang","no.married","single.detached.house","non.movers"
114865,933,"a55_59","f","eo_weo_German","official_lang","work.official_lang","married","single.detached.house","non.movers"
119695,933,"a60_64","m","eo_eeo_Ukrainian","official_lang","work.official_lang","married","other.attached","non.movers"
681176,933,"a15_19","m","eo_seo_Portuguese","official_lang","work.no.official_lang","no.married","other.attached","non.movers"
480615,933,"a15_19","f","onao_Canadian","official_lang","work.official_lang","no.married","single.detached.house","non.movers"
573481,933,"a60_64","f","eo_weo_German","official_lang","work.official_lang","no.married","other.attached","non.movers"
742445,933,"a60_64","m","eo_weo_German","official_lang","work.no.official_lang","married","single.detached.house","non.movers"
590037,933,"a85_","f","eo_neo","official_lang","work.no.official_lang","widowed","other.attached","non.movers"
720099,933,"a30_34","f","ao_oesao","official_lang","work.no.official_lang","no.married","single.detached.house","non.movers"
309136,933,"a70_74","f","eo_oweo","official_lang","work.no.official_lang","married","other.attached","non.movers"
454732,933,"a70_74","f","eo_oweo","official_lang","work.no.official_lang","married","single.detached.house","non.movers"
32573,933,"a45_49","m","eo_bio_Scottish","official_lang","work.official_lang","no.married","other.attached","non.movers"
367923,933,"a0_4","m","eo_bio_English","official_lang","work.no.official_lang","no.married","single.detached.house","non.movers"
130894,933,"a40_44","m","eo_bio_Irish","official_lang","work.official_lang","married","single.detached.house","non.movers"
150105,933,"a40_44","f","onao_Canadian","official_lang","work.official_lang","married","other.attached","non.movers"
185159,933,"a20_24","f","ao_esao_Chinese","official_lang","work.official_lang","no.married","other.attached","non.movers"
276607,933,"a35_39","m","ao_esao_Filipino","official_lang","work.official_lang","married","other.attached","external.movers"
648286,933,"a50_54","f","eo_eeo_Ukrainian","official_lang","work.official_lang","divorced","other.attached","non.movers"
536800,933,"a15_19","f","onao_Canadian","official_lang","work.official_lang","no.married","other.attached","non.movers"
868569,933,"a10_14","f","eo_fo","official_lang","work.no.official_lang","no.married","other.attached","non.movers"
840203,933,"a40_44","m","eo_bio_Scottish","official_lang","work.official_lang","married","other.attached","non.movers"
864039,933,"a50_54","f","eo_neo","official_lang","work.official_lang","married","single.detached.house","non.movers"
461726,933,"a55_59","m","eo_seo_Italian","official_lang","work.official_lang","married","other.attached","non.movers"
398371,933,"a25_29","f","onao_Canadian","official_lang","work.official_lang","married","other.attached","nonmigrants.movers"
445918,933,"a50_54","f","eo_neo","official_lang","work.official_lang","living.common.law","other.attached","non.movers"
89460,933,"a25_29","m","eo_weo_German","official_lang","work.official_lang","no.married","other.attached","non.movers"
96315,933,"a55_59","m","naao","official_lang","work.official_lang","married","other.attached","non.movers"
145508,933,"a50_54","m","eo_bio_Scottish","official_lang","work.official_lang","married","other.attached","non.movers"
110177,933,"a60_64","m","ao_osao","official_lang","work.official_lang","divorced","other.attached","non.movers"
175308,933,"a55_59","f","eo_bio_English","official_lang","work.official_lang","married","other.attached","non.movers"
76274,933,"a5_9","m","naao","official_lang","work.no.official_lang","no.married","other.attached","non.movers"
41772,933,"a35_39","f","eo_fo","official_lang","work.official_lang","married","other.attached","non.movers"
11538,933,"a35_39","f","ao_esao_Filipino","official_lang","work.official_lang","married","other.attached","other.movers"
665193,933,"a35_39","f","onao_Canadian","official_lang","work.official_lang","no.married","other.attached","non.movers"
515153,933,"a15_19","m","ao_esao_Filipino","official_lang","work.no.official_lang","no.married","other.attached","non.movers"
879452,933,"a30_34","m","eo_fo","official_lang","work.no.official_lang","no.married","single.detached.house","other.movers"
858846,933,"a20_24","m","ao_esao_Chinese","official_lang","work.no.official_lang","no.married","other.attached","non.movers"
840159,933,"a45_49","f","eo_neo","official_lang","work.official_lang","married","single.detached.house","non.movers"
413912,933,"a30_34","f","ao_esao_Chinese","official_lang","work.official_lang","married","other.attached","non.movers"
333253,933,"a35_39","m","eo_neo","official_lang","work.official_lang","married","other.attached","non.movers"
540570,933,"a5_9","m","ao_osao","official_lang","work.no.official_lang","no.married","single.detached.house","external.movers"
452920,933,"a5_9","f","onao_Canadian","official_lang","work.no.official_lang","no.married","other.attached","non.movers"
492250,933,"a40_44","f","eo_seo_Italian","official_lang","work.no.official_lang","married","other.attached","other.movers"
369281,933,"a50_54","f","eo_seo_Italian","official_lang","work.official_lang","married","other.attached","non.movers"
468489,933,"a5_9","f","onao_Canadian","official_lang","work.no.official_lang","no.married","other.attached","non.movers"
20771,933,"a10_14","f","eo_bio_English","official_lang","work.no.official_lang","no.married","other.attached","non.movers"
203949,933,"a10_14","m","onao","official_lang","work.no.official_lang","no.married","single.detached.house","non.movers"
596538,933,"a15_19","f","eo_bio_Irish","official_lang","work.official_lang","no.married","other.attached","non.movers"
790140,933,"a35_39","f","ao_esao_Chinese","official_lang","work.no.official_lang","married","other.attached","non.movers"
173191,933,"a15_19","m","eo_bio_English","official_lang","work.no.official_lang","no.married","single.detached.house","non.movers"
105848,933,"a50_54","m","ao_esao_Chinese","official_lang","work.official_lang","married","single.detached.house","non.movers"
79254,933,"a50_54","f","eo_neo","official_lang","work.official_lang","married","single.detached.house","non.movers"
144529,933,"a40_44","m","lcsao","official_lang","work.official_lang","married","other.attached","non.movers"
182463,933,"a40_44","m","ao_esao_Filipino","official_lang","work.official_lang","married","other.attached","non.movers"
618908,933,"a5_9","m","eo_neo","official_lang","work.no.official_lang","no.married","other.attached","non.movers"
203538,933,"a50_54","m","eo_bio_Scottish","official_lang","work.official_lang","married","other.attached","non.movers"
387433,933,"a50_54","f","eo_bio_English","official_lang","work.official_lang","married","other.attached","non.movers"
91190,933,"a20_24","m","eo_bio_English","official_lang","work.official_lang","no.married","other.attached","non.movers"
492893,933,"a0_4","m","ao_sao_ei","official_lang","work.no.official_lang","no.married","single.detached.house","non.movers"
117059,933,"a40_44","m","eo_fo","official_lang","work.official_lang","living.common.law","single.detached.house","other.movers"
489624,933,"a35_39","f","ao_esao_Chinese","official_lang","work.no.official_lang","married","other.attached","nonmigrants.movers"
87772,933,"a55_59","f","ao_esao_Filipino","official_lang","work.official_lang","married","other.attached","non.movers"
176081,933,"a60_64","m","ao_esao_Filipino","official_lang","work.official_lang","living.common.law","other.attached","other.movers"
209514,933,"a25_29","f","eo_fo","official_lang","work.official_lang","married","other.attached","non.movers"
37030,933,"a25_29","f","eo_bio_Irish","official_lang","work.official_lang","living.common.law","other.attached","non.movers"
617279,933,"a5_9","f","onao_Canadian","official_lang","work.no.official_lang","no.married","single.detached.house","non.movers"
424515,933,"a35_39","m","eo_weo_German","official_lang","work.official_lang","no.married","other.attached","non.movers"
781609,933,"a30_34","m","eo_bio_Scottish","official_lang","work.official_lang","married","other.attached","non.movers"
821294,933,"a10_14","f","onao_Canadian","official_lang","work.no.official_lang","no.married","other.attached","non.movers"
147526,933,"a50_54","m","eo_oeeo","official_lang","work.official_lang","married","other.attached","non.movers"
76488,933,"a50_54","m","naao","official_lang","work.official_lang","married","other.attached","non.movers"
854133,933,"a20_24","f","naao","official_lang","work.official_lang","no.married","other.attached","non.movers"
468115,933,"a55_59","f","eo_oweo","official_lang","work.no.official_lang","married","other.attached","nonmigrants.movers"
424226,933,"a45_49","m","onao_Canadian","official_lang","work.official_lang","married","other.attached","non.movers"
631356,933,"a5_9","f","ao_esao_Filipino","official_lang","work.no.official_lang","no.married","single.detached.house","nonmigrants.movers"
507321,933,"a20_24","f","lcsao","official_lang","work.official_lang","no.married","other.attached","non.movers"
202539,933,"a40_44","m","onao","official_lang","work.official_lang","married","other.attached","non.movers"
202539,933,"a40_44","m","onao","official_lang","work.official_lang","married","other.attached","non.movers"
698601,933,"a20_24","m","ao_esao_Filipino","official_lang","work.no.official_lang","no.married","other.attached","non.movers"
209742,933,"a20_24","m","eo_bio_Scottish","official_lang","work.official_lang","no.married","other.attached","non.movers"
476467,933,"a85_","f","eo_bio_English","official_lang","work.no.official_lang","widowed","other.attached","non.movers"
76585,933,"a40_44","m","eo_neo","official_lang","work.official_lang","married","single.detached.house","non.movers"
871165,933,"a25_29","f","onao_Canadian","official_lang","work.official_lang","living.common.law","other.attached","non.movers"
407461,933,"a5_9","m","onao_Canadian","official_lang","work.no.official_lang","no.married","single.detached.house","non.movers"
772500,933,"a70_74","m","eo_bio_English","official_lang","work.no.official_lang","married","other.attached","non.movers"
531660,933,"a30_34","f","onao_Canadian","official_lang","work.no.official_lang","living.common.law","other.attached","non.movers"
692282,933,"a45_49","f","onao_Canadian","official_lang","work.official_lang","living.common.law","single.detached.house","other.movers"
415011,933,"a35_39","f","eo_oeeo","official_lang","work.official_lang","married","single.detached.house","nonmigrants.movers"
430062,933,"a40_44","m","eo_weo_German","official_lang","work.official_lang","living.common.law","single.detached.house","other.movers"
471839,933,"a10_14","m","ao_esao_Filipino","official_lang","work.no.official_lang","no.married","other.attached","non.movers"
31015,933,"a35_39","m","ao_esao_Filipino","official_lang","work.official_lang","no.married","other.attached","non.movers"
6140,933,"a20_24","m","eo_seo_Italian","official_lang","work.official_lang","no.married","single.detached.house","non.movers"
422803,933,"a55_59","f","eo_seo_Spanish","official_lang","work.official_lang","married","other.attached","non.movers"
567278,933,"a50_54","f","eo_neo","official_lang","work.official_lang","married","other.attached","non.movers"
699524,933,"a55_59","f","eo_oeeo","official_lang","work.official_lang","married","single.detached.house","non.movers"
201878,933,"a20_24","f","eo_oeeo","official_lang","work.official_lang","no.married","single.detached.house","non.movers"
790695,933,"a40_44","f","eo_neo","official_lang","work.no.official_lang","no.married","other.attached","non.movers"
790695,933,"a40_44","f","eo_neo","official_lang","work.no.official_lang","no.married","other.attached","non.movers"
774612,933,"a60_64","m","eo_fo","official_lang","work.official_lang","married","single.detached.house","non.movers"
1712,933,"a75_79","f","eo_bio_Scottish","official_lang","work.no.official_lang","married","other.attached","non.movers"
181299,933,"a70_74","m","eo_bio_English","official_lang","work.official_lang","married","other.attached","non.movers"
416315,933,"a20_24","f","ao_esao_Chinese","official_lang","work.official_lang","no.married","other.attached","non.movers"
620843,933,"a45_49","f","eo_seo_Portuguese","official_lang","work.official_lang","married","other.attached","non.movers"
778344,933,"a20_24","m","eo_bio_English","official_lang","work.no.official_lang","no.married","other.attached","non.movers"
587227,933,"a50_54","f","ao_esao_Filipino","official_lang","work.official_lang","married","other.attached","non.movers"
475788,933,"a45_49","m","ao_esao_Chinese","official_lang","work.official_lang","married","other.attached","non.movers"
424712,933,"a65_69","f","eo_seo_Italian","official_lang","work.no.official_lang","married","other.attached","non.movers"
750789,933,"a60_64","f","eo_bio_Scottish","official_lang","work.official_lang","married","single.detached.house","non.movers"
322489,933,"a40_44","m","eo_bio_Scottish","official_lang","work.official_lang","living.common.law","other.attached","non.movers"
610059,933,"a35_39","f","ao_osao","official_lang","work.no.official_lang","married","single.detached.house","nonmigrants.movers"
41342,933,"a15_19","f","eo_eeo_Russian","official_lang","work.official_lang","no.married","other.attached","non.movers"
223392,933,"a30_34","m","onao_Canadian","official_lang","work.no.official_lang","no.married","other.attached","non.movers"
145648,933,"a10_14","m","ao_esao_Filipino","official_lang","work.no.official_lang","no.married","other.attached","non.movers"
286670,933,"a30_34","m","onao_Canadian","official_lang","work.official_lang","married","other.attached","non.movers"
496628,933,"a0_4","m","onao_Canadian","official_lang","work.no.official_lang","no.married","single.detached.house","other.movers"
438643,933,"a10_14","f","onao_Canadian","official_lang","work.no.official_lang","no.married","other.attached","non.movers"
689472,933,"a45_49","f","ao_osao","official_lang","work.official_lang","married","other.attached","non.movers"
454892,933,"a50_54","f","ao_esao_Chinese","official_lang","work.no.official_lang","married","other.attached","non.movers"
844723,933,"a45_49","f","lcsao","official_lang","work.official_lang","married","single.detached.house","non.movers"
105035,933,"a75_79","m","eo_bio_Scottish","official_lang","work.no.official_lang","married","other.attached","other.movers"
716463,933,"a70_74","m","eo_neo","official_lang","work.no.official_lang","married","single.detached.house","non.movers"
602599,933,"a55_59","f","eo_bio_Irish","official_lang","work.official_lang","separated","other.attached","other.movers"
726323,933,"a40_44","f","eo_bio_English","official_lang","work.official_lang","married","other.attached","non.movers"
211379,933,"a55_59","f","onao_Canadian","official_lang","work.no.official_lang","living.common.law","other.attached","nonmigrants.movers"
355006,933,"a0_4","f","eo_seo_Portuguese","official_lang","work.no.official_lang","no.married","single.detached.house","other.movers"
604609,933,"a30_34","f","ao_osao","official_lang","work.official_lang","no.married","single.detached.house","non.movers"
339573,933,"a50_54","f","eo_weo_German","official_lang","work.official_lang","no.married","single.detached.house","nonmigrants.movers"
579577,933,"a85_","m","eo_eeo_Ukrainian","official_lang","work.no.official_lang","married","other.attached","non.movers"
64322,933,"a30_34","m","ao_sao_ei","official_lang","work.official_lang","married","other.attached","other.movers"
537801,933,"a5_9","m","onao_Canadian","official_lang","work.no.official_lang","no.married","single.detached.house","non.movers"
131988,933,"a40_44","f","ao_esao_Chinese","official_lang","work.official_lang","no.married","other.attached","non.movers"
753679,933,"a70_74","m","onao_Canadian","official_lang","work.no.official_lang","married","other.attached","non.movers"
548759,933,"a40_44","m","eo_fo","official_lang","work.official_lang","living.common.law","other.attached","non.movers"
687198,933,"a60_64","m","onao_Canadian","official_lang","work.official_lang","married","other.attached","non.movers"
76317,933,"a35_39","m","eo_bio_Scottish","official_lang","work.official_lang","living.common.law","other.attached","non.movers"
850897,933,"a5_9","f","naao","official_lang","work.no.official_lang","no.married","other.attached","non.movers"
15056,933,"a25_29","f","onao_Canadian","official_lang","work.official_lang","no.married","other.attached","other.movers"
291590,933,"a35_39","f","onao_Canadian","official_lang","work.no.official_lang","no.married","other.attached","other.movers"
291590,933,"a35_39","f","onao_Canadian","official_lang","work.no.official_lang","no.married","other.attached","other.movers"
120940,933,"a55_59","m","eo_seo_Spanish","official_lang","work.official_lang","married","other.attached","non.movers"
527994,933,"a60_64","m","eo_fo","official_lang","work.official_lang","married","other.attached","non.movers"
902224,933,"a35_39","m","eo_neo","official_lang","work.official_lang","married","other.attached","non.movers"
579940,933,"a0_4","m","ao_osao","official_lang","work.no.official_lang","no.married","other.attached","non.movers"
267503,933,"a35_39","f","eo_oeeo","official_lang","work.official_lang","married","single.detached.house","non.movers"
377072,933,"a25_29","m","onao_Canadian","official_lang","work.official_lang","no.married","other.attached","non.movers"
370905,933,"a10_14","f","eo_bio_English","official_lang","work.no.official_lang","no.married","other.attached","nonmigrants.movers"
510282,933,"a0_4","m","ao_esao_Filipino","official_lang","work.no.official_lang","no.married","other.attached","other.movers"
532193,933,"a70_74","m","eo_bio_Irish","official_lang","work.official_lang","married","other.attached","non.movers"
522920,933,"a20_24","m","eo_weo_German","official_lang","work.official_lang","no.married","single.detached.house","non.movers"
316500,933,"a55_59","m","eo_eeo_Russian","official_lang","work.official_lang","married","other.attached","non.movers"
459731,933,"a10_14","f","eo_eeo_Russian","official_lang","work.no.official_lang","no.married","other.attached","non.movers"
699467,933,"a60_64","m","ao_esao_Chinese","official_lang","work.official_lang","married","other.attached","non.movers"
405062,933,"a50_54","f","eo_bio_Irish","official_lang","work.official_lang","married","other.attached","non.movers"
790609,933,"a35_39","m","ao_esao_Filipino","official_lang","work.official_lang","living.common.law","other.attached","non.movers"
315187,933,"a15_19","f","eo_bio_Irish","official_lang","work.no.official_lang","no.married","other.attached","non.movers"
531620,933,"a10_14","f","ao_esao_Chinese","official_lang","work.no.official_lang","no.married","other.attached","non.movers"
137398,933,"a50_54","f","eo_neo","official_lang","work.official_lang","married","other.attached","non.movers"
373824,933,"a30_34","f","lcsao","official_lang","work.official_lang","living.common.law","other.attached","non.movers"
853426,933,"a30_34","m","onao_Canadian","official_lang","work.official_lang","living.common.law","other.attached","non.movers"
252506,933,"a20_24","m","onao_Canadian","official_lang","work.no.official_lang","no.married","other.attached","non.movers"
888102,933,"a50_54","f","eo_weo_German","official_lang","work.official_lang","married","single.detached.house","non.movers"
18262,933,"a25_29","m","eo_bio_Scottish","official_lang","work.official_lang","no.married","other.attached","non.movers"
209109,933,"a45_49","m","onao_Canadian","official_lang","work.official_lang","married","other.attached","non.movers"
358369,933,"a35_39","f","eo_bio_English","official_lang","work.official_lang","married","single.detached.house","non.movers"
520125,933,"a35_39","m","onao_Canadian","official_lang","work.official_lang","no.married","other.attached","non.movers"
299412,933,"a50_54","m","onao_Canadian","official_lang","work.no.official_lang","no.married","other.attached","non.movers"
410825,933,"a55_59","m","eo_weo_German","official_lang","work.official_lang","no.married","single.detached.house","non.movers"
185718,933,"a30_34","m","eo_neo","official_lang","work.official_lang","married","single.detached.house","non.movers"
93178,933,"a25_29","m","onao_Canadian","official_lang","work.official_lang","living.common.law","other.attached","nonmigrants.movers"
81618,933,"a40_44","f","ao_esao_Chinese","official_lang","work.no.official_lang","no.married","other.attached","non.movers"
278586,933,"a55_59","m","eo_weo_German","official_lang","work.official_lang","married","other.attached","non.movers"
104382,933,"a40_44","f","eo_bio_English","official_lang","work.official_lang","separated","other.attached","non.movers"
226833,933,"a45_49","m","ao_esao_Filipino","official_lang","work.official_lang","married","other.attached","non.movers"
866029,933,"a55_59","m","onao","official_lang","work.official_lang","married","other.attached","non.movers"
866029,933,"a55_59","m","onao","official_lang","work.official_lang","married","other.attached","non.movers"
277518,933,"a50_54","m","ao_esao_Chinese","official_lang","work.official_lang","married","other.attached","non.movers"
671532,933,"a55_59","f","eo_neo","official_lang","work.official_lang","married","single.detached.house","non.movers"
252201,933,"a40_44","f","eo_bio_English","official_lang","work.official_lang","married","other.attached","non.movers"
500325,933,"a65_69","f","eo_bio_Scottish","official_lang","work.no.official_lang","married","single.detached.house","non.movers"
416321,933,"a25_29","f","eo_bio_Irish","official_lang","work.official_lang","no.married","other.attached","non.movers"
353572,933,"a35_39","f","ao_esao_Filipino","official_lang","work.official_lang","married","other.attached","non.movers"
635660,933,"a75_79","f","eo_bio_Scottish","official_lang","work.no.official_lang","married","single.detached.house","non.movers"
715177,933,"a50_54","f","ao_esao_Filipino","official_lang","work.official_lang","married","other.attached","non.movers"
413805,933,"a25_29","m","lcsao","official_lang","work.no.official_lang","no.married","single.detached.house","external.movers"
728114,933,"a85_","m","eo_neo","official_lang","work.no.official_lang","widowed","other.attached","non.movers"
742265,933,"a35_39","m","eo_bio_Irish","official_lang","work.official_lang","married","other.attached","non.movers"
650611,933,"a0_4","f","eo_bio_Irish","official_lang","work.no.official_lang","no.married","other.attached","non.movers"
197193,933,"a15_19","m","naao","official_lang","work.no.official_lang","no.married","other.attached","non.movers"
407116,933,"a25_29","m","naao","official_lang","work.official_lang","no.married","other.attached","non.movers"
765239,933,"a50_54","f","ao_sao_ei","official_lang","work.official_lang","married","other.attached","non.movers"
52398,933,"a15_19","m","ao_esao_Filipino","official_lang","work.no.official_lang","no.married","other.attached","non.movers"
86084,933,"a70_74","m","lcsao","official_lang","work.no.official_lang","married","other.attached","non.movers"
106116,933,"a20_24","m","eo_weo_German","official_lang","work.official_lang","no.married","single.detached.house","non.movers"
371065,933,"a70_74","f","eo_bio_English","official_lang","work.no.official_lang","married","other.attached","non.movers"
191845,933,"a35_39","f","eo_bio_Scottish","official_lang","work.official_lang","living.common.law","other.attached","non.movers"
623844,933,"a45_49","f","ao_osao","official_lang","work.official_lang","married","other.attached","non.movers"
706016,933,"a10_14","m","ao_osao","official_lang","work.no.official_lang","no.married","other.attached","non.movers"
333537,933,"a20_24","m","ao_osao","official_lang","work.official_lang","no.married","single.detached.house","non.movers"
113384,933,"a40_44","m","onao_Canadian","official_lang","work.official_lang","married","other.attached","non.movers"
813587,933,"a70_74","m","eo_bio_English","official_lang","work.no.official_lang","married","other.attached","nonmigrants.movers"
292150,933,"a25_29","m","ao_esao_Filipino","official_lang","work.official_lang","no.married","other.attached","non.movers"
23712,933,"a30_34","f","naao","official_lang","work.no.official_lang","no.married","other.attached","non.movers"
68707,933,"a45_49","m","eo_bio_English","official_lang","work.official_lang","no.married","other.attached","non.movers"
822848,933,"a50_54","m","eo_eeo_Russian","official_lang","work.official_lang","married","other.attached","other.movers"
884790,933,"a30_34","m","onao_Canadian","official_lang","work.official_lang","married","other.attached","non.movers"
455763,933,"a20_24","m","eo_bio_Irish","official_lang","work.no.official_lang","no.married","other.attached","non.movers"
783869,933,"a45_49","m","ao_esao_Chinese","official_lang","work.official_lang","no.married","single.detached.house","non.movers"
256396,933,"a0_4","m","eo_weo_German","official_lang","work.no.official_lang","no.married","other.attached","other.movers"
420212,933,"a70_74","m","naao","official_lang","work.no.official_lang","married","single.detached.house","non.movers"
155037,933,"a40_44","m","onao_Canadian","official_lang","work.official_lang","married","single.detached.house","non.movers"
235348,933,"a40_44","m","eo_oeeo","official_lang","work.official_lang","married","other.attached","non.movers"
170047,933,"a0_4","m","onao_Canadian","official_lang","work.no.official_lang","no.married","other.attached","non.movers"
823211,933,"a70_74","f","eo_bio_English","official_lang","work.no.official_lang","married","other.attached","other.movers"
590039,933,"a65_69","f","eo_eeo_Russian","official_lang","work.no.official_lang","no.married","other.attached","non.movers"
876233,933,"a60_64","f","eo_bio_English","official_lang","work.official_lang","married","single.detached.house","non.movers"
167318,933,"a55_59","f","eo_bio_Scottish","official_lang","work.official_lang","married","other.attached","non.movers"
521243,933,"a65_69","f","eo_eeo_Polish","official_lang","work.official_lang","living.common.law","other.attached","non.movers"
186483,933,"a55_59","m","ao_esao_Chinese","official_lang","work.no.official_lang","married","single.detached.house","non.movers"
53550,933,"a60_64","f","eo_weo_Dutch","official_lang","work.official_lang","married","other.attached","non.movers"
900267,933,"a50_54","f","onao","official_lang","work.no.official_lang","married","single.detached.house","non.movers"
86867,933,"a60_64","m","eo_oweo","official_lang","work.official_lang","married","other.attached","non.movers"
85991,933,"a20_24","f","naao","official_lang","work.official_lang","no.married","single.detached.house","other.movers"
773784,933,"a50_54","f","ao_oesao","official_lang","work.official_lang","married","other.attached","non.movers"
196151,933,"a60_64","f","onao","official_lang","work.official_lang","living.common.law","other.attached","non.movers"
656768,933,"a45_49","m","eo_neo","official_lang","work.official_lang","divorced","other.attached","non.movers"
518360,933,"a20_24","f","naao","official_lang","work.official_lang","no.married","single.detached.house","other.movers"
158515,933,"a40_44","f","eo_oeeo","official_lang","work.official_lang","married","other.attached","non.movers"
80260,933,"a20_24","f","eo_seo_Spanish","official_lang","work.no.official_lang","no.married","other.attached","non.movers"
547405,933,"a65_69","m","ao_esao_Chinese","no.official_lang","work.no.official_lang","married","other.attached","non.movers"
926094,933,"a65_69","f","eo_bio_Irish","official_lang","work.official_lang","living.common.law","other.attached","non.movers"
313773,933,"a20_24","m","eo_bio_English","official_lang","work.official_lang","no.married","other.attached","non.movers"
396038,933,"a15_19","m","eo_bio_English","official_lang","work.no.official_lang","no.married","other.attached","non.movers"
783397,933,"a55_59","m","ao_esao_Filipino","official_lang","work.official_lang","married","other.attached","non.movers"
41435,933,"a60_64","m","eo_neo","official_lang","work.official_lang","married","single.detached.house","non.movers"
242121,933,"a60_64","f","ao_esao_Chinese","official_lang","work.no.official_lang","married","single.detached.house","non.movers"
169774,933,"a25_29","m","ao_osao","official_lang","work.no.official_lang","no.married","other.attached","other.movers"
788726,933,"a0_4","m","eo_bio_Irish","official_lang","work.no.official_lang","no.married","single.detached.house","other.movers"
310055,933,"a20_24","f","naao","official_lang","work.no.official_lang","living.common.law","other.attached","non.movers"
505817,933,"a15_19","f","naao","official_lang","work.no.official_lang","no.married","other.attached","non.movers"
92925,933,"a15_19","m","eo_bio_Irish","official_lang","work.official_lang","no.married","other.attached","non.movers"
492373,933,"a80_84","f","eo_fo","official_lang","work.no.official_lang","married","single.detached.house","non.movers"
279542,933,"a35_39","f","eo_bio_Scottish","official_lang","work.official_lang","married","other.attached","other.movers"
279542,933,"a35_39","f","eo_bio_Scottish","official_lang","work.official_lang","married","other.attached","other.movers"
692370,933,"a0_4","f","naao","official_lang","work.no.official_lang","no.married","other.attached","other.movers"
880979,933,"a50_54","m","ao_esao_Filipino","official_lang","work.official_lang","married","other.attached","other.movers"
117360,933,"a20_24","m","ao_esao_Filipino","official_lang","work.official_lang","no.married","other.attached","other.movers"
476018,933,"a15_19","f","eo_fo","official_lang","work.no.official_lang","no.married","other.attached","non.movers"
404050,933,"a20_24","f","onao_Canadian","official_lang","work.official_lang","no.married","single.detached.house","non.movers"
828561,933,"a5_9","f","ao_esao_Chinese","official_lang","work.no.official_lang","no.married","single.detached.house","non.movers"
411746,933,"a0_4","f","lcsao","official_lang","work.no.official_lang","no.married","other.attached","other.movers"
891334,933,"a15_19","f","onao_Canadian","official_lang","work.no.official_lang","no.married","other.attached","non.movers"
682983,933,"a35_39","f","ao_oesao","official_lang","work.official_lang","married","other.attached","other.movers"
843332,933,"a50_54","m","eo_neo","official_lang","work.official_lang","divorced","single.detached.house","non.movers"
859008,933,"a10_14","f","ao_esao_Filipino","official_lang","work.no.official_lang","no.married","other.attached","other.movers"
925367,933,"a45_49","m","eo_fo","official_lang","work.official_lang","married","other.attached","non.movers"
561241,933,"a45_49","m","onao","official_lang","work.official_lang","married","single.detached.house","non.movers"
68606,933,"a50_54","f","eo_bio_English","official_lang","work.official_lang","no.married","other.attached","non.movers"
238675,933,"a50_54","f","eo_eeo_Ukrainian","official_lang","work.official_lang","married","other.attached","non.movers"
402730,933,"a50_54","m","ao_oesao","official_lang","work.official_lang","married","other.attached","non.movers"
31493,933,"a5_9","f","eo_seo_Spanish","official_lang","work.no.official_lang","no.married","other.attached","non.movers"
785151,933,"a5_9","m","onao_Canadian","official_lang","work.no.official_lang","no.married","other.attached","non.movers"
685116,933,"a10_14","f","eo_bio_English","official_lang","work.no.official_lang","no.married","other.attached","non.movers"
112666,933,"a80_84","f","eo_weo_German","official_lang","work.no.official_lang","widowed","other.attached","non.movers"
212220,933,"a85_","m","eo_neo","official_lang","work.no.official_lang","married","single.detached.house","other.movers"
