"PPSORT","CMA","AGE","SEX","RACE","KOL","WORKLANG","MARST","DWEL","MOBL"
155043,933,"a80_84","f","eo_weo_German","official_lang","work.no.official_lang","widowed","other.attached","non.movers"
300158,933,"a10_14","m","ao_esao_Filipino","official_lang","work.no.official_lang","no.married","single.detached.house","non.movers"
55259,933,"a55_59","m","eo_fo","official_lang","work.official_lang","no.married","other.attached","non.movers"
262106,933,"a75_79","f","onao_Canadian","official_lang","work.no.official_lang","married","single.detached.house","non.movers"
226045,933,"a20_24","m","eo_bio_English","official_lang","work.official_lang","no.married","other.attached","nonmigrants.movers"
878072,933,"a40_44","f","eo_fo","official_lang","work.official_lang","living.common.law","other.attached","non.movers"
23170,933,"a40_44","f","eo_seo_Italian","official_lang","work.official_lang","married","single.detached.house","non.movers"
221022,933,"a35_39","f","eo_weo_Dutch","official_lang","work.official_lang","separated","other.attached","nonmigrants.movers"
611622,933,"a45_49","m","eo_bio_English","official_lang","work.official_lang","living.common.law","other.attached","non.movers"
639694,933,"a70_74","m","eo_obio","official_lang","work.no.official_lang","married","other.attached","non.movers"
383971,933,"a15_19","m","co_Jamaican","official_lang","work.no.official_lang","no.married","other.attached","non.movers"
331151,933,"a60_64","m","eo_fo","official_lang","work.official_lang","living.common.law","single.detached.house","non.movers"
254032,933,"a75_79","f","eo_fo","official_lang","work.no.official_lang","married","other.attached","non.movers"
863717,933,"a50_54","f","onao_Canadian","official_lang","work.official_lang","living.common.law","other.attached","non.movers"
663555,933,"a65_69","f","onao_Canadian","official_lang","work.no.official_lang","living.common.law","other.attached","non.movers"
745345,933,"a55_59","f","onao_Canadian","official_lang","work.official_lang","divorced","other.attached","non.movers"
598156,933,"a55_59","m","eo_bio_Scottish","official_lang","work.official_lang","married","other.attached","non.movers"
160582,933,"a50_54","f","eo_seo_Italian","official_lang","work.official_lang","married","other.attached","non.movers"
43695,933,"a60_64","f","eo_seo_Italian","official_lang","work.official_lang","divorced","other.attached","nonmigrants.movers"
291024,933,"a45_49","f","eo_bio_Scottish","official_lang","work.no.official_lang","married","other.attached","non.movers"
365033,933,"a35_39","f","eo_seo_Italian","official_lang","work.official_lang","no.married","other.attached","non.movers"
183274,933,"a50_54","f","eo_bio_Scottish","official_lang","work.official_lang","divorced","other.attached","non.movers"
790906,933,"a70_74","f","eo_bio_English","official_lang","work.official_lang","widowed","other.attached","non.movers"
688993,933,"a80_84","f","eo_bio_Scottish","official_lang","work.no.official_lang","widowed","other.attached","non.movers"
154053,933,"a35_39","m","eo_fo","official_lang","work.official_lang","married","single.detached.house","non.movers"
454300,933,"a10_14","f","ao","official_lang","work.no.official_lang","no.married","other.attached","non.movers"
559513,933,"a65_69","m","eo_weo_German","official_lang","work.no.official_lang","divorced","other.attached","non.movers"
844271,933,"a15_19","m","onao_Canadian","official_lang","work.official_lang","no.married","other.attached","non.movers"
745906,933,"a5_9","m","onao_Canadian","official_lang","work.no.official_lang","no.married","single.detached.house","non.movers"
836376,933,"a35_39","m","eo_bio_Scottish","official_lang","work.official_lang","living.common.law","other.attached","nonmigrants.movers"
874528,933,"a30_34","f","eo_bio_English","official_lang","work.official_lang","married","other.attached","nonmigrants.movers"
889209,933,"a20_24","f","onao_Canadian","official_lang","work.official_lang","no.married","other.attached","non.movers"
260691,933,"a15_19","f","ao_esao_Filipino","official_lang","work.no.official_lang","no.married","other.attached","nonmigrants.movers"
183249,933,"a40_44","m","eo_neo","official_lang","work.no.official_lang","married","single.detached.house","non.movers"
486455,933,"a5_9","f","onao_Canadian","official_lang","work.no.official_lang","no.married","single.detached.house","non.movers"
172719,933,"a30_34","f","onao_Canadian","official_lang","work.official_lang","married","single.detached.house","nonmigrants.movers"
5425,933,"a35_39","f","onao_Canadian","official_lang","work.official_lang","no.married","other.attached","non.movers"
911826,933,"a50_54","m","onao_Canadian","official_lang","work.no.official_lang","no.married","other.attached","non.movers"
236794,933,"a30_34","f","onao_Canadian","official_lang","work.official_lang","living.common.law","other.attached","nonmigrants.movers"
564909,933,"a55_59","f","eo_seo_Italian","official_lang","work.official_lang","married","other.attached","non.movers"
119919,933,"a15_19","m","onao_Canadian","official_lang","work.official_lang","no.married","other.attached","non.movers"
85696,933,"a20_24","m","ao","official_lang","work.official_lang","no.married","other.attached","non.movers"
700889,933,"a60_64","f","eo_bio_English","official_lang","work.no.official_lang","married","single.detached.house","non.movers"
247405,933,"a35_39","f","eo_neo","official_lang","work.official_lang","married","other.attached","non.movers"
391117,933,"a60_64","f","eo_obio","official_lang","work.no.official_lang","married","other.attached","non.movers"
177090,933,"a5_9","f","onao_Canadian","official_lang","work.no.official_lang","no.married","single.detached.house","non.movers"
854186,933,"a40_44","m","eo_seo_Greek","official_lang","work.official_lang","married","other.attached","non.movers"
399099,933,"a10_14","m","eo_bio_Scottish","official_lang","work.no.official_lang","no.married","other.attached","non.movers"
776465,933,"a70_74","m","eo_bio_Irish","official_lang","work.official_lang","married","other.attached","non.movers"
28245,933,"a10_14","m","eo_eeo_Ukrainian","official_lang","work.no.official_lang","no.married","other.attached","non.movers"
110829,933,"a5_9","m","ao_esao_Filipino","official_lang","work.no.official_lang","no.married","other.attached","non.movers"
731368,933,"a45_49","m","eo_bio_English","official_lang","work.official_lang","no.married","other.attached","non.movers"
276286,933,"a55_59","m","eo_seo_Italian","official_lang","work.official_lang","married","single.detached.house","non.movers"
180437,933,"a35_39","f","eo_bio_English","official_lang","work.official_lang","married","other.attached","nonmigrants.movers"
99949,933,"a60_64","f","ao_esao_Filipino","official_lang","work.no.official_lang","married","other.attached","non.movers"
366991,933,"a35_39","f","onao_Canadian","official_lang","work.official_lang","married","other.attached","non.movers"
461437,933,"a80_84","m","eo_bio_Scottish","official_lang","work.no.official_lang","married","other.attached","non.movers"
917300,933,"a50_54","m","eo_weo_German","official_lang","work.official_lang","married","other.attached","non.movers"
209458,933,"a0_4","f","eo_seo_Italian","official_lang","work.no.official_lang","no.married","other.attached","non.movers"
108192,933,"a70_74","m","eo_bio_Scottish","official_lang","work.official_lang","married","single.detached.house","non.movers"
420708,933,"a0_4","m","naao","official_lang","work.no.official_lang","no.married","other.attached","non.movers"
9138,933,"a45_49","m","naao","official_lang","work.official_lang","living.common.law","single.detached.house","non.movers"
336305,933,"a30_34","m","onao_Canadian","official_lang","work.official_lang","no.married","other.attached","non.movers"
850717,933,"a80_84","f","eo_bio_Scottish","official_lang","work.no.official_lang","married","other.attached","non.movers"
649129,933,"a70_74","f","eo_bio_English","official_lang","work.no.official_lang","married","other.attached","non.movers"
282488,933,"a45_49","f","naao","official_lang","work.no.official_lang","living.common.law","other.attached","non.movers"
329119,933,"a60_64","f","eo_bio_English","official_lang","work.official_lang","married","other.attached","nonmigrants.movers"
776239,933,"a40_44","m","eo_bio_Irish","official_lang","work.official_lang","living.common.law","other.attached","non.movers"
293853,933,"a80_84","f","eo_weo_German","official_lang","work.no.official_lang","married","other.attached","non.movers"
468962,933,"a40_44","f","ao_esao_Filipino","official_lang","work.official_lang","married","other.attached","non.movers"
46197,933,"a40_44","f","eo_neo","official_lang","work.official_lang","married","other.attached","non.movers"
25161,933,"a0_4","f","onao_Canadian","official_lang","work.no.official_lang","no.married","other.attached","other.movers"
241263,933,"a75_79","f","eo_seo_Italian","official_lang","work.no.official_lang","widowed","other.attached","non.movers"
665363,933,"a45_49","m","onao_Canadian","official_lang","work.official_lang","married","single.detached.house","non.movers"
213878,933,"a55_59","f","eo_neo","official_lang","work.official_lang","living.common.law","other.attached","non.movers"
250926,933,"a35_39","f","naao","official_lang","work.official_lang","no.married","single.detached.house","non.movers"
742868,933,"a10_14","m","onao_Canadian","official_lang","work.no.official_lang","no.married","single.detached.house","nonmigrants.movers"
41432,933,"a10_14","f","ao","official_lang","work.no.official_lang","no.married","other.attached","non.movers"
443265,933,"a50_54","m","eo_bio_English","official_lang","work.official_lang","living.common.law","other.attached","non.movers"
247185,933,"a80_84","m","eo_neo","official_lang","work.no.official_lang","married","other.attached","non.movers"
636950,933,"a20_24","m","onao_Canadian","official_lang","work.official_lang","no.married","other.attached","non.movers"
359178,933,"a35_39","f","onao_Canadian","official_lang","work.official_lang","no.married","other.attached","non.movers"
565821,933,"a25_29","m","ao_esao_Filipino","official_lang","work.official_lang","married","other.attached","other.movers"
619227,933,"a50_54","f","eo_bio_English","official_lang","work.official_lang","married","single.detached.house","non.movers"
317048,933,"a80_84","m","eo_neo","official_lang","work.no.official_lang","married","single.detached.house","non.movers"
871075,933,"a80_84","m","eo_eeo_Ukrainian","official_lang","work.no.official_lang","married","other.attached","non.movers"
672947,933,"a35_39","m","onao_Canadian","official_lang","work.official_lang","living.common.law","other.attached","non.movers"
117027,933,"a45_49","m","onao_Canadian","official_lang","work.official_lang","living.common.law","single.detached.house","non.movers"
733212,933,"a55_59","m","onao_Canadian","official_lang","work.official_lang","married","single.detached.house","non.movers"
635477,933,"a35_39","f","eo_neo","official_lang","work.no.official_lang","married","single.detached.house","non.movers"
452449,933,"a75_79","m","eo_seo_Greek","official_lang","work.no.official_lang","separated","other.attached","nonmigrants.movers"
627502,933,"a50_54","m","eo_bio_English","official_lang","work.official_lang","married","other.attached","non.movers"
254059,933,"a15_19","f","ao_esao_Filipino","official_lang","work.no.official_lang","no.married","other.attached","non.movers"
485662,933,"a65_69","f","eo_seo_Italian","official_lang","work.no.official_lang","divorced","other.attached","non.movers"
179648,933,"a40_44","f","eo_bio_English","official_lang","work.official_lang","married","other.attached","non.movers"
679819,933,"a10_14","f","eo_weo_German","official_lang","work.no.official_lang","no.married","single.detached.house","non.movers"
600757,933,"a40_44","f","onao_Canadian","official_lang","work.official_lang","married","other.attached","non.movers"
249488,933,"a10_14","m","onao_Canadian","official_lang","work.no.official_lang","no.married","other.attached","non.movers"
260848,933,"a5_9","f","onao_Canadian","official_lang","work.no.official_lang","no.married","other.attached","non.movers"
903982,933,"a30_34","f","onao_Canadian","official_lang","work.official_lang","living.common.law","other.attached","non.movers"
616209,933,"a60_64","f","eo_weo_German","official_lang","work.official_lang","divorced","other.attached","non.movers"
359353,933,"a40_44","f","eo_weo_Dutch","official_lang","work.no.official_lang","living.common.law","single.detached.house","nonmigrants.movers"
84945,933,"a80_84","m","eo_weo_German","official_lang","work.no.official_lang","no.married","other.attached","non.movers"
358360,933,"a70_74","f","co_Jamaican","official_lang","work.no.official_lang","no.married","other.attached","non.movers"
358360,933,"a70_74","f","co_Jamaican","official_lang","work.no.official_lang","no.married","other.attached","non.movers"
424707,933,"a0_4","m","eo_weo_Dutch","official_lang","work.no.official_lang","no.married","other.attached","nonmigrants.movers"
300287,933,"a65_69","m","eo_neo","official_lang","work.no.official_lang","living.common.law","other.attached","nonmigrants.movers"
310013,933,"a80_84","f","eo_seo_Greek","official_lang","work.no.official_lang","widowed","other.attached","non.movers"
162119,933,"a5_9","m","onao_Canadian","official_lang","work.no.official_lang","no.married","other.attached","non.movers"
111609,933,"a60_64","f","eo_bio_English","official_lang","work.official_lang","married","other.attached","non.movers"
402041,933,"a60_64","m","eo_obio","official_lang","work.official_lang","living.common.law","other.attached","non.movers"
618587,933,"a50_54","f","eo_weo_German","official_lang","work.official_lang","married","single.detached.house","non.movers"
11636,933,"a65_69","m","eo_seo_Greek","official_lang","work.official_lang","married","single.detached.house","nonmigrants.movers"
728317,933,"a15_19","m","naao","official_lang","work.no.official_lang","no.married","single.detached.house","non.movers"
846552,933,"a15_19","m","onao_Canadian","official_lang","work.no.official_lang","no.married","other.attached","non.movers"
181862,933,"a45_49","m","onao_Canadian","official_lang","work.official_lang","living.common.law","other.attached","non.movers"
922507,933,"a65_69","f","onao_Canadian","official_lang","work.no.official_lang","married","other.attached","non.movers"
665911,933,"a70_74","f","eo_weo_German","official_lang","work.no.official_lang","widowed","single.detached.house","nonmigrants.movers"
597034,933,"a30_34","f","eo_bio_Scottish","official_lang","work.official_lang","no.married","other.attached","non.movers"
90555,933,"a35_39","f","ao","official_lang","work.official_lang","married","other.attached","non.movers"
478592,933,"a10_14","f","onao_Canadian","official_lang","work.no.official_lang","no.married","other.attached","non.movers"
832301,933,"a30_34","m","onao_Canadian","official_lang","work.official_lang","living.common.law","other.attached","nonmigrants.movers"
731999,933,"a50_54","f","eo_bio_Scottish","official_lang","work.official_lang","married","single.detached.house","non.movers"
844441,933,"a55_59","m","onao_Canadian","official_lang","work.official_lang","married","other.attached","non.movers"
539745,933,"a15_19","m","eo_weo_Dutch","official_lang","work.official_lang","no.married","other.attached","non.movers"
127499,933,"a60_64","m","eo_bio_English","official_lang","work.no.official_lang","married","other.attached","non.movers"
245394,933,"a65_69","f","eo_seo_Italian","official_lang","work.official_lang","married","single.detached.house","non.movers"
101436,933,"a50_54","m","eo_neo","official_lang","work.official_lang","living.common.law","other.attached","non.movers"
757690,933,"a75_79","f","eo_weo_German","official_lang","work.no.official_lang","widowed","other.attached","non.movers"
615270,933,"a75_79","m","eo_eeo_Ukrainian","official_lang","work.no.official_lang","living.common.law","other.attached","non.movers"
362480,933,"a40_44","m","eo_seo_Greek","official_lang","work.official_lang","married","other.attached","non.movers"
653591,933,"a60_64","m","eo_seo_Italian","official_lang","work.official_lang","married","single.detached.house","non.movers"
373948,933,"a45_49","f","eo_weo_Dutch","official_lang","work.official_lang","divorced","other.attached","non.movers"
153446,933,"a10_14","f","eo_bio_Scottish","official_lang","work.no.official_lang","no.married","single.detached.house","non.movers"
242455,933,"a50_54","m","onao_Canadian","official_lang","work.no.official_lang","separated","other.attached","non.movers"
748472,933,"a45_49","m","onao_Canadian","official_lang","work.official_lang","no.married","other.attached","nonmigrants.movers"
478121,933,"a10_14","m","eo_bio_English","official_lang","work.no.official_lang","no.married","single.detached.house","nonmigrants.movers"
793358,933,"a50_54","f","eo_eeo_Ukrainian","official_lang","work.no.official_lang","separated","single.detached.house","nonmigrants.movers"
455941,933,"a40_44","m","onao_Canadian","official_lang","work.official_lang","married","single.detached.house","nonmigrants.movers"
521971,933,"a55_59","f","eo_weo_German","official_lang","work.official_lang","married","other.attached","non.movers"
204939,933,"a40_44","m","eo_bio_English","official_lang","work.official_lang","married","other.attached","non.movers"
39027,933,"a30_34","m","eo_bio_Irish","official_lang","work.official_lang","married","other.attached","nonmigrants.movers"
855974,933,"a20_24","m","onao_Canadian","official_lang","work.official_lang","no.married","other.attached","nonmigrants.movers"
726153,933,"a10_14","f","onao_Canadian","official_lang","work.no.official_lang","no.married","other.attached","non.movers"
155126,933,"a5_9","f","onao_Canadian","official_lang","work.no.official_lang","no.married","other.attached","non.movers"
103871,933,"a40_44","f","onao_Canadian","official_lang","work.official_lang","married","other.attached","non.movers"
649790,933,"a80_84","f","eo_seo_Italian","official_lang","work.no.official_lang","widowed","other.attached","non.movers"
374308,933,"a75_79","m","eo_weo_Dutch","official_lang","work.official_lang","married","single.detached.house","non.movers"
121787,933,"a50_54","m","eo_bio_Scottish","official_lang","work.official_lang","no.married","other.attached","non.movers"
331914,933,"a35_39","m","eo_obio","official_lang","work.official_lang","married","single.detached.house","nonmigrants.movers"
41825,933,"a75_79","f","eo_neo","official_lang","work.no.official_lang","married","other.attached","non.movers"
403060,933,"a80_84","f","eo_eeo_Ukrainian","official_lang","work.no.official_lang","married","other.attached","non.movers"
922378,933,"a45_49","m","eo_seo_Italian","official_lang","work.official_lang","no.married","single.detached.house","nonmigrants.movers"
494142,933,"a40_44","m","eo_fo","official_lang","work.official_lang","separated","single.detached.house","non.movers"
742559,933,"a55_59","f","eo_seo_Italian","official_lang","work.official_lang","married","single.detached.house","non.movers"
374717,933,"a55_59","f","eo_eeo_Ukrainian","official_lang","work.official_lang","married","other.attached","nonmigrants.movers"
186759,933,"a55_59","m","eo_weo_Dutch","official_lang","work.official_lang","married","single.detached.house","non.movers"
248877,933,"a60_64","f","eo_bio_English","official_lang","work.official_lang","married","single.detached.house","non.movers"
32573,933,"a45_49","m","eo_bio_Scottish","official_lang","work.official_lang","no.married","other.attached","non.movers"
459347,933,"a55_59","f","eo_bio_Irish","official_lang","work.official_lang","married","other.attached","non.movers"
728619,933,"a5_9","f","eo_seo_Italian","official_lang","work.no.official_lang","no.married","other.attached","nonmigrants.movers"
159585,933,"a5_9","f","eo_seo_Italian","official_lang","work.no.official_lang","no.married","other.attached","nonmigrants.movers"
491678,933,"a45_49","f","ao_esao_Filipino","official_lang","work.official_lang","married","other.attached","nonmigrants.movers"
415442,933,"a5_9","f","ao_esao_Filipino","official_lang","work.no.official_lang","no.married","other.attached","nonmigrants.movers"
868569,933,"a10_14","f","eo_fo","official_lang","work.no.official_lang","no.married","other.attached","non.movers"
461726,933,"a55_59","m","eo_seo_Italian","official_lang","work.official_lang","married","other.attached","non.movers"
153921,933,"a60_64","f","eo_bio_Scottish","official_lang","work.official_lang","married","single.detached.house","nonmigrants.movers"
144155,933,"a45_49","f","onao_Canadian","official_lang","work.official_lang","no.married","other.attached","nonmigrants.movers"
557520,933,"a10_14","f","onao_Canadian","official_lang","work.no.official_lang","no.married","single.detached.house","non.movers"
71318,933,"a30_34","f","eo_seo_Italian","official_lang","work.official_lang","no.married","single.detached.house","non.movers"
201912,933,"a75_79","f","eo_seo_Italian","official_lang","work.no.official_lang","divorced","other.attached","non.movers"
398679,933,"a65_69","m","onao_Canadian","official_lang","work.official_lang","living.common.law","other.attached","non.movers"
605393,933,"a30_34","m","onao_Canadian","official_lang","work.official_lang","no.married","other.attached","nonmigrants.movers"
572601,933,"a75_79","f","eo_bio_English","official_lang","work.no.official_lang","separated","single.detached.house","nonmigrants.movers"
776022,933,"a65_69","f","eo_weo_Dutch","official_lang","work.no.official_lang","widowed","single.detached.house","non.movers"
237635,933,"a40_44","f","onao_Canadian","official_lang","work.official_lang","living.common.law","other.attached","non.movers"
237333,933,"a60_64","f","eo_weo_Dutch","official_lang","work.official_lang","separated","other.attached","non.movers"
394790,933,"a50_54","m","eo_weo_Dutch","official_lang","work.official_lang","married","other.attached","non.movers"
785232,933,"a50_54","f","eo_weo_Dutch","official_lang","work.official_lang","married","other.attached","non.movers"
369281,933,"a50_54","f","eo_seo_Italian","official_lang","work.official_lang","married","other.attached","non.movers"
72642,933,"a30_34","m","eo_weo_Dutch","official_lang","work.official_lang","no.married","other.attached","non.movers"
383563,933,"a45_49","m","eo_bio_Irish","official_lang","work.official_lang","married","other.attached","non.movers"
620237,933,"a10_14","f","eo_bio_Scottish","official_lang","work.no.official_lang","no.married","single.detached.house","non.movers"
64965,933,"a5_9","f","eo_bio_English","official_lang","work.no.official_lang","no.married","other.attached","non.movers"
663429,933,"a80_84","m","eo_bio_English","official_lang","work.no.official_lang","married","other.attached","non.movers"
587294,933,"a15_19","f","ao_esao_Filipino","official_lang","work.official_lang","no.married","other.attached","non.movers"
191375,933,"a40_44","m","eo_seo_Greek","official_lang","work.official_lang","no.married","other.attached","non.movers"
259557,933,"a50_54","m","onao_Canadian","official_lang","work.official_lang","separated","other.attached","nonmigrants.movers"
618908,933,"a5_9","m","eo_neo","official_lang","work.no.official_lang","no.married","other.attached","non.movers"
195202,933,"a15_19","m","onao_Canadian","official_lang","work.official_lang","no.married","other.attached","non.movers"
449787,933,"a45_49","f","eo_weo_German","official_lang","work.official_lang","living.common.law","other.attached","non.movers"
51027,933,"a60_64","f","eo_weo_Dutch","official_lang","work.official_lang","married","other.attached","non.movers"
700096,933,"a80_84","m","eo_bio_English","official_lang","work.no.official_lang","living.common.law","other.attached","non.movers"
514922,933,"a70_74","f","eo_bio_English","official_lang","work.official_lang","living.common.law","other.attached","non.movers"
156853,933,"a5_9","f","naao","official_lang","work.no.official_lang","no.married","single.detached.house","non.movers"
468854,933,"a35_39","f","eo_seo_Greek","official_lang","work.official_lang","married","other.attached","non.movers"
37030,933,"a25_29","f","eo_bio_Irish","official_lang","work.official_lang","living.common.law","other.attached","non.movers"
419496,933,"a40_44","m","eo_bio_English","official_lang","work.official_lang","living.common.law","other.attached","non.movers"
821294,933,"a10_14","f","onao_Canadian","official_lang","work.no.official_lang","no.married","other.attached","non.movers"
824350,933,"a75_79","m","eo_bio_Scottish","official_lang","work.no.official_lang","married","other.attached","non.movers"
171499,933,"a50_54","m","onao_Canadian","official_lang","work.official_lang","separated","other.attached","nonmigrants.movers"
854133,933,"a20_24","f","naao","official_lang","work.official_lang","no.married","other.attached","non.movers"
175716,933,"a55_59","f","onao_Canadian","official_lang","work.official_lang","married","single.detached.house","non.movers"
209742,933,"a20_24","m","eo_bio_Scottish","official_lang","work.official_lang","no.married","other.attached","non.movers"
127318,933,"a35_39","m","eo_fo","official_lang","work.official_lang","living.common.law","other.attached","non.movers"
82434,933,"a35_39","m","onao_Canadian","official_lang","work.official_lang","married","other.attached","non.movers"
742545,933,"a55_59","f","onao_Canadian","official_lang","work.official_lang","living.common.law","other.attached","non.movers"
127607,933,"a55_59","f","eo_seo_Italian","official_lang","work.official_lang","no.married","other.attached","non.movers"
711421,933,"a50_54","f","eo_fo","official_lang","work.official_lang","married","single.detached.house","non.movers"
696375,933,"a45_49","m","onao_Canadian","official_lang","work.official_lang","married","other.attached","non.movers"
708211,933,"a20_24","m","onao_Canadian","official_lang","work.official_lang","no.married","single.detached.house","non.movers"
632157,933,"a25_29","m","onao_Canadian","official_lang","work.official_lang","no.married","other.attached","non.movers"
265448,933,"a80_84","m","eo_bio_Scottish","official_lang","work.no.official_lang","widowed","other.attached","non.movers"
471839,933,"a10_14","m","ao_esao_Filipino","official_lang","work.no.official_lang","no.married","other.attached","non.movers"
813838,933,"a45_49","m","eo_obio","official_lang","work.official_lang","married","other.attached","non.movers"
676911,933,"a80_84","f","eo_fo","official_lang","work.no.official_lang","married","other.attached","non.movers"
567278,933,"a50_54","f","eo_neo","official_lang","work.official_lang","married","other.attached","non.movers"
685227,933,"a50_54","f","eo_weo_Dutch","official_lang","work.official_lang","married","other.attached","non.movers"
301380,933,"a5_9","m","onao_Canadian","official_lang","work.no.official_lang","no.married","other.attached","nonmigrants.movers"
429167,933,"a15_19","m","eo_bio_English","official_lang","work.official_lang","no.married","other.attached","nonmigrants.movers"
594474,933,"a60_64","f","eo_fo","official_lang","work.official_lang","married","other.attached","non.movers"
822835,933,"a55_59","m","eo_bio_English","official_lang","work.official_lang","married","other.attached","non.movers"
200169,933,"a5_9","m","ao","official_lang","work.no.official_lang","no.married","other.attached","non.movers"
546941,933,"a20_24","f","ao_esao_Filipino","official_lang","work.official_lang","no.married","other.attached","non.movers"
129626,933,"a20_24","f","eo_bio_English","official_lang","work.official_lang","no.married","other.attached","non.movers"
50372,933,"a0_4","m","onao_Canadian","official_lang","work.no.official_lang","no.married","other.attached","nonmigrants.movers"
313625,933,"a15_19","m","onao_Canadian","official_lang","work.no.official_lang","no.married","other.attached","nonmigrants.movers"
858202,933,"a35_39","m","onao_Canadian","official_lang","work.official_lang","living.common.law","other.attached","nonmigrants.movers"
109946,933,"a35_39","m","onao_Canadian","official_lang","work.official_lang","no.married","other.attached","nonmigrants.movers"
548759,933,"a40_44","m","eo_fo","official_lang","work.official_lang","living.common.law","other.attached","non.movers"
911490,933,"a25_29","f","eo_seo_Greek","official_lang","work.official_lang","living.common.law","single.detached.house","non.movers"
739965,933,"a15_19","f","eo_bio_English","official_lang","work.official_lang","no.married","single.detached.house","non.movers"
393299,933,"a35_39","m","eo_eeo_Ukrainian","official_lang","work.official_lang","living.common.law","other.attached","non.movers"
282526,933,"a15_19","f","eo_bio_Scottish","official_lang","work.official_lang","no.married","other.attached","non.movers"
737543,933,"a80_84","m","eo_neo","official_lang","work.no.official_lang","married","other.attached","non.movers"
299147,933,"a10_14","m","eo_obio","official_lang","work.no.official_lang","no.married","other.attached","non.movers"
352465,933,"a35_39","m","eo_weo_German","official_lang","work.official_lang","living.common.law","other.attached","nonmigrants.movers"
902224,933,"a35_39","m","eo_neo","official_lang","work.official_lang","married","other.attached","non.movers"
176283,933,"a50_54","m","eo_bio_English","official_lang","work.official_lang","married","other.attached","non.movers"
370905,933,"a10_14","f","eo_bio_English","official_lang","work.no.official_lang","no.married","other.attached","nonmigrants.movers"
23457,933,"a15_19","m","onao_Canadian","official_lang","work.no.official_lang","no.married","single.detached.house","non.movers"
526899,933,"a10_14","f","onao_Canadian","official_lang","work.no.official_lang","no.married","other.attached","non.movers"
266954,933,"a45_49","m","onao_Canadian","official_lang","work.official_lang","married","other.attached","non.movers"
366715,933,"a0_4","m","ao_esao_Filipino","official_lang","work.no.official_lang","no.married","other.attached","nonmigrants.movers"
441026,933,"a40_44","f","eo_weo_Dutch","official_lang","work.official_lang","separated","other.attached","other.movers"
580016,933,"a20_24","f","ao_esao_Filipino","official_lang","work.official_lang","no.married","other.attached","non.movers"
568623,933,"a50_54","m","eo_weo_Dutch","official_lang","work.official_lang","married","other.attached","non.movers"
570520,933,"a15_19","f","onao_Canadian","official_lang","work.no.official_lang","no.married","single.detached.house","non.movers"
397077,933,"a75_79","f","eo_bio_Scottish","official_lang","work.official_lang","divorced","other.attached","non.movers"
289751,933,"a50_54","f","eo_oeo","official_lang","work.official_lang","no.married","other.attached","non.movers"
777059,933,"a80_84","m","eo_neo","official_lang","work.no.official_lang","married","single.detached.house","non.movers"
19278,933,"a45_49","f","eo_neo","official_lang","work.official_lang","married","other.attached","non.movers"
226833,933,"a45_49","m","ao_esao_Filipino","official_lang","work.official_lang","married","other.attached","non.movers"
783026,933,"a35_39","f","onao_Canadian","official_lang","work.official_lang","married","other.attached","non.movers"
5005,933,"a15_19","f","onao_Canadian","official_lang","work.official_lang","no.married","single.detached.house","non.movers"
784129,933,"a60_64","f","eo_bio_Scottish","official_lang","work.official_lang","living.common.law","other.attached","non.movers"
7137,933,"a55_59","f","eo_bio_English","official_lang","work.no.official_lang","married","other.attached","non.movers"
742265,933,"a35_39","m","eo_bio_Irish","official_lang","work.official_lang","married","other.attached","non.movers"
53990,933,"a70_74","m","eo_eeo_Ukrainian","official_lang","work.no.official_lang","widowed","other.attached","non.movers"
437525,933,"a25_29","f","onao_Canadian","official_lang","work.official_lang","no.married","single.detached.house","non.movers"
235200,933,"a55_59","m","eo_weo_German","official_lang","work.official_lang","married","single.detached.house","non.movers"
700435,933,"a75_79","f","eo_bio_Irish","official_lang","work.no.official_lang","married","other.attached","non.movers"
585891,933,"a50_54","m","eo_seo_Italian","official_lang","work.official_lang","separated","single.detached.house","non.movers"
23712,933,"a30_34","f","naao","official_lang","work.no.official_lang","no.married","other.attached","non.movers"
495820,933,"a60_64","f","eo_eeo_Ukrainian","official_lang","work.no.official_lang","no.married","single.detached.house","nonmigrants.movers"
283519,933,"a40_44","f","onao_Canadian","official_lang","work.official_lang","married","single.detached.house","non.movers"
455763,933,"a20_24","m","eo_bio_Irish","official_lang","work.no.official_lang","no.married","other.attached","non.movers"
149966,933,"a45_49","m","eo_fo","official_lang","work.official_lang","living.common.law","other.attached","non.movers"
170047,933,"a0_4","m","onao_Canadian","official_lang","work.no.official_lang","no.married","other.attached","non.movers"
616886,933,"a10_14","m","eo_bio_English","official_lang","work.no.official_lang","no.married","single.detached.house","non.movers"
167318,933,"a55_59","f","eo_bio_Scottish","official_lang","work.official_lang","married","other.attached","non.movers"
386408,933,"a75_79","m","co_Jamaican","official_lang","work.no.official_lang","married","other.attached","nonmigrants.movers"
648333,933,"a65_69","f","co_Jamaican","official_lang","work.no.official_lang","married","other.attached","nonmigrants.movers"
290585,933,"a10_14","f","naao","official_lang","work.no.official_lang","no.married","other.attached","non.movers"
255289,933,"a45_49","m","eo_eeo_Ukrainian","official_lang","work.official_lang","married","other.attached","non.movers"
73728,933,"a70_74","f","eo_bio_Scottish","official_lang","work.no.official_lang","married","other.attached","non.movers"
497234,933,"a50_54","f","eo_weo_Dutch","official_lang","work.official_lang","married","other.attached","non.movers"
240447,933,"a25_29","f","onao_Canadian","official_lang","work.official_lang","living.common.law","single.detached.house","non.movers"
58939,933,"a65_69","f","onao_Canadian","official_lang","work.no.official_lang","married","other.attached","other.movers"
450583,933,"a45_49","f","eo_bio_English","official_lang","work.official_lang","married","single.detached.house","non.movers"
34663,933,"a30_34","f","onao_Canadian","official_lang","work.official_lang","married","other.attached","non.movers"
26807,933,"a0_4","f","onao_Canadian","official_lang","work.no.official_lang","no.married","other.attached","non.movers"
752526,933,"a60_64","f","onao_Canadian","official_lang","work.no.official_lang","divorced","other.attached","non.movers"
396038,933,"a15_19","m","eo_bio_English","official_lang","work.no.official_lang","no.married","other.attached","non.movers"
813703,933,"a60_64","m","eo_fo","official_lang","work.official_lang","married","single.detached.house","non.movers"
583286,933,"a10_14","f","eo_oeo","official_lang","work.no.official_lang","no.married","other.attached","non.movers"
869908,933,"a50_54","f","eo_fo","official_lang","work.official_lang","no.married","single.detached.house","non.movers"
782775,933,"a50_54","f","eo_seo_Italian","official_lang","work.official_lang","separated","other.attached","nonmigrants.movers"
492373,933,"a80_84","f","eo_fo","official_lang","work.no.official_lang","married","single.detached.house","non.movers"
860060,933,"a30_34","f","onao_Canadian","official_lang","work.official_lang","no.married","other.attached","non.movers"
201941,933,"a55_59","m","onao_Canadian","official_lang","work.no.official_lang","married","other.attached","non.movers"
879787,933,"a25_29","m","eo_weo_German","official_lang","work.official_lang","living.common.law","other.attached","nonmigrants.movers"
476018,933,"a15_19","f","eo_fo","official_lang","work.no.official_lang","no.married","other.attached","non.movers"
476018,933,"a15_19","f","eo_fo","official_lang","work.no.official_lang","no.married","other.attached","non.movers"
227311,933,"a60_64","m","eo_bio_Scottish","official_lang","work.official_lang","married","other.attached","non.movers"
242535,933,"a25_29","f","eo_seo_Italian","official_lang","work.no.official_lang","no.married","other.attached","non.movers"
548900,933,"a40_44","f","eo_bio_Irish","official_lang","work.official_lang","married","other.attached","non.movers"
261577,933,"a40_44","f","eo_bio_English","official_lang","work.official_lang","married","other.attached","non.movers"
46544,933,"a30_34","f","eo_bio_Scottish","official_lang","work.official_lang","married","other.attached","non.movers"
290273,933,"a45_49","m","eo_neo","official_lang","work.official_lang","living.common.law","single.detached.house","non.movers"
