PPSORT,CMA,AGE,SEX,RACE
359002,933,f,a25_29,onao_Canadian
718549,933,m,a50_54,eo_bio_Irish
556933,933,m,a25_29,eo_oweo
155043,933,f,a55_59,onao_Canadian
125653,933,f,a25_29,eo_bio_Irish
90993,933,m,a20_24,eo_eeo_Hungarian
260215,933,f,a70_74,ao_oesao
373339,933,f,a75_79,eo_weo_German
428185,933,m,a35_39,eo_weo_Dutch
878907,933,m,a25_29,ao_oesao
181442,933,f,a40_44,naao
623049,933,m,a30_34,onao_Canadian
175126,933,f,a35_39,onao_Canadian
829364,933,f,a30_34,eo_weo_German
85071,933,m,a55_59,eo_bio_Scottish
396811,933,f,a40_44,eo_seo_Italian
464446,933,m,a25_29,eo_bio_Scottish
682514,933,f,a20_24,eo_bio_Scottish
557859,933,f,a70_74,eo_neo
802543,933,m,a45_49,eo_bio_Scottish
342545,933,f,a30_34,eo_bio_English
430921,933,f,a20_24,eo_bio_English
365301,933,m,a30_34,ao_esao_Chinese
704618,933,m,a35_39,ao_esao_Chinese
318740,933,m,a35_39,ao_oesao
847778,933,f,a25_29,eo_seo_Spanish
881135,933,m,a25_29,naao
772261,933,m,a25_29,ao_esao_Chinese
633401,933,f,a30_34,eo_bio_Scottish
697314,933,f,a25_29,onao_Canadian
560479,933,m,a35_39,ao_oesao
163552,933,f,a35_39,eo_weo_German
668097,933,m,a25_29,ao_esao_Filipino
6426,933,m,a80_84,eo_oeeo
883785,933,m,a65_69,ao_esao_Chinese
647003,933,m,a40_44,onao_Canadian
532137,933,m,a40_44,ao_oesao
334403,933,f,a25_29,ao_esao_Chinese
807730,933,m,a35_39,eo_bio_English
587576,933,f,a0_4,ao_esao_Chinese
462142,933,m,a30_34,onao_Canadian
107584,933,m,a45_49,eo_fo
188363,933,m,a40_44,eo_bio_Irish
497112,933,m,a30_34,eo_eeo_Ukrainian
450913,933,m,a10_14,eo_weo_Dutch
316704,933,f,a40_44,eo_neo
804962,933,m,a25_29,eo_seo_Italian
345497,933,f,a30_34,onao_Canadian
446368,933,f,a25_29,eo_fo
300158,933,f,a0_4,eo_bio_Irish
179862,933,m,a35_39,eo_bio_Scottish
861817,933,m,a25_29,eo_eeo_Ukrainian
200980,933,m,a20_24,ao
351882,933,m,a20_24,ao_oesao
217532,933,f,a20_24,lcsao
779142,933,m,a40_44,eo_neo
804686,933,f,a45_49,eo_weo_German
25756,933,m,a30_34,ao_oesao
16355,933,f,a25_29,onao_Canadian
828141,933,m,a45_49,lcsao
734098,933,f,a25_29,eo_neo
686521,933,f,a30_34,ao_oesao
17850,933,m,a30_34,ao_esao_Chinese
77421,933,f,a30_34,eo_eeo_Ukrainian
451735,933,f,a35_39,onao_Canadian
884090,933,m,a35_39,ao_oesao
390505,933,f,a40_44,eo_neo
770820,933,f,a25_29,eo_obio
214684,933,f,a35_39,eo_bio_Scottish
651560,933,f,a25_29,eo_bio_Irish
6552,933,m,a20_24,onao_Canadian
259467,933,f,a10_14,ao_esao_Filipino
781175,933,m,a40_44,eo_fo
864385,933,f,a25_29,eo_bio_Irish
348030,933,f,a25_29,eo_eeo_Ukrainian
375515,933,m,a35_39,eo_eeo_Ukrainian
268137,933,m,a65_69,eo_seo_Italian
738877,933,f,a35_39,eo_obio
281331,933,m,a30_34,eo_bio_English
273939,933,m,a30_34,eo_bio_Scottish
350651,933,m,a55_59,lcsao
626766,933,m,a40_44,eo_bio_Scottish
415317,933,m,a15_19,ao_esao_Chinese
458720,933,f,a35_39,onao_Canadian
55259,933,f,a25_29,eo_seo_Portuguese
144928,933,f,a30_34,eo_bio_Scottish
707828,933,m,a65_69,eo_weo_German
326350,933,m,a35_39,eo_eeo_Ukrainian
396028,933,m,a20_24,naao
668680,933,m,a35_39,ao_esao_Chinese
106590,933,f,a60_64,eo_weo_German
206492,933,f,a20_24,eo_eeo_Russian
677523,933,f,a65_69,eo_neo
569424,933,m,a30_34,eo_weo_Dutch
367698,933,f,a25_29,onao_Canadian
494422,933,m,a35_39,eo_bio_Scottish
613604,933,m,a40_44,eo_eeo_Ukrainian
348812,933,m,a20_24,eo_bio_English
98345,933,f,a60_64,eo_bio_English
718342,933,m,a75_79,eo_fo
55373,933,m,a25_29,onao
59440,933,f,a30_34,eo_neo
529791,933,f,a35_39,ao
219097,933,m,a45_49,eo_bio_Irish
453315,933,f,a25_29,onao_Canadian
383255,933,m,a20_24,ao_esao_Chinese
762693,933,f,a35_39,ao_esao_Chinese
645007,933,m,a55_59,eo_neo
73275,933,f,a40_44,eo_oweo
758873,933,m,a40_44,eo_bio_Scottish
487006,933,f,a25_29,eo_eeo_Ukrainian
143154,933,f,a25_29,eo_bio_English
683986,933,m,a65_69,ao_oesao
476141,933,f,a35_39,eo_fo
329546,933,m,a75_79,eo_fo
39593,933,f,a40_44,onao
434798,933,m,a30_34,eo_seo_Portuguese
59728,933,m,a30_34,eo_bio_English
722752,933,f,a60_64,ao_oesao
9107,933,f,a30_34,eo_bio_Scottish
909635,933,m,a25_29,ao_esao_Chinese
864065,933,m,a50_54,eo_bio_Irish
693507,933,m,a25_29,eo_neo
193210,933,m,a30_34,ao_oesao
850821,933,m,a35_39,eo_bio_Scottish
929787,933,m,a20_24,eo_neo
34352,933,f,a55_59,ao_wcameo
813527,933,m,a25_29,naao
547175,933,m,a30_34,eo_obio
730604,933,f,a25_29,ao_oesao
927663,933,f,a25_29,ao_esao_Chinese
730857,933,f,a35_39,ao_sao_ei
141385,933,m,a25_29,eo_fo
365816,933,f,a30_34,eo_seo_Portuguese
355562,933,m,a45_49,onao_Canadian
564270,933,m,a75_79,eo_bio_English
78784,933,m,a15_19,onao_Canadian
816912,933,f,a35_39,ao_wcameo
631286,933,f,a25_29,eo_neo
449056,933,m,a35_39,ao_oesao
201812,933,f,a30_34,ao_osao
35716,933,m,a25_29,eo_fo
512756,933,m,a35_39,ao_esao_Chinese
52279,933,m,a25_29,eo_bio_English
373080,933,m,a20_24,ao_esao_Chinese
319440,933,f,a35_39,eo_neo
465469,933,m,a25_29,ao_esao_Chinese
469083,933,m,a45_49,eo_bio_English
221809,933,f,a25_29,ao_oesao
735412,933,m,a30_34,eo_seo_Italian
145965,933,f,a20_24,naao
306442,933,f,a25_29,eo_fo
882740,933,m,a30_34,eo_oweo
487914,933,f,a20_24,onao_Canadian
181631,933,f,a30_34,ao_sao_ei
311990,933,f,a25_29,ao_wcameo
580474,933,f,a35_39,onao_Canadian
738107,933,m,a50_54,eo_eeo_Ukrainian
652015,933,f,a45_49,eo_eeo_Russian
515615,933,m,a45_49,lcsao
5498,933,m,a20_24,naao
724034,933,f,a30_34,eo_obio
210694,933,m,a30_34,eo_weo_German
778485,933,f,a25_29,ao_esao_Chinese
217686,933,f,a25_29,eo_fo
445698,933,m,a30_34,ao_esao_Chinese
750709,933,m,a25_29,onao_Canadian
383684,933,f,a25_29,onao_Canadian
4539,933,f,a50_54,ao_oesao
722359,933,m,a25_29,ao_esao_Chinese
481160,933,m,a30_34,eo_bio_English
535593,933,m,a45_49,ao_esao_Chinese
414298,933,m,a30_34,ao_esao_Chinese
288676,933,f,a25_29,eo_eeo_Polish
364781,933,f,a20_24,onao_Canadian
85700,933,f,a40_44,ao_oesao
863158,933,m,a25_29,eo_bio_Scottish
246298,933,m,a35_39,ao
4289,933,f,a30_34,ao_esao_Chinese
111145,933,f,a25_29,eo_bio_English
48156,933,f,a35_39,lcsao
402957,933,f,a35_39,eo_weo_German
293655,933,f,a25_29,eo_bio_English
545174,933,m,a40_44,ao_sao_ei
109232,933,m,a35_39,eo_seo_Portuguese
235377,933,f,a65_69,eo_eeo_Russian
867095,933,f,a25_29,ao_esao_Filipino
541523,933,m,a30_34,eo_oweo
569787,933,f,a30_34,eo_fo
739023,933,m,a30_34,onao_Canadian
659920,933,m,a40_44,ao_esao_Chinese
140026,933,f,a0_4,ao_oesao
586140,933,f,a55_59,eo_bio_Irish
285818,933,f,a30_34,ao_wcameo
760661,933,m,a70_74,eo_bio_Irish
11352,933,m,a75_79,ao_oesao
189726,933,f,a5_9,eo_eeo_Ukrainian
273483,933,f,a40_44,eo_seo_Italian
742935,933,f,a20_24,onao_Canadian
123192,933,f,a20_24,onao_Canadian
813344,933,f,a35_39,eo_weo_German
118636,933,m,a35_39,naao
289474,933,m,a20_24,eo_bio_English
360480,933,m,a25_29,onao_Canadian
559900,933,m,a40_44,eo_bio_Irish
555181,933,f,a45_49,ao_esao_Chinese
656302,933,m,a40_44,eo_obio
438144,933,f,a25_29,eo_bio_English
214046,933,f,a35_39,eo_eeo_Ukrainian
42568,933,m,a55_59,ao_esao_Chinese
698023,933,f,a25_29,ao_esao_Chinese
435182,933,m,a25_29,eo_fo
869144,933,m,a30_34,eo_obio
267904,933,f,a30_34,ao
295922,933,f,a20_24,eo_oeeo
72963,933,f,a25_29,ao_esao_Filipino
414076,933,m,a0_4,eo_bio_Irish
446722,933,f,a35_39,onao_Canadian
802196,933,m,a30_34,ao_osao
684461,933,f,a35_39,eo_fo
736132,933,f,a20_24,ao
371277,933,m,a25_29,eo_bio_Scottish
852678,933,f,a25_29,eo_eeo_Ukrainian
753695,933,m,a30_34,eo_bio_English
848112,933,f,a35_39,ao_esao_Chinese
183439,933,f,a45_49,eo_obio
690101,933,m,a35_39,ao_esao_Chinese
172501,933,f,a30_34,eo_bio_Irish
596922,933,f,a35_39,lcsao
865821,933,f,a40_44,ao_oesao
224683,933,f,a20_24,ao
307599,933,f,a30_34,eo_neo
594819,933,m,a30_34,ao_sao_ei
364619,933,m,a40_44,eo_seo_Portuguese
567377,933,f,a30_34,ao_sao_ei
318182,933,m,a30_34,eo_bio_English
88684,933,m,a35_39,ao_esao_Chinese
872190,933,f,a35_39,eo_eeo_Ukrainian
451116,933,f,a55_59,eo_neo
721914,933,m,a35_39,ao_osao
477686,933,f,a35_39,eo_bio_Irish
274004,933,m,a30_34,eo_bio_Scottish
307596,933,f,a30_34,eo_bio_English
905400,933,f,a20_24,eo_oweo
285456,933,f,a0_4,eo_fo
172357,933,m,a40_44,lcsao
249668,933,m,a30_34,eo_bio_Irish
221769,933,f,a35_39,eo_obio
538019,933,f,a45_49,ao_oesao
202826,933,f,a45_49,ao_oesao
79017,933,m,a40_44,ao_esao_Filipino
345849,933,m,a25_29,onao_Canadian
632446,933,f,a30_34,eo_eeo_Russian
353305,933,f,a30_34,eo_bio_Irish
304097,933,f,a50_54,eo_bio_English
817019,933,m,a20_24,ao_oesao
115722,933,m,a40_44,naao
917903,933,m,a50_54,eo_bio_Scottish
678606,933,m,a35_39,ao_oesao
294161,933,m,a70_74,onao_Canadian
28612,933,m,a35_39,ao
223651,933,m,a25_29,naao
189625,933,m,a30_34,eo_fo
781221,933,f,a60_64,eo_bio_Scottish
473574,933,m,a30_34,eo_bio_Irish
599801,933,m,a30_34,eo_seo_Italian
137835,933,m,a35_39,eo_neo
358891,933,m,a35_39,eo_bio_English
630018,933,f,a60_64,eo_bio_Irish
794596,933,f,a25_29,eo_bio_Irish
127786,933,f,a45_49,naao
305098,933,f,a30_34,ao_esao_Chinese
689662,933,m,a30_34,eo_fo
763502,933,m,a0_4,eo_fo
716308,933,m,a35_39,eo_fo
558734,933,f,a40_44,naao
387738,933,m,a20_24,eo_bio_Scottish
864791,933,m,a35_39,eo_obio
250230,933,f,a35_39,eo_bio_English
67809,933,f,a10_14,eo_neo
420772,933,f,a25_29,ao_oesao
52958,933,m,a30_34,ao_sao_ei
547424,933,m,a25_29,onao_Canadian
301404,933,m,a25_29,onao_Canadian
633886,933,m,a20_24,onao_Canadian
74744,933,f,a35_39,ao_esao_Chinese
597246,933,f,a10_14,ao_wcameo
217134,933,m,a60_64,oo
83565,933,f,a35_39,eo_bio_Scottish
849441,933,m,a30_34,eo_bio_Scottish
712501,933,f,a40_44,onao_Canadian
339824,933,f,a0_4,oo
149385,933,m,a10_14,ao_wcameo
662407,933,m,a65_69,eo_weo_German
372220,933,m,a30_34,onao_Canadian
784851,933,f,a55_59,eo_neo
336934,933,m,a35_39,eo_bio_Irish
743109,933,m,a35_39,ao_sao_ei
629090,933,m,a45_49,ao_sao_ei
141614,933,m,a20_24,eo_fo
396386,933,f,a35_39,ao_sao_ei
461165,933,m,a55_59,eo_oweo
109706,933,m,a0_4,lcsao
293493,933,m,a20_24,eo_bio_Scottish
412211,933,m,a0_4,onao_Canadian
78487,933,f,a20_24,naao
152378,933,m,a25_29,eo_fo
838848,933,m,a30_34,ao_oesao
7974,933,f,a50_54,eo_bio_English
4156,933,m,a10_14,onao_Canadian
530761,933,f,a20_24,eo_eeo_Russian
910039,933,m,a25_29,ao_oesao
609662,933,f,a25_29,eo_neo
6143,933,f,a35_39,ao_oesao
833979,933,m,a45_49,eo_neo
413169,933,f,a30_34,eo_neo
450140,933,m,a30_34,eo_obio
750906,933,f,a30_34,eo_seo_Italian
175332,933,f,a35_39,ao_esao_Chinese
312864,933,f,a45_49,ao_oesao
191184,933,f,a35_39,ao_wcameo
582821,933,m,a30_34,ao_esao_Chinese
646213,933,m,a25_29,eo_bio_English
232344,933,f,a55_59,eo_bio_Irish
222044,933,f,a35_39,eo_bio_Scottish
868108,933,f,a20_24,ao_wcameo
583709,933,m,a25_29,eo_weo_German
262106,933,m,a25_29,ao_oesao
642715,933,f,a30_34,ao_esao_Chinese
46710,933,m,a30_34,eo_bio_Scottish
441245,933,f,a15_19,eo_oweo
621602,933,m,a50_54,eo_neo
50204,933,f,a25_29,eo_fo
383857,933,m,a65_69,eo_fo
523973,933,f,a30_34,eo_bio_English
879728,933,m,a25_29,ao_oesao
819893,933,m,a25_29,ao_esao_Chinese
506225,933,f,a20_24,ao
58823,933,f,a30_34,eo_neo
398166,933,m,a20_24,eo_obio
365152,933,m,a35_39,eo_eeo_Ukrainian
708184,933,m,a25_29,onao_Canadian
108677,933,f,a35_39,eo_bio_Irish
452522,933,f,a20_24,ao_esao_Filipino
716355,933,m,a60_64,ao_esao_Chinese
391087,933,m,a30_34,eo_eeo_Polish
871210,933,m,a30_34,ao_sao_ei
146778,933,m,a30_34,eo_fo
538673,933,m,a30_34,eo_bio_Irish
601730,933,m,a25_29,lcsao
66455,933,f,a35_39,eo_bio_Irish
916516,933,f,a30_34,eo_seo_Portuguese
535206,933,f,a40_44,eo_seo_Portuguese
576821,933,m,a25_29,ao_esao_Chinese
239988,933,f,a35_39,eo_bio_English
471371,933,f,a20_24,eo_seo_Spanish
744977,933,f,a35_39,eo_bio_Irish
644485,933,m,a25_29,ao_oesao
311364,933,f,a30_34,ao_esao_Chinese
76150,933,m,a40_44,onao_Canadian
277992,933,f,a30_34,onao_Canadian
799739,933,f,a40_44,ao_wcameo
290903,933,f,a25_29,eo_eeo_Russian
267453,933,f,a25_29,eo_weo_German
690343,933,m,a35_39,eo_bio_Irish
113594,933,m,a30_34,naao
424528,933,m,a30_34,eo_bio_Scottish
407450,933,f,a25_29,onao
339234,933,f,a35_39,eo_eeo_Russian
297048,933,f,a50_54,ao_oesao
389688,933,m,a35_39,onao_Canadian
671666,933,f,a30_34,ao_esao_Chinese
728235,933,f,a20_24,eo_seo_Spanish
252469,933,m,a30_34,onao_Canadian
21164,933,m,a65_69,ao_esao_Chinese
898320,933,m,a20_24,eo_weo_German
345583,933,m,a20_24,eo_bio_Scottish
858338,933,f,a20_24,onao_Canadian
929335,933,m,a50_54,oo
184632,933,m,a30_34,eo_bio_English
567962,933,f,a25_29,eo_bio_Irish
167008,933,f,a35_39,onao_Canadian
902196,933,m,a25_29,naao
272185,933,m,a70_74,ao_oesao
176001,933,f,a55_59,eo_weo_Dutch
21756,933,f,a45_49,eo_bio_English
95666,933,m,a25_29,ao_sao_ei
530491,933,m,a35_39,ao_oesao
293955,933,m,a35_39,ao_esao_Chinese
115049,933,f,a20_24,ao_oesao
684389,933,m,a35_39,ao_esao_Chinese
63342,933,f,a35_39,onao_Canadian
127504,933,f,a0_4,ao_esao_Filipino
517500,933,m,a15_19,onao_Canadian
8440,933,m,a30_34,ao_esao_Chinese
677619,933,f,a25_29,onao_Canadian
672718,933,f,a40_44,eo_obio
780978,933,m,a30_34,eo_weo_German
45039,933,m,a35_39,eo_oweo
154716,933,m,a25_29,eo_seo_Spanish
196971,933,m,a30_34,eo_eeo_Hungarian
22935,933,f,a25_29,eo_bio_English
539783,933,f,a5_9,eo_bio_Scottish
526892,933,f,a30_34,ao_esao_Filipino
537834,933,m,a25_29,ao_wcameo
799603,933,m,a35_39,ao_oesao
661600,933,m,a20_24,eo_bio_English
448235,933,m,a45_49,eo_fo
29577,933,m,a25_29,eo_bio_English
752088,933,f,a60_64,ao_oesao
145341,933,m,a30_34,eo_bio_English
226045,933,f,a65_69,eo_fo
159229,933,m,a45_49,onao_Canadian
524448,933,f,a5_9,ao_esao_Chinese
872165,933,m,a25_29,eo_eeo_Russian
499544,933,m,a45_49,eo_obio
313100,933,f,a30_34,eo_fo
554704,933,f,a20_24,eo_seo_Portuguese
284160,933,m,a25_29,ao
506166,933,f,a35_39,ao_esao_Chinese
332066,933,f,a20_24,eo_bio_Irish
284624,933,m,a20_24,ao_wcameo
821682,933,f,a40_44,ao_oesao
124583,933,m,a30_34,ao_sao_ei
477374,933,m,a35_39,onao_Canadian
283276,933,m,a20_24,onao_Canadian
239440,933,f,a0_4,eo_eeo_Ukrainian
355445,933,m,a0_4,eo_eeo_Russian
736649,933,f,a50_54,ao_sao_ei
160114,933,m,a35_39,naao
356740,933,m,a25_29,ao_oesao
305575,933,m,a85_,lcsao
577165,933,f,a30_34,onao_Canadian
815365,933,m,a75_79,eo_fo
593764,933,f,a25_29,naao
373794,933,f,a30_34,ao_oesao
297749,933,m,a25_29,ao_esao_Chinese
366887,933,f,a80_84,eo_seo_Spanish
365849,933,m,a20_24,onao_Canadian
261241,933,f,a40_44,eo_fo
83257,933,f,a30_34,ao_esao_Chinese
28899,933,m,a35_39,eo_fo
119855,933,m,a40_44,onao_Canadian
207905,933,m,a35_39,ao_wcameo
562755,933,m,a35_39,eo_bio_Irish
766250,933,m,a55_59,onao_Canadian
829682,933,f,a40_44,eo_weo_German
573956,933,m,a50_54,ao_esao_Chinese
502322,933,f,a35_39,ao_esao_Chinese
290028,933,f,a30_34,eo_neo
138354,933,m,a20_24,eo_neo
101442,933,f,a20_24,eo_bio_Irish
841201,933,m,a30_34,onao_Canadian
77152,933,f,a30_34,ao_esao_Chinese
682796,933,m,a20_24,eo_bio_English
244362,933,m,a25_29,eo_fo
64027,933,m,a40_44,eo_bio_English
789437,933,f,a0_4,eo_fo
832728,933,m,a0_4,eo_seo_Portuguese
162304,933,f,a65_69,eo_neo
743375,933,f,a45_49,eo_bio_Irish
12154,933,m,a60_64,eo_bio_English
627867,933,m,a35_39,lcsao
770395,933,m,a0_4,eo_weo_German
507660,933,f,a20_24,ao_oesao
537678,933,m,a40_44,eo_bio_Scottish
166050,933,f,a35_39,ao_esao_Chinese
928454,933,f,a60_64,onao_Canadian
386994,933,f,a20_24,lcsao
690364,933,m,a25_29,eo_bio_English
501637,933,m,a60_64,ao_osao
675704,933,m,a0_4,eo_bio_Scottish
739785,933,m,a25_29,eo_bio_English
52861,933,f,a30_34,eo_weo_German
776420,933,f,a35_39,eo_weo_German
17612,933,f,a25_29,eo_fo
795542,933,f,a35_39,naao
145028,933,f,a30_34,ao_oesao
742532,933,f,a35_39,eo_eeo_Russian
8607,933,f,a75_79,eo_weo_German
748207,933,m,a35_39,eo_neo
755360,933,f,a60_64,onao_Canadian
820701,933,m,a50_54,eo_fo
398561,933,m,a10_14,ao_esao_Chinese
337188,933,m,a30_34,onao_Canadian
572376,933,m,a25_29,ao_wcameo
548983,933,f,a10_14,ao_sao_ei
457581,933,m,a30_34,onao_Canadian
858445,933,m,a40_44,eo_bio_English
923749,933,m,a25_29,ao_esao_Chinese
357152,933,f,a30_34,ao_oesao
181851,933,f,a60_64,ao_esao_Chinese
861692,933,f,a10_14,eo_oeeo
390854,933,m,a25_29,ao_esao_Chinese
861152,933,m,a25_29,eo_eeo_Ukrainian
7531,933,f,a40_44,eo_eeo_Russian
652023,933,f,a35_39,onao_Canadian
748730,933,f,a30_34,eo_bio_English
168103,933,m,a35_39,eo_oweo
397503,933,f,a20_24,eo_obio
109136,933,m,a30_34,onao_Canadian
8141,933,f,a10_14,naao
114332,933,f,a30_34,naao
201506,933,m,a60_64,ao_esao_Chinese
544622,933,f,a0_4,eo_neo
845750,933,m,a40_44,eo_weo_German
822109,933,f,a40_44,ao_osao
714390,933,m,a30_34,eo_fo
287096,933,m,a25_29,eo_bio_Scottish
217240,933,f,a30_34,eo_bio_Scottish
156173,933,m,a30_34,onao_Canadian
107523,933,m,a20_24,ao_wcameo
171340,933,m,a20_24,onao
614815,933,f,a25_29,ao_esao_Chinese
90711,933,f,a20_24,eo_bio_Scottish
280292,933,f,a55_59,ao_oesao
500763,933,m,a40_44,ao_oesao
522661,933,f,a10_14,onao_Canadian
751169,933,f,a35_39,eo_obio
164204,933,f,a10_14,ao_wcameo
877209,933,m,a25_29,onao_Canadian
878665,933,f,a30_34,naao
659450,933,m,a65_69,onao
850367,933,m,a60_64,naao
413445,933,m,a35_39,eo_oweo
714395,933,m,a20_24,eo_weo_German
214924,933,f,a30_34,ao_wcameo
123603,933,f,a35_39,onao_Canadian
627713,933,f,a25_29,eo_oweo
281023,933,m,a55_59,eo_bio_English
679865,933,m,a50_54,ao
916702,933,m,a40_44,onao_Canadian
575947,933,f,a35_39,eo_fo
245715,933,f,a35_39,onao_Canadian
581867,933,m,a35_39,ao_esao_Chinese
753477,933,f,a35_39,eo_seo_Italian
570527,933,f,a65_69,eo_bio_Irish
132349,933,f,a35_39,eo_bio_Scottish
343845,933,f,a35_39,eo_bio_Irish
133537,933,m,a10_14,eo_bio_Scottish
668126,933,f,a35_39,eo_fo
202147,933,f,a25_29,ao_sao_ei
915916,933,f,a40_44,naao
101317,933,m,a40_44,onao_Canadian
17185,933,m,a20_24,eo_bio_Irish
116267,933,m,a30_34,eo_eeo_Ukrainian
808320,933,m,a45_49,eo_neo
426763,933,m,a25_29,lcsao
629099,933,m,a0_4,onao_Canadian
380889,933,f,a25_29,eo_neo
373636,933,f,a25_29,ao_esao_Filipino
758365,933,f,a25_29,eo_bio_Irish
356537,933,m,a30_34,eo_bio_Scottish
232795,933,m,a60_64,eo_bio_Scottish
386060,933,f,a60_64,ao_esao_Chinese
581707,933,f,a25_29,eo_obio
126685,933,f,a30_34,ao_esao_Chinese
157707,933,f,a40_44,naao
918921,933,f,a30_34,eo_bio_Scottish
717223,933,m,a25_29,ao_esao_Chinese
569479,933,f,a20_24,eo_eeo_Polish
709944,933,m,a0_4,onao
66862,933,f,a10_14,naao
303109,933,m,a30_34,eo_fo
616087,933,m,a25_29,onao_Canadian
338077,933,m,a30_34,ao_esao_Filipino
528107,933,m,a20_24,ao_esao_Chinese
588250,933,m,a20_24,onao_Canadian
917060,933,f,a30_34,onao_Canadian
667820,933,m,a25_29,eo_eeo_Ukrainian
430197,933,f,a40_44,eo_eeo_Ukrainian
86455,933,f,a80_84,eo_eeo_Ukrainian
724814,933,f,a15_19,eo_weo_German
878072,933,m,a65_69,eo_bio_Scottish
448044,933,f,a30_34,ao_oesao
902426,933,f,a60_64,eo_bio_Irish
191401,933,f,a55_59,lcsao
432530,933,f,a40_44,eo_obio
47021,933,m,a25_29,eo_neo
203133,933,m,a25_29,ao_oesao
834091,933,m,a35_39,ao_esao_Chinese
194553,933,f,a55_59,eo_bio_English
70442,933,f,a25_29,eo_weo_German
396693,933,m,a45_49,onao_Canadian
197730,933,m,a60_64,ao_oesao
721988,933,m,a20_24,ao_esao_Chinese
889472,933,f,a70_74,ao_esao_Chinese
202198,933,f,a15_19,eo_neo
829601,933,m,a30_34,ao_oesao
117998,933,m,a20_24,eo_bio_Scottish
735662,933,f,a20_24,ao_esao_Chinese
43637,933,f,a30_34,eo_bio_Scottish
857352,933,f,a25_29,onao_Canadian
122054,933,f,a10_14,eo_bio_Scottish
732623,933,m,a25_29,eo_oeeo
743226,933,f,a30_34,lcsao
298196,933,m,a30_34,eo_weo_German
112633,933,f,a35_39,eo_oeeo
612298,933,m,a20_24,ao
214654,933,m,a35_39,ao_oesao
668754,933,m,a20_24,onao_Canadian
290275,933,f,a35_39,ao_esao_Chinese
907285,933,m,a25_29,eo_bio_English
711823,933,f,a25_29,eo_eeo_Polish
180101,933,m,a40_44,eo_bio_Irish
887151,933,m,a50_54,eo_neo
63228,933,m,a15_19,onao
67684,933,m,a25_29,oo
409304,933,m,a60_64,eo_bio_Scottish
866268,933,m,a35_39,ao_oesao
820059,933,m,a30_34,onao_Canadian
631882,933,m,a30_34,onao_Canadian
568428,933,m,a5_9,eo_bio_English
159198,933,m,a25_29,ao_esao_Chinese
81771,933,m,a70_74,eo_oweo
523922,933,m,a65_69,ao_wcameo
923225,933,m,a50_54,eo_bio_Irish
331889,933,f,a30_34,eo_seo_Portuguese
276144,933,f,a25_29,eo_fo
407248,933,m,a25_29,eo_weo_German
337897,933,m,a45_49,eo_weo_German
542708,933,m,a55_59,onao
184257,933,m,a60_64,eo_fo
661330,933,m,a30_34,ao_esao_Chinese
486537,933,f,a20_24,eo_fo
238696,933,m,a25_29,onao_Canadian
391556,933,f,a35_39,ao_oesao
666579,933,f,a25_29,onao_Canadian
212101,933,f,a35_39,eo_obio
333554,933,f,a40_44,onao_Canadian
742135,933,f,a25_29,ao_oesao
76942,933,m,a25_29,onao_Canadian
928199,933,f,a40_44,ao_esao_Chinese
115944,933,m,a35_39,ao_sao_ei
540118,933,m,a30_34,eo_neo
94192,933,m,a40_44,eo_eeo_Hungarian
625695,933,f,a45_49,eo_bio_Irish
576543,933,f,a35_39,ao_esao_Chinese
447165,933,m,a15_19,eo_fo
202669,933,f,a35_39,eo_fo
917783,933,f,a20_24,eo_bio_Scottish
194039,933,f,a35_39,eo_bio_English
377069,933,m,a65_69,eo_fo
726956,933,f,a55_59,ao_oesao
385829,933,f,a0_4,eo_weo_German
413986,933,m,a20_24,ao_osao
478037,933,f,a20_24,ao_esao_Chinese
882791,933,f,a35_39,eo_seo_Italian
611693,933,m,a30_34,onao_Canadian
436073,933,f,a40_44,eo_bio_Scottish
594490,933,m,a30_34,onao_Canadian
687289,933,m,a25_29,eo_eeo_Polish
416610,933,f,a10_14,ao_oesao
908107,933,m,a60_64,onao_Canadian
793837,933,f,a0_4,eo_eeo_Ukrainian
217604,933,m,a15_19,naao
337117,933,f,a35_39,eo_seo_Portuguese
378781,933,m,a25_29,ao_esao_Chinese
408038,933,m,a25_29,ao_oesao
307179,933,m,a30_34,eo_fo
453732,933,m,a40_44,onao_Canadian
279870,933,m,a50_54,ao_esao_Chinese
870560,933,f,a30_34,eo_fo
504110,933,f,a40_44,ao_esao_Chinese
501093,933,f,a15_19,eo_bio_Scottish
31573,933,m,a40_44,eo_eeo_Ukrainian
709721,933,m,a45_49,eo_seo_Portuguese
117424,933,f,a40_44,eo_oweo
295904,933,f,a20_24,eo_fo
453403,933,m,a50_54,eo_bio_Scottish
1297,933,f,a25_29,eo_bio_English
667742,933,m,a50_54,eo_obio
385809,933,m,a25_29,eo_bio_Irish
928299,933,m,a55_59,eo_bio_English
556385,933,f,a35_39,onao_Canadian
122448,933,m,a40_44,eo_bio_Scottish
22235,933,f,a70_74,eo_bio_Irish
826964,933,m,a25_29,eo_neo
137346,933,f,a50_54,ao_oesao
30849,933,m,a30_34,ao_oesao
565148,933,f,a45_49,ao_esao_Chinese
724361,933,f,a30_34,eo_seo_Portuguese
420726,933,m,a45_49,naao
733049,933,m,a30_34,eo_fo
635491,933,m,a30_34,ao_esao_Chinese
140229,933,f,a70_74,onao_Canadian
57667,933,f,a30_34,naao
644259,933,m,a10_14,ao_esao_Filipino
187538,933,f,a25_29,ao
701162,933,f,a35_39,eo_seo_Italian
413694,933,m,a25_29,onao
518881,933,m,a40_44,onao_Canadian
413021,933,f,a25_29,eo_bio_English
806034,933,f,a40_44,eo_weo_German
548246,933,f,a65_69,eo_neo
865045,933,f,a30_34,ao_oesao
6720,933,m,a25_29,eo_eeo_Hungarian
801156,933,m,a35_39,eo_bio_Scottish
19727,933,f,a25_29,onao_Canadian
461971,933,m,a25_29,eo_bio_English
410428,933,f,a20_24,eo_obio
301118,933,f,a10_14,onao_Canadian
562430,933,f,a35_39,ao_sao_ei
23170,933,m,a25_29,eo_obio
163641,933,f,a25_29,onao_Canadian
248677,933,f,a30_34,eo_eeo_Hungarian
396742,933,f,a35_39,ao_wcameo
119345,933,m,a25_29,ao_esao_Chinese
755963,933,f,a50_54,eo_bio_Scottish
516906,933,f,a45_49,eo_bio_English
26463,933,f,a30_34,onao_Canadian
913779,933,m,a25_29,eo_fo
231399,933,m,a35_39,eo_obio
276562,933,f,a30_34,eo_eeo_Russian
853106,933,m,a30_34,eo_seo_Portuguese
206165,933,m,a60_64,eo_eeo_Polish
563495,933,f,a60_64,eo_bio_Irish
296194,933,m,a80_84,ao_wcameo
676132,933,f,a0_4,ao_osao
389659,933,f,a30_34,ao_oesao
928364,933,m,a50_54,onao_Canadian
837464,933,m,a25_29,onao_Canadian
269930,933,m,a20_24,ao_esao_Chinese
919397,933,f,a25_29,ao_esao_Filipino
329693,933,m,a35_39,eo_seo_Portuguese
340185,933,m,a45_49,ao_oesao
478272,933,f,a45_49,naao
468730,933,m,a20_24,eo_fo
570361,933,m,a40_44,eo_eeo_Ukrainian
829030,933,f,a45_49,ao_esao_Chinese
741122,933,f,a25_29,eo_eeo_Russian
571791,933,m,a20_24,eo_eeo_Hungarian
24426,933,f,a25_29,ao_esao_Chinese
917682,933,m,a25_29,ao_osao
797260,933,m,a45_49,ao_esao_Filipino
325306,933,m,a10_14,ao_sao_ei
332446,933,m,a25_29,eo_oweo
599881,933,f,a45_49,eo_bio_Irish
151679,933,m,a0_4,ao_esao_Chinese
168673,933,f,a20_24,onao_Canadian
242731,933,m,a40_44,eo_seo_Portuguese
645795,933,f,a20_24,eo_neo
890854,933,f,a35_39,onao
479609,933,m,a35_39,onao_Canadian
697083,933,m,a30_34,ao_esao_Chinese
112861,933,m,a20_24,onao_Canadian
9865,933,f,a25_29,eo_fo
642262,933,m,a30_34,eo_eeo_Ukrainian
248491,933,m,a25_29,ao_oesao
418261,933,f,a30_34,ao_oesao
707408,933,f,a35_39,ao_sao_ei
630057,933,m,a30_34,eo_obio
130792,933,f,a5_9,eo_neo
177588,933,m,a45_49,naao
849128,933,f,a60_64,ao_oesao
68655,933,m,a45_49,eo_eeo_Ukrainian
407973,933,f,a35_39,ao
341963,933,f,a45_49,eo_obio
346850,933,f,a30_34,eo_bio_English
43061,933,m,a25_29,ao_oesao
451661,933,f,a50_54,ao_oesao
737041,933,m,a30_34,eo_bio_Scottish
486867,933,m,a25_29,eo_bio_Scottish
329627,933,f,a25_29,onao_Canadian
376551,933,m,a25_29,onao_Canadian
724364,933,m,a40_44,ao_oesao
363187,933,f,a20_24,onao_Canadian
272682,933,f,a40_44,eo_bio_Scottish
299252,933,m,a20_24,eo_oeeo
189679,933,f,a30_34,eo_seo_Italian
915408,933,m,a50_54,eo_obio
89335,933,f,a25_29,eo_bio_English
626893,933,m,a0_4,eo_fo
750665,933,m,a55_59,naao
765442,933,f,a30_34,onao_Canadian
898292,933,f,a65_69,ao_oesao
250404,933,f,a20_24,ao_wcameo
355715,933,f,a55_59,onao_Canadian
658038,933,f,a60_64,ao_oesao
325565,933,m,a40_44,eo_neo
690371,933,m,a55_59,ao_esao_Chinese
388922,933,f,a10_14,eo_bio_English
86307,933,f,a0_4,eo_weo_German
738069,933,f,a30_34,eo_bio_Scottish
505219,933,m,a40_44,onao_Canadian
694162,933,m,a5_9,eo_bio_English
144997,933,m,a25_29,ao_oesao
315992,933,m,a25_29,naao
674320,933,m,a30_34,ao
210844,933,m,a30_34,eo_seo_Italian
173356,933,m,a35_39,ao_oesao
638790,933,m,a20_24,naao
833441,933,f,a35_39,eo_bio_Scottish
189024,933,f,a35_39,eo_weo_Dutch
365419,933,m,a25_29,naao
523866,933,m,a30_34,eo_obio
580880,933,f,a60_64,ao_oesao
222247,933,f,a10_14,ao_esao_Chinese
275668,933,f,a30_34,ao_wcameo
212951,933,m,a15_19,eo_eeo_Ukrainian
882505,933,f,a25_29,ao_wcameo
368407,933,m,a60_64,onao_Canadian
570929,933,m,a35_39,eo_neo
439807,933,m,a35_39,eo_bio_Scottish
540645,933,m,a40_44,eo_neo
392002,933,m,a60_64,onao_Canadian
748449,933,m,a25_29,eo_eeo_Ukrainian
107824,933,m,a25_29,ao_osao
687254,933,f,a25_29,eo_bio_Scottish
314199,933,m,a25_29,lcsao
642998,933,m,a20_24,ao_esao_Chinese
6170,933,f,a40_44,oo
552306,933,m,a40_44,onao_Canadian
820850,933,m,a25_29,onao_Canadian
589028,933,m,a25_29,ao_esao_Filipino
541781,933,f,a20_24,ao_esao_Chinese
132956,933,m,a30_34,onao_Canadian
732801,933,m,a25_29,eo_bio_English
827903,933,m,a35_39,eo_bio_English
878344,933,f,a30_34,ao_oesao
794535,933,f,a55_59,eo_neo
531723,933,m,a35_39,eo_bio_Scottish
164587,933,f,a35_39,eo_bio_English
304578,933,f,a50_54,eo_bio_Irish
196311,933,m,a30_34,eo_obio
144431,933,f,a40_44,eo_bio_English
863676,933,m,a40_44,eo_bio_English
910084,933,m,a25_29,eo_eeo_Ukrainian
696530,933,f,a40_44,onao
24507,933,m,a40_44,eo_seo_Portuguese
730925,933,m,a25_29,eo_neo
745343,933,f,a35_39,eo_obio
81051,933,m,a25_29,eo_seo_Italian
235575,933,m,a30_34,eo_bio_Irish
874955,933,f,a35_39,eo_bio_English
752154,933,m,a30_34,ao_oesao
242649,933,m,a0_4,ao_esao_Chinese
358784,933,m,a45_49,eo_eeo_Ukrainian
655328,933,m,a25_29,ao_oesao
423833,933,f,a50_54,ao_sao_ei
402029,933,m,a40_44,eo_eeo_Ukrainian
796605,933,m,a30_34,ao_esao_Chinese
618329,933,f,a25_29,ao_oesao
847348,933,m,a40_44,eo_bio_Irish
531002,933,m,a30_34,oo
468298,933,f,a30_34,ao_esao_Chinese
155904,933,m,a35_39,ao_oesao
351364,933,m,a60_64,onao_Canadian
100961,933,m,a55_59,onao_Canadian
874570,933,f,a10_14,onao_Canadian
548292,933,f,a35_39,eo_seo_Italian
870351,933,m,a20_24,eo_oweo
221022,933,m,a30_34,ao_esao_Chinese
87612,933,m,a40_44,onao
449378,933,m,a35_39,onao_Canadian
579490,933,m,a20_24,onao_Canadian
446494,933,f,a40_44,eo_seo_Italian
405600,933,f,a35_39,eo_eeo_Hungarian
650259,933,f,a30_34,ao_oesao
769305,933,f,a60_64,eo_eeo_Ukrainian
237231,933,f,a25_29,ao_esao_Chinese
268530,933,m,a25_29,ao_esao_Chinese
854722,933,f,a30_34,onao_Canadian
9411,933,f,a25_29,ao_esao_Chinese
366661,933,f,a30_34,onao_Canadian
391629,933,m,a30_34,naao
841106,933,m,a30_34,ao_sao_ei
507419,933,f,a25_29,eo_obio
179627,933,m,a25_29,eo_eeo_Ukrainian
426075,933,m,a55_59,eo_fo
240415,933,f,a85_,eo_weo_German
752682,933,m,a40_44,eo_eeo_Polish
428137,933,m,a25_29,eo_bio_Irish
904723,933,m,a35_39,eo_bio_English
569767,933,m,a60_64,ao_oesao
819450,933,f,a20_24,onao_Canadian
12257,933,f,a25_29,eo_neo
62452,933,m,a25_29,onao_Canadian
479712,933,f,a45_49,eo_eeo_Ukrainian
358163,933,f,a30_34,naao
604905,933,f,a25_29,ao_esao_Chinese
528608,933,m,a35_39,eo_bio_English
374552,933,m,a30_34,ao_oesao
316845,933,f,a25_29,eo_seo_Italian
443974,933,m,a25_29,eo_oeeo
467431,933,f,a25_29,eo_bio_English
373022,933,f,a20_24,eo_bio_English
515890,933,f,a25_29,eo_weo_German
334106,933,f,a35_39,eo_bio_Irish
44518,933,f,a35_39,onao_Canadian
786678,933,m,a25_29,ao_esao_Chinese
631471,933,f,a25_29,ao_sao_ei
241930,933,m,a30_34,eo_eeo_Hungarian
909273,933,f,a35_39,onao_Canadian
540491,933,m,a30_34,ao_esao_Chinese
552032,933,f,a20_24,eo_fo
660920,933,f,a35_39,eo_fo
791271,933,f,a20_24,ao_esao_Chinese
648934,933,m,a45_49,ao_esao_Chinese
266084,933,m,a75_79,eo_eeo_Russian
134785,933,m,a35_39,eo_seo_Italian
606344,933,m,a35_39,eo_obio
490944,933,f,a45_49,eo_bio_English
404285,933,m,a35_39,eo_neo
782151,933,f,a30_34,eo_bio_Irish
626255,933,m,a35_39,eo_bio_English
611622,933,f,a35_39,onao_Canadian
768236,933,m,a30_34,onao
758972,933,f,a35_39,eo_bio_Irish
315352,933,m,a25_29,eo_seo_Italian
165922,933,m,a25_29,eo_bio_Scottish
562499,933,m,a80_84,eo_bio_Irish
587091,933,m,a55_59,ao_oesao
500499,933,f,a30_34,onao_Canadian
281221,933,m,a60_64,eo_fo
289091,933,m,a35_39,eo_bio_Irish
89971,933,f,a15_19,eo_seo_Spanish
405591,933,m,a20_24,ao_oesao
338500,933,m,a30_34,ao_esao_Chinese
112507,933,f,a45_49,ao_oesao
719786,933,m,a50_54,eo_bio_English
325653,933,f,a25_29,onao_Canadian
361864,933,m,a40_44,ao_esao_Chinese
82867,933,f,a40_44,ao_esao_Chinese
248257,933,m,a60_64,naao
711474,933,f,a45_49,ao_oesao
634262,933,m,a35_39,ao_wcameo
55009,933,m,a25_29,ao_sao_ei
451569,933,m,a20_24,eo_bio_Scottish
419831,933,m,a30_34,lcsao
651667,933,m,a30_34,ao_esao_Chinese
84544,933,f,a45_49,eo_fo
377264,933,f,a25_29,naao
403766,933,f,a25_29,lcsao
100186,933,m,a25_29,ao_esao_Chinese
503839,933,f,a45_49,ao_esao_Chinese
561969,933,f,a20_24,eo_bio_Irish
754752,933,m,a20_24,onao_Canadian
54613,933,f,a20_24,ao
703857,933,m,a35_39,ao_esao_Filipino
804316,933,f,a55_59,ao_oesao
466268,933,f,a20_24,ao_esao_Chinese
353942,933,f,a35_39,eo_fo
316416,933,m,a25_29,ao_esao_Chinese
280738,933,f,a20_24,ao
258686,933,m,a30_34,ao_oesao
676948,933,m,a35_39,eo_bio_English
586260,933,f,a25_29,eo_seo_Portuguese
824618,933,m,a25_29,eo_weo_German
221801,933,f,a30_34,ao_oesao
404326,933,m,a40_44,eo_eeo_Polish
843843,933,m,a20_24,ao_osao
316934,933,m,a25_29,ao_esao_Chinese
335586,933,f,a35_39,onao_Canadian
143119,933,m,a60_64,ao_oesao
6190,933,m,a20_24,ao_esao_Chinese
167145,933,f,a45_49,ao_oesao
459938,933,f,a45_49,ao_esao_Chinese
71701,933,m,a30_34,eo_oweo
723048,933,f,a30_34,ao_esao_Chinese
816023,933,m,a45_49,onao_Canadian
915198,933,f,a25_29,ao_oesao
198742,933,f,a25_29,ao_sao_ei
413009,933,f,a25_29,eo_eeo_Russian
640334,933,m,a25_29,eo_neo
279464,933,f,a70_74,eo_seo_Spanish
403502,933,f,a30_34,ao_sao_ei
445984,933,m,a40_44,onao_Canadian
200086,933,m,a40_44,eo_neo
688868,933,m,a35_39,eo_seo_Spanish
209157,933,m,a25_29,eo_bio_Scottish
365558,933,m,a35_39,eo_eeo_Polish
103462,933,m,a50_54,eo_seo_Italian
386085,933,m,a20_24,ao_esao_Chinese
663467,933,m,a25_29,onao_Canadian
246258,933,m,a45_49,ao_oesao
559780,933,m,a50_54,eo_weo_German
653440,933,f,a35_39,ao_wcameo
403117,933,f,a15_19,eo_bio_English
545665,933,m,a25_29,eo_seo_Italian
380234,933,m,a20_24,eo_bio_Scottish
712702,933,m,a30_34,eo_eeo_Ukrainian
167375,933,m,a0_4,ao_oesao
911712,933,f,a5_9,ao_sao_ei
219450,933,f,a40_44,eo_fo
