PPSORT,CMA,AGE,SEX,RACE
43805,933,a65_69,f,ao
664613,933,a20_24,f,ao_esao_Chinese
410518,933,a20_24,m,eo_fo
448588,933,a80_84,m,eo_bio_English
685356,933,a75_79,f,eo_weo_German
472615,933,a10_14,m,ao_esao_Chinese
67948,933,a15_19,m,ao_esao_Filipino
491928,933,a15_19,m,onao_Canadian
534376,933,a55_59,f,ao_oesao
834362,933,a35_39,f,eo_eeo_Russian
771630,933,a80_84,m,eo_bio_Scottish
98546,933,a50_54,f,ao_esao_Chinese
778307,933,a85_,m,ao_esao_Chinese
584996,933,a20_24,m,ao_esao_Chinese
388835,933,a60_64,f,ao_esao_Filipino
890748,933,a35_39,m,onao_Canadian
865214,933,a80_84,m,ao_esao_Chinese
640831,933,a15_19,f,ao_esao_Chinese
406147,933,a35_39,m,ao_esao_Chinese
414919,933,a10_14,f,ao_oesao
206306,933,a25_29,m,onao_Canadian
311885,933,a70_74,m,eo_weo_German
716054,933,a65_69,m,ao_esao_Chinese
665596,933,a40_44,f,ao_esao_Filipino
820490,933,a60_64,m,ao_osao
374420,933,a25_29,f,ao_sao_ei
364528,933,a30_34,f,eo_bio_Irish
289010,933,a65_69,f,ao_esao_Chinese
674183,933,a45_49,f,ao_oesao
123289,933,a70_74,f,ao_esao_Filipino
123416,933,a85_,f,eo_bio_English
845799,933,a85_,f,eo_bio_English
480265,933,a45_49,m,ao_oesao
511179,933,a75_79,m,eo_bio_English
509418,933,a45_49,f,eo_bio_English
855892,933,a10_14,m,ao_esao_Filipino
360309,933,a35_39,f,ao_wcameo
221945,933,a50_54,m,ao_esao_Chinese
22811,933,a35_39,m,ao_sao_ei
644400,933,a75_79,f,ao_esao_Chinese
380432,933,a65_69,m,ao_esao_Chinese
711880,933,a5_9,m,ao_sao_ei
394624,933,a30_34,m,lcsao
263660,933,a35_39,f,onao_Canadian
344502,933,a85_,m,eo_bio_Irish
687395,933,a30_34,f,eo_seo_Greek
152176,933,a75_79,m,eo_oeo
561312,933,a50_54,f,ao_esao_Chinese
853607,933,a25_29,m,eo_bio_English
92855,933,a40_44,m,ao_esao_Chinese
629096,933,a15_19,m,ao_esao_Chinese
667286,933,a0_4,m,onao_Canadian
615852,933,a50_54,m,ao_esao_Chinese
851477,933,a35_39,m,ao_esao_Chinese
848319,933,a70_74,m,ao_esao_Chinese
285224,933,a45_49,f,ao_esao_Chinese
368520,933,a50_54,m,eo_eeo_Ukrainian
7322,933,a40_44,f,eo_obio
84164,933,a45_49,f,eo_oeeo
226031,933,a80_84,f,ao_sao_ei
491706,933,a35_39,m,onao_Canadian
167381,933,a70_74,m,ao_sao_ei
108916,933,a75_79,m,eo_oseo
333765,933,a50_54,m,eo_obio
416321,933,a25_29,f,eo_bio_Irish
726391,933,a75_79,f,eo_bio_English
277891,933,a15_19,f,eo_oeeo
900597,933,a80_84,f,ao_esao_Chinese
758644,933,a0_4,f,ao_esao_Chinese
697943,933,a10_14,f,onao_Canadian
923225,933,a70_74,f,ao_sao_ei
918525,933,a60_64,f,ao_sao_ei
897835,933,a40_44,f,eo_seo_Portuguese
73928,933,a35_39,f,ao_esao_Chinese
214503,933,a15_19,m,ao_esao_Chinese
554845,933,a65_69,f,onao_Canadian
142423,933,a10_14,m,ao_wcameo
544587,933,a65_69,m,ao_sao_ei
378339,933,a20_24,f,ao_esao_Chinese
273276,933,a5_9,m,ao_sao_ei
331028,933,a25_29,m,ao_esao_Chinese
131093,933,a60_64,f,eo_weo_German
612542,933,a15_19,f,ao
556600,933,a65_69,f,ao_esao_Chinese
765799,933,a25_29,m,eo_bio_Scottish
792311,933,a60_64,m,onao_Canadian
473670,933,a25_29,f,ao_esao_Chinese
709371,933,a60_64,f,ao_esao_Chinese
765116,933,a60_64,f,ao_esao_Chinese
114992,933,a0_4,f,ao_esao_Chinese
65187,933,a60_64,f,eo_bio_Scottish
412785,933,a45_49,f,ao_oesao
929371,933,a50_54,f,onao_Canadian
424405,933,a70_74,f,ao_esao_Chinese
239990,933,a40_44,f,onao_Canadian
556874,933,a75_79,m,ao_esao_Chinese
16651,933,a45_49,f,ao_esao_Chinese
142505,933,a65_69,m,ao_oesao
611821,933,a45_49,m,eo_weo_German
243722,933,a60_64,f,ao_esao_Chinese
393171,933,a15_19,m,ao_esao_Chinese
541685,933,a15_19,m,ao_esao_Chinese
762190,933,a45_49,f,ao_esao_Chinese
299249,933,a25_29,f,ao_esao_Chinese
544285,933,a20_24,f,ao_sao_ei
418230,933,a55_59,f,ao_oesao
272156,933,a10_14,m,onao_Canadian
9076,933,a0_4,m,ao_oesao
635163,933,a45_49,m,ao_esao_Chinese
33650,933,a35_39,m,ao_sao_ei
771075,933,a15_19,m,ao_oesao
195299,933,a40_44,m,ao
159886,933,a30_34,f,ao_oesao
534023,933,a20_24,m,onao_Canadian
734551,933,a50_54,f,eo_bio_English
262322,933,a10_14,f,ao_esao_Chinese
824171,933,a25_29,f,ao_esao_Chinese
730223,933,a40_44,f,naao
222826,933,a30_34,f,ao_oesao
871340,933,a40_44,f,ao_sao_ei
62223,933,a55_59,f,ao_esao_Chinese
800537,933,a20_24,m,ao_esao_Chinese
518610,933,a60_64,m,eo_eeo_Ukrainian
279215,933,a55_59,f,ao_sao_ei
303648,933,a60_64,m,ao_esao_Chinese
831868,933,a0_4,f,onao_Canadian
476545,933,a25_29,m,eo_bio_Scottish
202193,933,a45_49,m,ao_esao_Filipino
71766,933,a40_44,f,ao_osao
789653,933,a65_69,m,ao_sao_ei
408050,933,a45_49,m,ao_wcameo
94829,933,a25_29,f,ao_oesao
440839,933,a35_39,f,lcsao
80107,933,a70_74,m,ao_esao_Chinese
736610,933,a40_44,m,onao_Canadian
539672,933,a15_19,m,ao_sao_ei
703439,933,a50_54,m,eo_seo_Italian
547119,933,a80_84,m,ao_esao_Chinese
813400,933,a55_59,m,ao_sao_ei
633029,933,a40_44,f,ao_oesao
703182,933,a35_39,f,oo
646453,933,a30_34,m,eo_seo_Italian
97588,933,a50_54,f,ao_esao_Chinese
708994,933,a25_29,m,ao_sao_ei
180288,933,a45_49,m,eo_obio
144257,933,a15_19,f,ao_oesao
609990,933,a55_59,m,ao_esao_Chinese
86553,933,a5_9,f,ao_sao_ei
126419,933,a55_59,m,eo_oeo
135129,933,a60_64,f,eo_bio_English
324271,933,a65_69,m,ao_sao_ei
22340,933,a40_44,m,eo_seo_Italian
706906,933,a40_44,m,eo_bio_Scottish
566406,933,a60_64,f,ao_esao_Filipino
164277,933,a40_44,m,ao_sao_ei
480946,933,a75_79,f,ao_esao_Chinese
850606,933,a30_34,f,ao_esao_Filipino
93986,933,a50_54,f,eo_bio_English
321867,933,a20_24,f,ao_esao_Filipino
397656,933,a60_64,m,ao_esao_Chinese
849431,933,a20_24,m,ao_esao_Chinese
27388,933,a70_74,m,eo_seo_Italian
561113,933,a50_54,f,ao_esao_Chinese
38526,933,a55_59,m,ao_esao_Chinese
261573,933,a70_74,f,ao_sao_ei
360667,933,a60_64,m,eo_eeo_Ukrainian
301302,933,a50_54,f,ao_esao_Chinese
87316,933,a0_4,f,ao_esao_Filipino
518193,933,a40_44,f,onao_Canadian
334555,933,a25_29,f,eo_weo_Dutch
715826,933,a45_49,f,eo_weo_German
406805,933,a70_74,m,eo_bio_English
6253,933,a55_59,m,ao_esao_Chinese
867789,933,a45_49,f,ao_esao_Chinese
296557,933,a40_44,m,onao_Canadian
544149,933,a25_29,f,ao_esao_Filipino
40052,933,a45_49,f,ao_esao_Chinese
228858,933,a35_39,f,ao_sao_ei
662502,933,a60_64,f,ao_esao_Chinese
127504,933,a5_9,m,ao_sao_ei
741133,933,a55_59,f,ao_esao_Filipino
388820,933,a5_9,m,ao_oesao
476545,933,a25_29,m,eo_bio_Scottish
513655,933,a70_74,f,ao_wcameo
204752,933,a45_49,m,eo_eeo_Ukrainian
840008,933,a15_19,m,ao_esao_Chinese
133610,933,a60_64,m,ao_sao_ei
321649,933,a75_79,f,ao_esao_Filipino
425930,933,a55_59,m,eo_neo
815871,933,a70_74,m,ao_esao_Filipino
103110,933,a45_49,m,ao_esao_Chinese
101945,933,a85_,f,ao_sao_ei
167420,933,a60_64,m,ao_esao_Chinese
629099,933,a50_54,f,ao_esao_Filipino
911712,933,a45_49,f,eo_weo_Dutch
352465,933,a35_39,m,eo_weo_German
644517,933,a40_44,f,ao
608805,933,a75_79,f,ao_esao_Chinese
91190,933,a20_24,m,eo_bio_English
832645,933,a55_59,f,ao_esao_Filipino
552148,933,a20_24,f,ao_oesao
713925,933,a70_74,f,ao_sao_ei
329775,933,a35_39,m,ao_esao_Chinese
761014,933,a30_34,f,ao_sao_ei
217400,933,a35_39,f,ao_sao_ei
914867,933,a25_29,m,ao_esao_Chinese
448616,933,a70_74,f,ao_esao_Chinese
204920,933,a15_19,m,ao_esao_Filipino
104554,933,a5_9,m,ao_sao_ei
412858,933,a5_9,m,ao_sao_ei
808783,933,a40_44,f,ao_sao_ei
206070,933,a40_44,f,ao_esao_Chinese
190050,933,a50_54,m,ao_esao_Chinese
540165,933,a20_24,m,ao_sao_ei
437694,933,a80_84,f,eo_bio_English
291085,933,a35_39,f,onao_Canadian
304342,933,a40_44,m,ao_esao_Chinese
716037,933,a50_54,m,ao_esao_Filipino
503238,933,a25_29,m,ao_esao_Chinese
33689,933,a0_4,m,ao_esao_Filipino
779529,933,a55_59,f,eo_obio
438402,933,a55_59,m,ao_esao_Filipino
228952,933,a50_54,f,ao_esao_Chinese
363859,933,a60_64,m,ao_sao_ei
540282,933,a80_84,m,eo_eeo_Hungarian
118805,933,a10_14,m,ao_esao_Chinese
311209,933,a15_19,m,ao_esao_Chinese
189517,933,a45_49,f,ao_sao_ei
580623,933,a75_79,f,ao_sao_ei
776412,933,a25_29,f,ao_esao_Chinese
843578,933,a65_69,m,ao_esao_Chinese
569442,933,a50_54,f,ao_esao_Chinese
741956,933,a45_49,m,eo_bio_English
644022,933,a15_19,m,ao_esao_Chinese
57340,933,a50_54,f,ao_sao_ei
411597,933,a35_39,f,ao_esao_Chinese
5781,933,a40_44,m,ao_sao_ei
859130,933,a5_9,m,onao_Canadian
413021,933,a65_69,f,ao_oesao
371254,933,a15_19,f,eo_seo_Italian
773102,933,a45_49,f,ao_esao_Chinese
482755,933,a55_59,f,ao_esao_Filipino
23809,933,a15_19,m,ao_oesao
855376,933,a45_49,m,ao_esao_Chinese
660583,933,a50_54,m,ao_esao_Chinese
692796,933,a30_34,f,ao_osao
918530,933,a60_64,m,eo_eeo_Ukrainian
604321,933,a10_14,m,ao_esao_Chinese
789817,933,a50_54,m,eo_eeo_Russian
520907,933,a70_74,m,eo_seo_Italian
541106,933,a40_44,m,ao_esao_Chinese
129389,933,a60_64,f,eo_oseo
461718,933,a25_29,f,ao_esao_Chinese
380080,933,a45_49,m,ao
749664,933,a55_59,m,onao_Canadian
366898,933,a45_49,f,ao_esao_Chinese
297233,933,a80_84,f,eo_fo
797608,933,a45_49,f,ao_sao_ei
425432,933,a45_49,m,eo_weo_German
561534,933,a0_4,m,ao_esao_Chinese
286349,933,a10_14,m,ao_sao_ei
843482,933,a35_39,m,onao_Canadian
288121,933,a50_54,m,ao_wcameo
509397,933,a40_44,f,ao_esao_Chinese
927548,933,a35_39,m,ao_sao_ei
185628,933,a0_4,m,onao_Canadian
566065,933,a10_14,m,ao_esao_Chinese
347374,933,a20_24,m,ao_esao_Chinese
304564,933,a50_54,f,eo_seo_Italian
380696,933,a60_64,m,ao_esao_Chinese
497872,933,a50_54,f,ao_oesao
442877,933,a35_39,m,lcsao
581969,933,a15_19,m,eo_bio_English
695342,933,a25_29,m,ao_esao_Chinese
734225,933,a55_59,f,ao_esao_Chinese
302505,933,a10_14,f,onao_Canadian
394975,933,a15_19,m,ao_esao_Chinese
176963,933,a55_59,f,ao_esao_Filipino
166238,933,a60_64,f,ao_sao_ei
486330,933,a40_44,f,ao_esao_Filipino
37148,933,a40_44,f,ao_sao_ei
132396,933,a25_29,f,ao_esao_Chinese
147655,933,a25_29,m,ao_sao_ei
887859,933,a50_54,f,ao_wcameo
103351,933,a75_79,m,ao_esao_Chinese
576430,933,a20_24,f,onao_Canadian
227033,933,a35_39,m,ao_esao_Filipino
270216,933,a85_,f,eo_neo
850345,933,a40_44,f,ao_esao_Filipino
478660,933,a55_59,f,onao_Canadian
340110,933,a65_69,m,eo_eeo_Polish
218796,933,a0_4,f,onao_Canadian
291170,933,a25_29,f,eo_oeeo
852927,933,a65_69,m,eo_bio_English
502903,933,a45_49,m,ao_esao_Chinese
523287,933,a0_4,f,onao_Canadian
716828,933,a70_74,m,ao_esao_Filipino
812563,933,a45_49,f,ao_esao_Chinese
829030,933,a5_9,f,ao_esao_Chinese
373182,933,a20_24,m,onao_Canadian
681209,933,a25_29,f,ao_esao_Filipino
567149,933,a60_64,m,ao_esao_Chinese
767022,933,a55_59,m,ao_esao_Chinese
405182,933,a25_29,f,ao_oesao
248225,933,a60_64,f,ao_sao_ei
203068,933,a55_59,f,ao_oesao
74421,933,a85_,m,eo_bio_English
545508,933,a30_34,f,ao_esao_Filipino
907858,933,a20_24,f,naao
864791,933,a35_39,f,ao_esao_Chinese
542517,933,a40_44,f,ao_esao_Chinese
874034,933,a65_69,m,ao_wcameo
31573,933,a25_29,f,ao_sao_ei
225693,933,a45_49,f,ao_esao_Filipino
304637,933,a45_49,f,lcsao
365062,933,a30_34,m,ao_osao
227600,933,a30_34,m,onao_Canadian
911590,933,a70_74,f,ao_esao_Chinese
215911,933,a10_14,m,ao_esao_Filipino
293785,933,a55_59,m,ao_oesao
631051,933,a35_39,m,naao
490708,933,a75_79,f,eo_oeeo
424093,933,a0_4,f,eo_seo_Portuguese
314566,933,a45_49,f,ao_sao_ei
683865,933,a85_,f,ao_esao_Chinese
104432,933,a30_34,f,ao_esao_Chinese
643323,933,a40_44,m,eo_bio_English
237119,933,a75_79,m,eo_neo
33498,933,a70_74,m,eo_weo_German
620840,933,a20_24,m,ao_oesao
668293,933,a45_49,m,ao_wcameo
319537,933,a35_39,f,ao_sao_ei
294242,933,a5_9,m,ao_esao_Chinese
446800,933,a70_74,f,eo_bio_English
490793,933,a65_69,f,ao_oesao
909324,933,a45_49,f,eo_bio_Scottish
587192,933,a75_79,m,eo_bio_Scottish
671061,933,a40_44,f,ao_esao_Chinese
98995,933,a10_14,m,ao_esao_Filipino
312525,933,a25_29,f,ao_esao_Chinese
376234,933,a50_54,f,ao_sao_ei
137126,933,a55_59,m,ao_esao_Chinese
840239,933,a25_29,f,ao_sao_ei
868061,933,a85_,m,onao_Canadian
748636,933,a15_19,f,ao_esao_Chinese
72523,933,a60_64,f,onao_Canadian
61780,933,a85_,f,eo_neo
327768,933,a40_44,f,eo_weo_Dutch
124330,933,a55_59,f,eo_seo_Italian
461458,933,a85_,f,eo_neo
799773,933,a15_19,f,ao_esao_Chinese
900210,933,a20_24,m,ao_sao_ei
360921,933,a60_64,f,ao_osao
540818,933,a55_59,m,eo_weo_German
678559,933,a30_34,m,eo_eeo_Polish
284089,933,a0_4,f,eo_eeo_Russian
688547,933,a0_4,m,onao_Canadian
258837,933,a50_54,f,eo_bio_English
688868,933,a60_64,f,ao_esao_Filipino
54010,933,a35_39,f,onao_Canadian
105069,933,a10_14,f,ao_sao_ei
667286,933,a0_4,m,onao_Canadian
143852,933,a40_44,m,eo_seo_Italian
467226,933,a35_39,m,oo
807932,933,a35_39,f,ao
131093,933,a60_64,f,eo_weo_German
644602,933,a40_44,f,eo_oeeo
395287,933,a0_4,m,ao_esao_Chinese
476479,933,a40_44,m,onao_Canadian
523834,933,a65_69,f,eo_bio_English
718208,933,a25_29,m,ao_oesao
40654,933,a20_24,m,ao_esao_Filipino
401608,933,a65_69,f,eo_bio_English
551344,933,a0_4,m,ao_esao_Chinese
914859,933,a40_44,f,ao_esao_Filipino
601696,933,a20_24,m,ao_esao_Chinese
254748,933,a55_59,m,ao_esao_Filipino
635652,933,a15_19,f,ao_osao
399099,933,a10_14,m,eo_bio_Scottish
811647,933,a20_24,f,ao_oesao
220474,933,a15_19,m,ao_esao_Chinese
828479,933,a40_44,m,onao_Canadian
659457,933,a40_44,f,ao_esao_Filipino
671343,933,a65_69,f,eo_seo_Italian
309621,933,a30_34,m,lcsao
658591,933,a10_14,m,ao_wcameo
6083,933,a50_54,f,eo_eeo_Hungarian
428747,933,a40_44,m,ao_esao_Chinese
6343,933,a50_54,m,onao_Canadian
336727,933,a45_49,m,ao_esao_Chinese
158478,933,a60_64,f,ao_wcameo
152137,933,a55_59,m,ao_esao_Filipino
356404,933,a25_29,f,ao_oesao
441068,933,a15_19,m,ao_esao_Filipino
326766,933,a85_,m,eo_oseo
346904,933,a85_,f,ao_esao_Chinese
900701,933,a45_49,m,onao_Canadian
20804,933,a60_64,f,eo_bio_English
653617,933,a20_24,m,ao_sao_ei
678461,933,a30_34,m,ao_esao_Filipino
791345,933,a10_14,f,ao_esao_Filipino
717555,933,a35_39,f,oo
489406,933,a55_59,m,ao_esao_Chinese
35550,933,a15_19,m,ao
558324,933,a0_4,f,ao_esao_Chinese
856412,933,a50_54,m,eo_bio_English
13061,933,a30_34,f,eo_eeo_Russian
831874,933,a80_84,f,eo_eeo_Ukrainian
26322,933,a30_34,m,ao_esao_Chinese
337848,933,a20_24,m,ao_esao_Chinese
847693,933,a55_59,m,ao_esao_Chinese
379967,933,a15_19,f,onao_Canadian
885033,933,a50_54,m,onao_Canadian
189679,933,a55_59,f,onao_Canadian
854116,933,a75_79,m,ao_esao_Chinese
718798,933,a70_74,f,ao_esao_Chinese
715826,933,a45_49,f,eo_weo_German
239015,933,a65_69,f,eo_neo
224447,933,a60_64,m,ao_esao_Chinese
288509,933,a55_59,f,eo_bio_Scottish
716148,933,a35_39,f,ao_esao_Chinese
283866,933,a50_54,f,ao_esao_Chinese
573995,933,a50_54,f,ao_esao_Chinese
613060,933,a50_54,m,ao_esao_Chinese
629107,933,a25_29,m,ao_esao_Chinese
593292,933,a15_19,f,ao_oesao
694127,933,a70_74,m,eo_weo_German
273756,933,a45_49,f,eo_weo_Dutch
643339,933,a30_34,f,ao_sao_ei
66966,933,a15_19,m,ao_esao_Chinese
698939,933,a55_59,f,eo_oseo
531983,933,a45_49,f,ao_esao_Chinese
779810,933,a30_34,m,ao_oesao
567962,933,a60_64,f,lcsao
753774,933,a55_59,f,eo_bio_Scottish
416802,933,a15_19,m,ao_esao_Chinese
292955,933,a55_59,f,eo_seo_Italian
165268,933,a25_29,f,ao_sao_ei
175528,933,a5_9,f,ao_oesao
368131,933,a0_4,f,ao_wcameo
319672,933,a55_59,f,ao_esao_Chinese
758504,933,a15_19,f,eo_seo_Italian
819673,933,a30_34,f,ao_esao_Filipino
666222,933,a55_59,m,onao_Canadian
524648,933,a25_29,f,ao_esao_Chinese
828970,933,a80_84,f,eo_bio_English
88244,933,a35_39,f,lcsao
759507,933,a70_74,f,ao_esao_Chinese
610353,933,a25_29,m,ao_esao_Chinese
282867,933,a10_14,f,ao_esao_Chinese
672359,933,a50_54,m,ao_esao_Chinese
193057,933,a55_59,f,ao_esao_Chinese
146798,933,a15_19,f,ao_esao_Chinese
108892,933,a85_,f,ao_esao_Chinese
818753,933,a55_59,f,ao_esao_Chinese
644452,933,a45_49,m,ao_esao_Filipino
529921,933,a15_19,f,ao_osao
106360,933,a55_59,f,ao_sao_ei
393073,933,a0_4,m,ao_esao_Chinese
98127,933,a80_84,f,ao_esao_Chinese
164793,933,a55_59,m,onao_Canadian
365137,933,a70_74,m,eo_bio_English
780678,933,a20_24,m,onao_Canadian
419016,933,a60_64,m,ao_oesao
300205,933,a60_64,m,ao_esao_Chinese
283577,933,a20_24,f,eo_eeo_Polish
382129,933,a50_54,f,ao_esao_Chinese
66556,933,a50_54,m,ao_esao_Chinese
287193,933,a5_9,m,onao_Canadian
251504,933,a55_59,m,eo_bio_English
306576,933,a45_49,f,ao_esao_Chinese
853209,933,a5_9,f,ao_sao_ei
213546,933,a15_19,f,ao_sao_ei
802795,933,a40_44,f,ao_oesao
342564,933,a60_64,m,ao_esao_Chinese
771075,933,a15_19,m,ao_oesao
521861,933,a45_49,m,ao_sao_ei
288539,933,a25_29,m,ao_esao_Chinese
31552,933,a0_4,f,ao_sao_ei
470307,933,a45_49,m,onao_Canadian
666302,933,a65_69,m,ao_oesao
791327,933,a25_29,m,ao_sao_ei
121798,933,a50_54,f,ao_esao_Chinese
734098,933,a70_74,m,ao_esao_Chinese
615252,933,a0_4,m,onao_Canadian
192660,933,a0_4,m,ao_esao_Chinese
243872,933,a30_34,f,onao_Canadian
14217,933,a50_54,f,ao_esao_Chinese
915459,933,a60_64,f,lcsao
355580,933,a30_34,m,eo_bio_English
871686,933,a60_64,f,ao_esao_Chinese
908094,933,a25_29,f,ao_esao_Chinese
204550,933,a45_49,f,ao_sao_ei
496683,933,a70_74,f,ao_esao_Chinese
321585,933,a20_24,f,ao_wcameo
213300,933,a55_59,f,onao_Canadian
863787,933,a20_24,m,ao_esao_Chinese
576113,933,a45_49,m,ao_wcameo
287178,933,a75_79,f,onao_Canadian
188756,933,a40_44,f,ao_sao_ei
64270,933,a45_49,f,onao_Canadian
781490,933,a55_59,f,ao_esao_Chinese
442211,933,a50_54,f,ao_sao_ei
517896,933,a55_59,f,ao_wcameo
657215,933,a75_79,f,eo_weo_Dutch
928937,933,a50_54,f,ao_sao_ei
380432,933,a65_69,m,ao_esao_Chinese
872854,933,a35_39,m,ao_esao_Chinese
93888,933,a40_44,m,ao_sao_ei
303477,933,a40_44,f,eo_seo_Italian
105201,933,a25_29,m,ao_esao_Chinese
239817,933,a20_24,m,ao_sao_ei
815780,933,a50_54,f,ao_esao_Chinese
643215,933,a60_64,f,eo_eeo_Ukrainian
429774,933,a0_4,f,onao_Canadian
323390,933,a30_34,f,ao_sao_ei
162256,933,a55_59,f,eo_bio_English
877591,933,a70_74,m,eo_bio_Scottish
500458,933,a25_29,f,ao_esao_Filipino
299684,933,a45_49,m,ao_esao_Chinese
916825,933,a30_34,f,ao
733648,933,a80_84,m,eo_bio_English
23763,933,a65_69,m,ao
527298,933,a20_24,f,ao_esao_Chinese
890722,933,a50_54,m,ao_sao_ei
93986,933,a50_54,f,eo_bio_English
44362,933,a20_24,f,ao_oesao
320164,933,a45_49,f,ao_esao_Filipino
616868,933,a55_59,m,ao_esao_Chinese
622651,933,a50_54,m,eo_fo
914053,933,a25_29,m,ao_esao_Chinese
474932,933,a70_74,f,ao_esao_Chinese
554466,933,a25_29,f,eo_weo_Dutch
96464,933,a10_14,f,ao_esao_Chinese
316708,933,a40_44,m,ao_sao_ei
504943,933,a75_79,f,ao_esao_Filipino
448588,933,a80_84,m,eo_bio_English
448810,933,a60_64,m,ao_esao_Chinese
922622,933,a45_49,f,ao_esao_Chinese
218998,933,a65_69,m,onao_Canadian
172290,933,a40_44,m,ao_sao_ei
857394,933,a10_14,m,ao_esao_Filipino
858779,933,a65_69,m,ao_sao_ei
668802,933,a0_4,m,ao_sao_ei
501638,933,a40_44,m,eo_bio_Scottish
183906,933,a70_74,m,ao_sao_ei
505692,933,a30_34,f,ao_oesao
875368,933,a0_4,m,ao_esao_Chinese
800262,933,a55_59,m,ao_sao_ei
274632,933,a55_59,m,ao_esao_Chinese
307927,933,a60_64,m,ao_sao_ei
91977,933,a35_39,f,ao_sao_ei
900,933,a45_49,m,lcsao
421254,933,a20_24,f,ao_esao_Chinese
647707,933,a20_24,f,ao_esao_Chinese
13061,933,a30_34,f,eo_eeo_Russian
647304,933,a50_54,f,eo_weo_German
783353,933,a50_54,m,eo_seo_Portuguese
97891,933,a30_34,f,eo_seo_Italian
300131,933,a5_9,f,ao_sao_ei
40885,933,a15_19,f,ao_esao_Chinese
99545,933,a5_9,f,ao_sao_ei
866554,933,a45_49,f,ao_esao_Chinese
476598,933,a60_64,f,ao_esao_Chinese
662660,933,a60_64,f,ao_esao_Chinese
538365,933,a65_69,f,ao_esao_Chinese
298797,933,a50_54,f,ao_esao_Chinese
66915,933,a55_59,m,ao_wcameo
881860,933,a55_59,f,eo_eeo_Russian
899229,933,a45_49,f,eo_oeeo
875520,933,a45_49,m,ao_esao_Chinese
169445,933,a50_54,m,ao_wcameo
858725,933,a45_49,f,ao_esao_Chinese
338656,933,a65_69,m,ao_esao_Filipino
251325,933,a40_44,f,ao_esao_Chinese
411647,933,a30_34,f,eo_bio_English
588845,933,a45_49,m,ao_esao_Chinese
386579,933,a25_29,f,eo_bio_Irish
347589,933,a40_44,f,ao_sao_ei
752088,933,a45_49,f,ao_esao_Chinese
484123,933,a20_24,f,ao_sao_ei
910028,933,a65_69,m,ao_sao_ei
795551,933,a30_34,f,ao_oesao
80136,933,a55_59,f,eo_oeeo
783667,933,a45_49,f,ao_oesao
642994,933,a65_69,f,eo_bio_English
405216,933,a50_54,m,ao
631346,933,a55_59,m,ao_sao_ei
471133,933,a40_44,m,ao_wcameo
752703,933,a55_59,m,ao_esao_Chinese
117849,933,a70_74,f,ao_esao_Chinese
344236,933,a50_54,m,ao_esao_Chinese
723939,933,a65_69,f,eo_weo_German
767973,933,a45_49,f,eo_seo_Spanish
445115,933,a40_44,m,ao_oesao
450309,933,a25_29,m,ao_esao_Chinese
518518,933,a35_39,f,ao_oesao
44337,933,a65_69,f,eo_bio_English
812187,933,a20_24,f,ao_esao_Chinese
15420,933,a65_69,m,eo_seo_Portuguese
634494,933,a15_19,f,onao_Canadian
378230,933,a20_24,m,ao_oesao
422748,933,a85_,f,eo_bio_English
432359,933,a60_64,f,ao_sao_ei
242058,933,a40_44,f,ao_sao_ei
411597,933,a35_39,f,ao_esao_Chinese
541040,933,a75_79,f,eo_oeeo
375801,933,a35_39,f,ao_esao_Chinese
466125,933,a50_54,f,ao_wcameo
784565,933,a70_74,f,ao_esao_Chinese
342697,933,a50_54,f,naao
507247,933,a35_39,f,ao_sao_ei
440248,933,a80_84,f,ao_sao_ei
909110,933,a45_49,m,ao_wcameo
610961,933,a15_19,f,ao_esao_Filipino
39916,933,a15_19,f,ao_esao_Chinese
639058,933,a80_84,m,ao_esao_Chinese
365400,933,a5_9,m,ao_sao_ei
172902,933,a85_,f,eo_obio
45362,933,a60_64,m,eo_bio_Irish
279231,933,a45_49,f,ao_oesao
861743,933,a55_59,m,ao_sao_ei
681053,933,a10_14,f,oo
521626,933,a40_44,m,eo_oeo
483274,933,a75_79,f,eo_bio_English
900776,933,a75_79,m,ao_esao_Chinese
433730,933,a70_74,f,ao_sao_ei
174828,933,a60_64,f,ao_wcameo
410953,933,a40_44,f,ao_sao_ei
72725,933,a30_34,m,ao_wcameo
446705,933,a65_69,f,ao_oesao
16114,933,a60_64,f,eo_seo_Spanish
243722,933,a60_64,f,ao_esao_Chinese
922378,933,a45_49,m,eo_seo_Italian
731855,933,a0_4,f,naao
177790,933,a60_64,f,eo_fo
232941,933,a30_34,f,ao_sao_ei
525433,933,a40_44,f,ao_esao_Chinese
265650,933,a50_54,m,eo_bio_English
925025,933,a60_64,f,ao_oesao
576619,933,a50_54,m,eo_fo
757909,933,a35_39,f,ao_esao_Chinese
351144,933,a0_4,f,onao_Canadian
409282,933,a65_69,f,ao_oesao
850653,933,a25_29,m,eo_bio_English
124090,933,a65_69,f,eo_eeo_Russian
52033,933,a45_49,f,ao_oesao
145920,933,a25_29,f,ao_sao_ei
194905,933,a40_44,m,ao_esao_Chinese
385398,933,a60_64,f,ao_esao_Chinese
604530,933,a10_14,f,onao_Canadian
395118,933,a15_19,m,eo_seo_Spanish
175692,933,a15_19,m,onao_Canadian
235534,933,a25_29,m,ao_oesao
338500,933,a40_44,f,ao_esao_Chinese
73028,933,a5_9,m,ao_esao_Chinese
199824,933,a75_79,m,ao_wcameo
405343,933,a20_24,f,ao_esao_Chinese
265596,933,a60_64,m,eo_seo_Italian
124212,933,a80_84,f,ao_esao_Chinese
916182,933,a20_24,m,ao_esao_Chinese
881542,933,a10_14,f,ao_esao_Filipino
197893,933,a40_44,f,ao_sao_ei
173191,933,a15_19,m,eo_bio_English
403117,933,a35_39,f,ao_esao_Chinese
296628,933,a15_19,m,ao_esao_Chinese
119968,933,a60_64,m,ao_oesao
380096,933,a55_59,m,onao_Canadian
696646,933,a40_44,m,ao_wcameo
218703,933,a10_14,f,eo_bio_English
849983,933,a50_54,m,onao_Canadian
410625,933,a0_4,m,ao_sao_ei
353761,933,a40_44,m,ao_sao_ei
864539,933,a60_64,f,ao_sao_ei
683241,933,a50_54,m,ao_esao_Chinese
768461,933,a55_59,m,ao_esao_Chinese
29223,933,a60_64,f,ao_esao_Chinese
289938,933,a5_9,m,ao_sao_ei
216497,933,a25_29,f,ao_esao_Chinese
307767,933,a45_49,m,ao_esao_Chinese
2704,933,a35_39,f,ao_sao_ei
793013,933,a10_14,f,ao_sao_ei
422734,933,a40_44,m,eo_obio
378798,933,a30_34,m,ao_wcameo
631080,933,a55_59,f,ao_esao_Chinese
872333,933,a30_34,m,ao_sao_ei
572422,933,a20_24,f,ao_sao_ei
254374,933,a30_34,m,ao_esao_Chinese
456999,933,a30_34,f,eo_seo_Spanish
515559,933,a30_34,m,ao_esao_Filipino
667833,933,a80_84,f,eo_weo_Dutch
242736,933,a5_9,m,ao_esao_Filipino
570740,933,a15_19,m,ao_esao_Chinese
497193,933,a70_74,m,eo_eeo_Polish
311300,933,a25_29,m,ao_sao_ei
437227,933,a30_34,m,ao_sao_ei
572775,933,a50_54,m,ao_esao_Chinese
828371,933,a20_24,f,ao_esao_Chinese
479413,933,a40_44,m,eo_oseo
330781,933,a70_74,f,eo_bio_English
676514,933,a30_34,f,lcsao
726119,933,a65_69,m,ao_esao_Chinese
161495,933,a80_84,f,eo_weo_Dutch
636745,933,a70_74,f,ao_oesao
92382,933,a60_64,f,eo_seo_Italian
311114,933,a65_69,f,eo_seo_Greek
358729,933,a30_34,f,ao_sao_ei
554198,933,a45_49,f,eo_weo_German
87273,933,a65_69,m,ao_esao_Chinese
78547,933,a30_34,f,ao_sao_ei
420749,933,a25_29,m,ao_sao_ei
865923,933,a65_69,m,ao_esao_Chinese
539063,933,a30_34,m,lcsao
899328,933,a10_14,f,naao
604321,933,a10_14,m,ao_esao_Chinese
282380,933,a35_39,m,eo_weo_Dutch
747458,933,a15_19,f,ao_sao_ei
117024,933,a55_59,f,eo_weo_German
142469,933,a40_44,f,ao_osao
265366,933,a10_14,m,eo_seo_Portuguese
598205,933,a10_14,m,eo_eeo_Russian
790190,933,a20_24,m,ao_sao_ei
380989,933,a30_34,f,ao_esao_Filipino
809235,933,a35_39,m,ao_esao_Chinese
477000,933,a35_39,m,eo_seo_Spanish
487529,933,a20_24,f,ao_esao_Chinese
212215,933,a20_24,m,onao_Canadian
47727,933,a35_39,m,ao_esao_Chinese
819962,933,a35_39,m,ao_sao_ei
14023,933,a40_44,m,ao_esao_Chinese
181233,933,a20_24,f,ao_esao_Chinese
370269,933,a70_74,m,eo_fo
610666,933,a20_24,f,eo_bio_Scottish
805990,933,a65_69,m,ao_sao_ei
527746,933,a35_39,m,ao_esao_Filipino
450723,933,a30_34,m,eo_eeo_Polish
115049,933,a30_34,f,ao_sao_ei
383326,933,a45_49,m,ao_oesao
766826,933,a20_24,m,ao_esao_Chinese
663378,933,a40_44,m,eo_bio_Scottish
348373,933,a70_74,m,ao_sao_ei
110930,933,a50_54,f,ao_esao_Chinese
657308,933,a30_34,f,onao_Canadian
611349,933,a40_44,f,ao_esao_Chinese
671127,933,a5_9,f,ao
699249,933,a55_59,m,eo_weo_German
414468,933,a55_59,f,onao_Canadian
172548,933,a65_69,f,ao_sao_ei
167008,933,a30_34,f,ao_esao_Filipino
116862,933,a50_54,m,eo_seo_Italian
245176,933,a40_44,m,ao_oesao
480572,933,a40_44,f,eo_bio_English
863565,933,a20_24,f,ao_esao_Chinese
838203,933,a50_54,m,onao_Canadian
625894,933,a70_74,m,eo_bio_English
234434,933,a65_69,m,ao_esao_Chinese
57315,933,a60_64,m,ao_esao_Chinese
34299,933,a85_,m,eo_weo_Dutch
114578,933,a35_39,f,ao_wcameo
757707,933,a25_29,f,ao_oesao
710046,933,a60_64,m,eo_fo
159924,933,a55_59,m,eo_neo
532219,933,a70_74,m,ao_esao_Filipino
864073,933,a70_74,f,ao_sao_ei
739023,933,a20_24,m,ao_wcameo
299527,933,a10_14,m,ao_esao_Chinese
146365,933,a50_54,m,eo_oeeo
73028,933,a5_9,m,ao_esao_Chinese
370627,933,a5_9,f,ao
674388,933,a0_4,m,ao_oesao
272310,933,a40_44,f,ao_esao_Chinese
907930,933,a40_44,m,ao_esao_Chinese
659511,933,a25_29,f,onao_Canadian
771781,933,a30_34,f,eo_seo_Spanish
42679,933,a20_24,m,onao_Canadian
318497,933,a5_9,m,ao_sao_ei
372495,933,a0_4,f,ao_oesao
174882,933,a20_24,f,ao_esao_Chinese
450897,933,a0_4,m,ao_esao_Filipino
203167,933,a25_29,f,ao_sao_ei
776532,933,a10_14,f,ao_wcameo
735451,933,a65_69,f,ao_esao_Filipino
898962,933,a20_24,m,ao_sao_ei
655027,933,a20_24,m,ao_esao_Chinese
465469,933,a40_44,f,ao_esao_Chinese
536500,933,a35_39,m,eo_seo_Greek
430146,933,a70_74,f,ao_sao_ei
823292,933,a20_24,f,ao_sao_ei
170897,933,a60_64,m,onao_Canadian
670767,933,a30_34,m,ao_esao_Chinese
822457,933,a30_34,m,ao_sao_ei
818557,933,a40_44,f,ao_esao_Filipino
817228,933,a25_29,f,ao_esao_Chinese
375555,933,a80_84,f,ao_esao_Chinese
754765,933,a50_54,m,ao_esao_Chinese
705026,933,a35_39,f,eo_oeo
871859,933,a30_34,m,ao_wcameo
721253,933,a25_29,f,ao_esao_Chinese
453584,933,a5_9,f,onao_Canadian
292266,933,a50_54,m,ao_wcameo
518715,933,a40_44,f,onao_Canadian
368241,933,a0_4,m,ao_sao_ei
634233,933,a40_44,f,ao_sao_ei
728739,933,a35_39,m,ao_sao_ei
654392,933,a15_19,m,ao_esao_Chinese
332967,933,a60_64,f,onao_Canadian
332,933,a50_54,m,ao_sao_ei
538551,933,a40_44,m,ao_sao_ei
406388,933,a60_64,f,ao_esao_Chinese
823066,933,a35_39,m,ao_esao_Chinese
549780,933,a0_4,m,eo_seo_Italian
6376,933,a10_14,f,eo_bio_English
146798,933,a15_19,f,ao_esao_Chinese
523923,933,a0_4,m,ao_oesao
87691,933,a25_29,f,ao_sao_ei
202644,933,a55_59,f,ao_esao_Filipino
782528,933,a0_4,f,ao_oesao
180794,933,a65_69,f,eo_weo_Dutch
484740,933,a20_24,m,ao_esao_Chinese
87568,933,a80_84,f,onao_Canadian
882964,933,a50_54,f,ao_esao_Chinese
244560,933,a10_14,f,eo_oeo
819916,933,a60_64,m,ao_oesao
135534,933,a15_19,m,ao_esao_Chinese
730042,933,a50_54,f,ao_sao_ei
579646,933,a45_49,f,ao_wcameo
674722,933,a45_49,f,ao_esao_Chinese
144529,933,a40_44,m,lcsao
590528,933,a20_24,f,eo_eeo_Polish
642998,933,a35_39,f,ao_oesao
317654,933,a50_54,f,ao_esao_Chinese
118180,933,a80_84,f,eo_seo_Italian
265117,933,a65_69,m,ao_oesao
834851,933,a55_59,f,eo_bio_English
821901,933,a45_49,f,ao_esao_Chinese
901354,933,a50_54,m,eo_fo
599751,933,a25_29,f,ao_esao_Chinese
922622,933,a45_49,f,ao_esao_Chinese
89550,933,a65_69,f,ao_sao_ei
226680,933,a15_19,m,ao_sao_ei
100638,933,a65_69,f,ao_sao_ei
458335,933,a15_19,m,ao_esao_Chinese
636873,933,a45_49,f,eo_bio_Irish
571819,933,a40_44,f,eo_bio_English
509770,933,a55_59,m,ao_oesao
190630,933,a0_4,m,ao_osao
616083,933,a25_29,f,ao_wcameo
162362,933,a15_19,m,ao_esao_Chinese
239448,933,a45_49,m,onao_Canadian
407461,933,a5_9,m,onao_Canadian
672947,933,a35_39,m,onao_Canadian
464974,933,a80_84,m,ao_oesao
149519,933,a20_24,f,ao_sao_ei
249494,933,a50_54,m,eo_bio_English
172676,933,a50_54,m,eo_bio_Irish
381301,933,a50_54,m,lcsao
728016,933,a15_19,m,onao_Canadian
726420,933,a50_54,f,onao_Canadian
596210,933,a70_74,m,ao_oesao
788850,933,a35_39,f,ao_sao_ei
748513,933,a30_34,m,ao_sao_ei
619366,933,a65_69,f,eo_oseo
500255,933,a65_69,m,ao_esao_Chinese
763588,933,a40_44,m,ao_esao_Chinese
760047,933,a60_64,f,eo_eeo_Ukrainian
346071,933,a55_59,m,ao_esao_Chinese
905917,933,a20_24,f,ao_esao_Chinese
773102,933,a45_49,f,ao_esao_Chinese
391556,933,a55_59,m,ao_esao_Chinese
624275,933,a65_69,m,eo_seo_Italian
358163,933,a35_39,m,ao_wcameo
681327,933,a20_24,f,eo_eeo_Polish
566602,933,a50_54,m,ao_esao_Chinese
93905,933,a85_,f,eo_seo_Italian
120952,933,a20_24,f,ao_esao_Chinese
852095,933,a40_44,f,ao_esao_Chinese
306651,933,a20_24,m,lcsao
555696,933,a25_29,m,ao_wcameo
99389,933,a15_19,m,ao_esao_Chinese
273939,933,a10_14,f,ao_sao_ei
409953,933,a50_54,f,ao_oesao
872725,933,a10_14,m,ao_esao_Chinese
764976,933,a25_29,m,ao_esao_Chinese
477085,933,a15_19,f,ao_sao_ei
401552,933,a0_4,m,ao_sao_ei
756648,933,a30_34,m,ao_sao_ei
799098,933,a10_14,f,ao_esao_Filipino
244008,933,a45_49,m,ao_esao_Filipino
515492,933,a40_44,f,ao_esao_Chinese
797222,933,a60_64,m,eo_bio_English
261650,933,a20_24,m,ao_sao_ei
288509,933,a55_59,f,eo_bio_Scottish
929049,933,a25_29,f,ao_sao_ei
826699,933,a25_29,f,ao_oesao
299360,933,a65_69,m,ao_sao_ei
808756,933,a30_34,f,ao_esao_Chinese
575037,933,a55_59,m,eo_bio_English
388537,933,a75_79,f,eo_eeo_Russian
646290,933,a30_34,f,ao_esao_Chinese
850202,933,a60_64,m,ao_oesao
249578,933,a45_49,f,eo_oseo
71467,933,a30_34,f,eo_bio_Irish
63177,933,a30_34,f,ao_esao_Chinese
353994,933,a45_49,f,ao_esao_Chinese
455432,933,a25_29,m,onao_Canadian
806925,933,a30_34,f,ao_wcameo
151013,933,a60_64,f,ao_oesao
111770,933,a15_19,m,naao
393697,933,a60_64,f,ao_sao_ei
818108,933,a15_19,m,ao_oesao
919773,933,a45_49,f,ao_sao_ei
547070,933,a20_24,f,ao_esao_Chinese
647318,933,a45_49,m,ao_sao_ei
364685,933,a45_49,m,eo_eeo_Ukrainian
543978,933,a60_64,f,ao_sao_ei
690132,933,a55_59,f,ao_esao_Chinese
620892,933,a60_64,f,ao_sao_ei
595847,933,a35_39,m,onao_Canadian
705020,933,a35_39,f,ao_esao_Filipino
346260,933,a75_79,m,eo_oeeo
689212,933,a50_54,m,ao
880260,933,a60_64,f,eo_seo_Italian
291611,933,a60_64,m,eo_bio_English
230011,933,a15_19,f,ao_oesao
13088,933,a30_34,m,eo_bio_Irish
244122,933,a45_49,f,ao_oesao
246604,933,a15_19,f,ao_esao_Chinese
859049,933,a15_19,f,eo_weo_German
40885,933,a15_19,f,ao_esao_Chinese
184917,933,a0_4,f,ao_esao_Chinese
930395,933,a70_74,f,eo_weo_German
477686,933,a25_29,m,ao_esao_Chinese
701906,933,a75_79,m,ao_esao_Chinese
286290,933,a55_59,m,eo_fo
602989,933,a5_9,f,ao_esao_Filipino
407080,933,a40_44,m,eo_bio_English
795727,933,a30_34,f,ao_esao_Chinese
394399,933,a80_84,m,eo_bio_English
601589,933,a30_34,m,eo_weo_German
546924,933,a40_44,m,eo_seo_Spanish
518530,933,a55_59,m,eo_bio_English
462299,933,a55_59,f,ao_esao_Chinese
332967,933,a60_64,f,onao_Canadian
393688,933,a35_39,f,eo_oeeo
197001,933,a55_59,f,ao_esao_Chinese
450897,933,a0_4,m,ao_esao_Filipino
338297,933,a30_34,f,ao_sao_ei
650565,933,a5_9,f,ao_esao_Chinese
288934,933,a25_29,f,ao_esao_Chinese
671783,933,a50_54,f,ao_oesao
708492,933,a20_24,f,ao_esao_Chinese
521547,933,a60_64,m,ao_sao_ei
474851,933,a25_29,f,onao_Canadian
599109,933,a55_59,m,ao_wcameo
412358,933,a25_29,m,ao_sao_ei
777640,933,a20_24,f,ao_oesao
555797,933,a5_9,f,ao_oesao
124193,933,a40_44,f,ao_esao_Chinese
905784,933,a20_24,m,ao_sao_ei
843052,933,a65_69,f,eo_bio_Irish
544386,933,a25_29,m,ao_sao_ei
684019,933,a80_84,m,eo_bio_English
550132,933,a65_69,m,eo_bio_English
617010,933,a35_39,f,ao_esao_Filipino
502084,933,a25_29,f,ao_oesao
569215,933,a30_34,m,ao_esao_Chinese
920676,933,a15_19,f,ao_esao_Chinese
137833,933,a25_29,m,ao_esao_Chinese
66610,933,a5_9,f,ao_esao_Chinese
882729,933,a20_24,m,ao_sao_ei
272527,933,a15_19,f,onao_Canadian
284732,933,a25_29,m,ao_sao_ei
24294,933,a5_9,m,ao_esao_Chinese
615270,933,a75_79,m,eo_eeo_Ukrainian
67083,933,a55_59,f,ao_sao_ei
786844,933,a0_4,f,ao_esao_Chinese
194298,933,a55_59,m,eo_bio_English
869323,933,a40_44,m,eo_seo_Italian
909110,933,a45_49,m,ao_wcameo
538169,933,a20_24,m,ao_wcameo
352648,933,a35_39,f,ao_sao_ei
363060,933,a45_49,m,ao_sao_ei
95304,933,a15_19,m,ao_oesao
3207,933,a30_34,m,ao_oesao
196425,933,a65_69,f,eo_bio_English
184393,933,a0_4,m,ao_sao_ei
314860,933,a25_29,m,eo_weo_Dutch
646393,933,a60_64,f,ao_sao_ei
817247,933,a60_64,m,ao_esao_Filipino
77971,933,a50_54,m,ao_esao_Chinese
904808,933,a15_19,f,eo_bio_English
520019,933,a50_54,f,eo_seo_Greek
626432,933,a45_49,f,lcsao
568747,933,a45_49,m,eo_obio
29139,933,a20_24,f,ao_sao_ei
463505,933,a60_64,m,onao_Canadian
71845,933,a20_24,f,ao_wcameo
168242,933,a65_69,m,ao_esao_Chinese
700148,933,a40_44,f,ao_esao_Chinese
374138,933,a40_44,m,ao_sao_ei
676132,933,a30_34,m,oo
239992,933,a25_29,f,eo_bio_Scottish
617991,933,a15_19,f,ao_wcameo
99975,933,a20_24,f,naao
713186,933,a40_44,m,ao_oesao
492668,933,a55_59,m,ao_oesao
122054,933,a35_39,f,onao_Canadian
356454,933,a35_39,m,ao_esao_Chinese
502454,933,a55_59,m,eo_bio_English
538763,933,a55_59,m,ao_esao_Chinese
695692,933,a50_54,m,eo_eeo_Ukrainian
68712,933,a35_39,f,ao_esao_Chinese
465116,933,a55_59,f,ao_sao_ei
819754,933,a85_,f,eo_bio_English
579644,933,a20_24,f,ao_sao_ei
865028,933,a40_44,m,ao_esao_Chinese
687198,933,a60_64,m,onao_Canadian
92948,933,a5_9,f,ao_sao_ei
594197,933,a50_54,f,eo_weo_Dutch
72609,933,a80_84,m,ao_esao_Chinese
817456,933,a15_19,m,eo_weo_German
704305,933,a5_9,m,onao
186710,933,a20_24,f,ao_esao_Chinese
518258,933,a55_59,f,ao_esao_Chinese
164203,933,a20_24,m,ao_esao_Filipino
752431,933,a5_9,m,oo
444078,933,a35_39,m,eo_eeo_Russian
888483,933,a60_64,f,ao_sao_ei
479044,933,a80_84,f,onao
175126,933,a65_69,f,ao_esao_Chinese
881234,933,a65_69,m,eo_bio_Irish
410777,933,a70_74,f,ao_esao_Filipino
74095,933,a5_9,f,ao_oesao
573334,933,a25_29,m,eo_eeo_Polish
52848,933,a25_29,m,ao_esao_Chinese
348586,933,a40_44,f,eo_bio_Irish
916626,933,a60_64,f,eo_eeo_Polish
795229,933,a15_19,f,ao_esao_Chinese
213176,933,a50_54,m,ao_esao_Chinese
225382,933,a30_34,f,onao_Canadian
897913,933,a35_39,m,eo_oseo
185402,933,a10_14,m,ao_sao_ei
126738,933,a35_39,f,ao_esao_Chinese
106435,933,a15_19,f,ao_esao_Chinese
341354,933,a60_64,m,eo_bio_English
308944,933,a55_59,f,ao_esao_Chinese
137736,933,a30_34,f,ao_oesao
296384,933,a20_24,m,ao_oesao
233306,933,a45_49,f,ao_esao_Chinese
642865,933,a45_49,m,ao_esao_Chinese
434169,933,a25_29,f,eo_bio_English
181299,933,a70_74,m,eo_bio_English
630464,933,a20_24,m,ao_sao_ei
169234,933,a40_44,m,ao_oesao
771292,933,a60_64,m,ao_esao_Chinese
830827,933,a10_14,f,ao_esao_Chinese
148415,933,a65_69,f,ao_esao_Chinese
902973,933,a40_44,f,ao_wcameo
56651,933,a40_44,m,eo_bio_English
737429,933,a25_29,m,eo_bio_English
423165,933,a10_14,m,ao_esao_Chinese
885829,933,a50_54,m,eo_bio_Scottish
431831,933,a20_24,f,ao_sao_ei
197408,933,a65_69,m,eo_bio_English
176919,933,a40_44,m,onao_Canadian
102055,933,a20_24,f,ao_esao_Chinese
90327,933,a45_49,m,ao_osao
619614,933,a20_24,f,onao_Canadian
97161,933,a45_49,f,ao_oesao
323773,933,a60_64,f,ao_sao_ei
289559,933,a55_59,f,ao_sao_ei
922913,933,a55_59,m,ao_esao_Chinese
642090,933,a30_34,m,eo_bio_English
282000,933,a65_69,m,eo_bio_Scottish
138344,933,a45_49,m,onao_Canadian
67094,933,a30_34,m,ao_wcameo
24185,933,a55_59,m,eo_oweo
91910,933,a55_59,m,ao_esao_Chinese
680347,933,a15_19,m,onao_Canadian
3772,933,a50_54,m,ao_esao_Chinese
772509,933,a20_24,f,eo_eeo_Ukrainian
183646,933,a35_39,m,ao_esao_Chinese
450694,933,a65_69,f,eo_bio_Irish
402296,933,a45_49,f,ao_oesao
816366,933,a40_44,m,ao_oesao
333706,933,a65_69,m,ao_esao_Chinese
492646,933,a10_14,f,eo_bio_English
163553,933,a45_49,m,eo_bio_English
318450,933,a30_34,m,onao_Canadian
553726,933,a80_84,f,eo_eeo_Ukrainian
697618,933,a35_39,f,ao_esao_Chinese
669494,933,a70_74,f,ao_oesao
865988,933,a40_44,f,ao_sao_ei
55011,933,a25_29,m,ao_sao_ei
575305,933,a25_29,m,naao
141722,933,a40_44,f,ao_esao_Chinese
272739,933,a40_44,f,ao_esao_Chinese
496923,933,a40_44,f,ao_esao_Chinese
103241,933,a80_84,m,ao_sao_ei
273520,933,a25_29,m,ao_esao_Chinese
266238,933,a25_29,f,ao_esao_Chinese
110537,933,a15_19,m,onao_Canadian
4809,933,a55_59,f,ao_esao_Chinese
529441,933,a15_19,f,ao_oesao
829284,933,a40_44,f,ao_sao_ei
731556,933,a45_49,m,ao_esao_Chinese
326283,933,a0_4,m,ao_esao_Chinese
454285,933,a65_69,m,eo_bio_English
883595,933,a10_14,f,ao_osao
767894,933,a80_84,f,onao_Canadian
515226,933,a20_24,f,onao_Canadian
436759,933,a35_39,m,ao_esao_Chinese
905870,933,a15_19,f,ao_esao_Chinese
856119,933,a55_59,m,onao_Canadian
37674,933,a35_39,f,ao_esao_Chinese
540705,933,a45_49,f,ao_esao_Chinese
283705,933,a70_74,m,ao_sao_ei
495559,933,a30_34,m,ao_sao_ei
326478,933,a85_,f,eo_bio_Irish
610057,933,a50_54,f,ao_esao_Chinese
714713,933,a65_69,f,eo_seo_Portuguese
572389,933,a45_49,m,eo_obio
273369,933,a45_49,f,ao_esao_Chinese
138953,933,a45_49,f,eo_weo_German
744636,933,a20_24,f,ao_sao_ei
563587,933,a70_74,f,eo_obio
508420,933,a55_59,f,eo_bio_Irish
434649,933,a55_59,m,onao_Canadian
318749,933,a30_34,m,ao_esao_Filipino
732114,933,a15_19,f,onao_Canadian
765490,933,a75_79,f,ao_wcameo
440114,933,a60_64,m,ao_wcameo
709464,933,a50_54,m,eo_bio_English
764675,933,a30_34,f,ao_esao_Chinese
713511,933,a25_29,m,naao
692369,933,a30_34,m,ao_sao_ei
29178,933,a80_84,m,ao_esao_Chinese
97920,933,a50_54,m,ao_sao_ei
898667,933,a60_64,f,ao_sao_ei
471371,933,a85_,m,eo_bio_English
301619,933,a40_44,m,ao_wcameo
106315,933,a65_69,f,ao_oesao
176335,933,a35_39,m,eo_weo_Dutch
614227,933,a25_29,f,ao_esao_Chinese
134223,933,a30_34,f,ao_esao_Chinese
29367,933,a25_29,m,ao_sao_ei
259003,933,a0_4,f,ao_esao_Filipino
44411,933,a30_34,m,ao_sao_ei
662651,933,a65_69,m,ao_sao_ei
13918,933,a40_44,f,ao_esao_Chinese
682900,933,a20_24,f,ao_esao_Chinese
666918,933,a65_69,f,ao_sao_ei
303308,933,a65_69,m,eo_bio_Scottish
44024,933,a35_39,m,onao_Canadian
201812,933,a15_19,m,ao_esao_Chinese
870407,933,a35_39,m,onao_Canadian
894607,933,a35_39,m,eo_bio_English
555106,933,a30_34,m,ao_oesao
720124,933,a45_49,f,ao_sao_ei
285415,933,a40_44,f,ao_esao_Chinese
305098,933,a70_74,f,ao_esao_Chinese
318711,933,a25_29,f,ao_esao_Chinese
519981,933,a65_69,m,ao_esao_Chinese
839972,933,a75_79,m,eo_bio_Scottish
843282,933,a30_34,f,ao_esao_Chinese
461604,933,a40_44,f,ao_oesao
814832,933,a70_74,f,eo_bio_English
6229,933,a30_34,m,ao_esao_Chinese
845701,933,a55_59,f,ao_oesao
13366,933,a70_74,f,eo_bio_Irish
925377,933,a5_9,f,ao_esao_Filipino
330751,933,a65_69,f,ao_sao_ei
452920,933,a5_9,f,onao_Canadian
523343,933,a65_69,f,eo_eeo_Hungarian
759441,933,a40_44,f,eo_bio_Scottish
721408,933,a25_29,m,eo_neo
705641,933,a50_54,m,eo_oeeo
406866,933,a10_14,f,ao_osao
792944,933,a25_29,m,ao_sao_ei
874148,933,a15_19,m,ao_wcameo
660474,933,a55_59,m,ao_esao_Chinese
461470,933,a20_24,f,ao_sao_ei
560226,933,a5_9,m,ao_osao
123604,933,a30_34,m,ao_esao_Chinese
375855,933,a80_84,f,ao_esao_Chinese
252556,933,a30_34,m,ao_esao_Filipino
6190,933,a0_4,m,ao_wcameo
476708,933,a0_4,m,ao_esao_Chinese
652974,933,a60_64,f,ao_esao_Chinese
635652,933,a15_19,f,ao_osao
640301,933,a50_54,f,ao_esao_Filipino
73867,933,a35_39,f,eo_oeo
861877,933,a80_84,f,eo_seo_Italian
300656,933,a40_44,m,ao_oesao
207467,933,a30_34,m,ao_oesao
197116,933,a20_24,m,ao_esao_Filipino
93002,933,a55_59,m,ao_wcameo
34012,933,a20_24,f,ao_esao_Chinese
461971,933,a15_19,f,ao_esao_Chinese
325743,933,a15_19,f,ao_oesao
819568,933,a15_19,m,ao_esao_Chinese
214746,933,a40_44,f,eo_weo_German
905600,933,a15_19,f,ao_sao_ei
239007,933,a30_34,m,eo_fo
553566,933,a85_,f,eo_neo
30207,933,a5_9,m,ao_sao_ei
369564,933,a65_69,m,ao_esao_Chinese
650180,933,a65_69,f,ao_sao_ei
847121,933,a35_39,f,eo_oseo
201794,933,a30_34,f,eo_oeeo
132412,933,a50_54,m,ao_esao_Chinese
839972,933,a75_79,m,eo_bio_Scottish
426583,933,a70_74,f,ao_sao_ei
577494,933,a45_49,f,onao_Canadian
685622,933,a20_24,f,ao_esao_Filipino
637462,933,a35_39,m,ao_sao_ei
467466,933,a65_69,f,ao_sao_ei
834198,933,a25_29,f,ao_esao_Chinese
110988,933,a70_74,m,eo_bio_English
905348,933,a15_19,f,ao_esao_Chinese
829150,933,a40_44,f,onao_Canadian
511358,933,a35_39,f,ao_esao_Chinese
826999,933,a50_54,f,eo_weo_Dutch
242047,933,a50_54,f,ao_esao_Chinese
133579,933,a50_54,m,ao_esao_Chinese
833557,933,a25_29,m,lcsao
129604,933,a50_54,f,ao_esao_Filipino
889210,933,a30_34,f,ao_wcameo
899831,933,a30_34,f,ao_sao_ei
713962,933,a25_29,f,ao_esao_Chinese
114781,933,a70_74,m,eo_weo_Dutch
170931,933,a40_44,f,ao_esao_Chinese
659248,933,a70_74,f,eo_seo_Greek
7137,933,a55_59,f,eo_bio_English
252862,933,a30_34,m,ao_sao_ei
691291,933,a35_39,f,ao_oesao
101995,933,a70_74,m,eo_bio_Scottish
751228,933,a15_19,f,eo_seo_Italian
722333,933,a40_44,f,ao_esao_Chinese
122448,933,a30_34,f,ao_osao
432815,933,a30_34,m,onao_Canadian
85736,933,a45_49,f,ao_esao_Filipino
329280,933,a80_84,m,ao_sao_ei
592826,933,a45_49,f,ao_oesao
652608,933,a20_24,m,ao_sao_ei
173793,933,a5_9,f,ao_sao_ei
765579,933,a50_54,m,ao_oesao
386777,933,a35_39,m,ao_osao
357026,933,a80_84,m,ao_sao_ei
485971,933,a35_39,m,ao_osao
790786,933,a40_44,f,ao_esao_Chinese
649770,933,a40_44,f,ao_sao_ei
363097,933,a20_24,m,ao_oesao
307793,933,a10_14,m,eo_obio
571606,933,a35_39,f,eo_seo_Greek
20960,933,a25_29,m,eo_seo_Italian
584620,933,a70_74,f,eo_bio_English
464020,933,a50_54,m,ao_esao_Chinese
204703,933,a35_39,f,ao_sao_ei
4458,933,a60_64,f,ao_esao_Chinese
43775,933,a40_44,m,eo_oeeo
107411,933,a25_29,f,ao_sao_ei
785604,933,a50_54,m,ao_sao_ei
260273,933,a5_9,m,eo_bio_English
699463,933,a45_49,f,ao_sao_ei
611777,933,a70_74,f,ao_esao_Chinese
123171,933,a45_49,f,eo_bio_English
862587,933,a65_69,m,ao_esao_Chinese
106360,933,a55_59,f,ao_sao_ei
618384,933,a25_29,f,eo_bio_Irish
842006,933,a55_59,f,eo_bio_English
820600,933,a25_29,f,ao_sao_ei
302983,933,a65_69,m,ao_esao_Chinese
543431,933,a85_,m,ao_esao_Chinese
879452,933,a30_34,m,eo_fo
856260,933,a20_24,m,ao_esao_Chinese
746937,933,a15_19,f,ao_esao_Chinese
797638,933,a35_39,m,eo_obio
194802,933,a25_29,m,eo_seo_Portuguese
417466,933,a40_44,f,ao_esao_Chinese
803553,933,a45_49,f,ao_esao_Chinese
15070,933,a80_84,m,ao_wcameo
709477,933,a50_54,m,ao_esao_Chinese
225992,933,a20_24,m,ao_esao_Chinese
786534,933,a20_24,f,ao_esao_Chinese
376503,933,a50_54,m,ao_oesao
539204,933,a30_34,f,ao_sao_ei
742789,933,a65_69,m,eo_oeeo
533054,933,a45_49,f,eo_bio_Scottish
782712,933,a45_49,f,ao
432557,933,a75_79,f,ao_esao_Chinese
761433,933,a25_29,m,ao_esao_Chinese
129748,933,a0_4,m,ao_oesao
7193,933,a40_44,f,ao_sao_ei
156467,933,a45_49,f,ao_sao_ei
825261,933,a30_34,f,ao_sao_ei
17052,933,a10_14,m,ao_oesao
141580,933,a75_79,f,eo_bio_English
402418,933,a30_34,f,ao_oesao
257348,933,a10_14,m,ao_esao_Chinese
44859,933,a60_64,f,ao_sao_ei
449598,933,a55_59,m,ao_oesao
501852,933,a25_29,m,ao_wcameo
892491,933,a10_14,f,eo_weo_Dutch
389809,933,a20_24,m,ao_esao_Chinese
479413,933,a40_44,m,eo_oseo
749362,933,a35_39,m,ao_osao
156600,933,a50_54,m,eo_bio_Irish
116837,933,a30_34,m,eo_seo_Italian
388296,933,a30_34,m,eo_bio_English
648858,933,a20_24,m,onao_Canadian
456910,933,a20_24,f,ao_oesao
909894,933,a45_49,f,onao_Canadian
294014,933,a35_39,f,ao_sao_ei
64027,933,a55_59,f,eo_oseo
388183,933,a40_44,f,ao_sao_ei
55616,933,a35_39,f,ao_sao_ei
856543,933,a55_59,f,ao_oesao
562161,933,a5_9,m,ao_esao_Chinese
822895,933,a50_54,m,ao_oesao
804525,933,a30_34,f,ao_sao_ei
669976,933,a20_24,m,ao_esao_Chinese
620476,933,a30_34,f,lcsao
775268,933,a50_54,m,ao_esao_Chinese
734564,933,a30_34,m,ao_oesao
624726,933,a0_4,m,ao_osao
245900,933,a45_49,f,ao_esao_Chinese
576961,933,a35_39,f,ao_oesao
922077,933,a55_59,f,ao_esao_Chinese
833357,933,a10_14,f,eo_seo_Italian
20291,933,a10_14,m,onao_Canadian
624970,933,a80_84,m,ao_esao_Chinese
352779,933,a65_69,m,ao_esao_Chinese
61909,933,a55_59,f,eo_obio
376503,933,a50_54,m,ao_oesao
871904,933,a10_14,f,ao_sao_ei
766245,933,a65_69,m,onao_Canadian
417190,933,a55_59,m,ao_esao_Chinese
829496,933,a80_84,f,eo_eeo_Polish
506729,933,a65_69,f,ao_oesao
391556,933,a55_59,m,ao_esao_Chinese
324980,933,a25_29,f,onao_Canadian
437002,933,a40_44,f,ao_sao_ei
896408,933,a55_59,f,ao_esao_Chinese
109020,933,a15_19,f,ao
317414,933,a80_84,m,eo_bio_English
852519,933,a45_49,f,ao_wcameo
57600,933,a55_59,m,ao_esao_Chinese
181473,933,a20_24,f,ao_esao_Chinese
129366,933,a5_9,f,ao_esao_Chinese
372330,933,a60_64,f,ao_esao_Chinese
833640,933,a15_19,m,ao_esao_Chinese
429216,933,a45_49,m,ao_esao_Chinese
494090,933,a50_54,f,ao_esao_Chinese
90398,933,a40_44,f,ao_sao_ei
815034,933,a45_49,m,ao_esao_Filipino
189652,933,a45_49,f,eo_weo_German
528083,933,a45_49,m,eo_oseo
135095,933,a30_34,m,onao_Canadian
423989,933,a45_49,f,ao_esao_Chinese
518405,933,a25_29,m,ao_osao
191676,933,a50_54,m,eo_eeo_Ukrainian
545044,933,a35_39,f,ao_oesao
790937,933,a30_34,f,ao_osao
172040,933,a60_64,f,ao_esao_Chinese
746588,933,a15_19,m,ao_esao_Filipino
404448,933,a70_74,m,ao_esao_Chinese
618156,933,a5_9,f,ao_sao_ei
640074,933,a70_74,m,ao_esao_Chinese
727001,933,a25_29,f,eo_oseo
151056,933,a50_54,m,ao_esao_Chinese
904319,933,a70_74,f,eo_neo
278404,933,a10_14,f,eo_weo_Dutch
640234,933,a0_4,f,ao_sao_ei
282571,933,a45_49,f,ao_esao_Chinese
812336,933,a5_9,f,ao_esao_Chinese
616748,933,a30_34,m,ao_oesao
176847,933,a50_54,f,ao_esao_Filipino
579836,933,a45_49,m,eo_eeo_Russian
546807,933,a70_74,f,eo_bio_Scottish
602141,933,a50_54,f,eo_obio
922060,933,a50_54,m,ao_esao_Chinese
52039,933,a10_14,m,ao_esao_Chinese
597326,933,a40_44,f,ao_esao_Filipino
284624,933,a70_74,f,eo_weo_German
581063,933,a50_54,f,ao_oesao
18051,933,a55_59,m,eo_bio_English
880578,933,a65_69,m,ao_sao_ei
399544,933,a80_84,m,eo_neo
241825,933,a55_59,f,ao_esao_Chinese
227432,933,a15_19,f,ao_esao_Chinese
59669,933,a50_54,m,ao_esao_Chinese
794110,933,a40_44,f,ao_sao_ei
692073,933,a40_44,f,eo_weo_German
671133,933,a30_34,m,eo_eeo_Polish
890011,933,a70_74,f,ao_sao_ei
401545,933,a55_59,f,ao_sao_ei
610701,933,a35_39,m,ao_sao_ei
642972,933,a15_19,m,onao_Canadian
837676,933,a30_34,m,eo_eeo_Polish
289723,933,a55_59,f,ao_esao_Chinese
755224,933,a55_59,f,eo_fo
205251,933,a50_54,f,ao_esao_Chinese
773686,933,a30_34,m,eo_seo_Italian
255531,933,a10_14,f,ao_esao_Chinese
904883,933,a25_29,m,eo_seo_Italian
238881,933,a25_29,m,ao_oesao
831624,933,a35_39,f,onao_Canadian
216997,933,a70_74,m,ao_esao_Chinese
702181,933,a50_54,f,eo_obio
132062,933,a35_39,f,ao_esao_Filipino
766071,933,a25_29,m,ao_oesao
182806,933,a5_9,m,eo_bio_English
542047,933,a50_54,f,ao_sao_ei
66621,933,a55_59,m,ao_oesao
572910,933,a45_49,f,ao_esao_Chinese
444632,933,a20_24,m,onao_Canadian
360158,933,a80_84,f,ao_oesao
119855,933,a65_69,m,onao_Canadian
782579,933,a35_39,m,ao_sao_ei
605597,933,a50_54,m,ao_esao_Chinese
257102,933,a65_69,f,ao_esao_Filipino
760874,933,a65_69,m,eo_oseo
670010,933,a5_9,m,ao_esao_Chinese
408774,933,a20_24,m,ao_sao_ei
707502,933,a80_84,m,eo_bio_English
720584,933,a25_29,m,ao_sao_ei
582085,933,a0_4,f,ao_esao_Chinese
914669,933,a10_14,m,ao_oesao
697069,933,a45_49,f,ao_sao_ei
720345,933,a50_54,m,ao_esao_Chinese
656393,933,a15_19,m,ao
188786,933,a55_59,m,eo_neo
79737,933,a0_4,f,eo_weo_Dutch
262057,933,a0_4,f,eo_bio_English
820781,933,a0_4,f,lcsao
410408,933,a40_44,m,ao_sao_ei
803782,933,a30_34,m,eo_bio_Irish
221769,933,a20_24,f,ao_esao_Filipino
558234,933,a20_24,f,ao_esao_Chinese
708921,933,a30_34,m,eo_neo
133334,933,a75_79,f,ao_sao_ei
271627,933,a45_49,f,ao_esao_Filipino
366821,933,a30_34,f,ao_sao_ei
210590,933,a70_74,m,eo_bio_English
125149,933,a50_54,f,ao_esao_Chinese
674388,933,a0_4,m,ao_oesao
719523,933,a60_64,m,eo_eeo_Ukrainian
216185,933,a65_69,m,ao_esao_Chinese
138715,933,a35_39,f,ao_esao_Filipino
184597,933,a60_64,m,ao_esao_Chinese
679301,933,a80_84,m,eo_bio_Scottish
206291,933,a15_19,f,ao_esao_Filipino
311684,933,a25_29,f,ao_esao_Filipino
218409,933,a60_64,f,eo_bio_English
871448,933,a85_,f,eo_bio_English
651272,933,a55_59,f,ao_esao_Chinese
556633,933,a65_69,m,ao_esao_Chinese
484317,933,a25_29,m,ao_esao_Chinese
255242,933,a30_34,f,ao_sao_ei
708893,933,a50_54,f,ao_esao_Chinese
253455,933,a75_79,f,eo_neo
204434,933,a50_54,m,ao_esao_Chinese
180016,933,a75_79,f,ao_sao_ei
707128,933,a55_59,f,ao_esao_Chinese
564493,933,a15_19,f,ao
849694,933,a35_39,m,ao_oesao
12991,933,a55_59,m,ao_esao_Chinese
242427,933,a35_39,f,ao_esao_Filipino
104718,933,a25_29,m,ao_wcameo
655486,933,a20_24,f,ao_sao_ei
540705,933,a45_49,f,ao_esao_Chinese
57667,933,a55_59,f,ao_osao
209932,933,a70_74,m,ao_esao_Chinese
346355,933,a75_79,f,eo_obio
860552,933,a60_64,f,eo_weo_German
516206,933,a35_39,f,ao_esao_Chinese
410168,933,a75_79,f,ao_esao_Chinese
447518,933,a30_34,f,ao_sao_ei
135557,933,a15_19,m,ao_esao_Chinese
1842,933,a55_59,m,ao_sao_ei
326182,933,a50_54,m,eo_bio_Scottish
553092,933,a55_59,m,ao_esao_Filipino
309788,933,a35_39,m,ao_oesao
560733,933,a45_49,f,ao_esao_Chinese
231008,933,a60_64,f,lcsao
94588,933,a45_49,f,ao_esao_Chinese
630305,933,a35_39,m,ao_esao_Chinese
421844,933,a40_44,m,ao_esao_Chinese
73388,933,a50_54,f,eo_bio_English
509113,933,a20_24,m,ao_esao_Filipino
430332,933,a75_79,f,ao_sao_ei
66868,933,a20_24,m,ao_sao_ei
573167,933,a45_49,m,ao_wcameo
174734,933,a10_14,f,eo_eeo_Ukrainian
889961,933,a20_24,m,ao_wcameo
484080,933,a35_39,m,ao_oesao
257381,933,a35_39,f,ao_wcameo
249072,933,a35_39,f,lcsao
591189,933,a60_64,m,ao_esao_Chinese
289559,933,a55_59,f,ao_sao_ei
407523,933,a10_14,f,eo_bio_English
308243,933,a20_24,m,eo_oseo
270685,933,a20_24,f,ao_esao_Filipino
491915,933,a20_24,f,ao_oesao
48122,933,a40_44,f,ao
622146,933,a60_64,m,naao
440525,933,a80_84,f,eo_weo_German
250926,933,a35_39,f,naao
173789,933,a30_34,f,eo_bio_Irish
665228,933,a55_59,m,ao_oesao
287539,933,a30_34,f,ao_oesao
119893,933,a10_14,m,naao
246604,933,a15_19,f,ao_esao_Chinese
790142,933,a15_19,f,ao_esao_Chinese
238141,933,a10_14,f,ao
865873,933,a50_54,m,eo_weo_German
507068,933,a5_9,f,lcsao
746555,933,a65_69,m,ao_esao_Chinese
382129,933,a50_54,f,ao_esao_Chinese
338785,933,a30_34,f,ao_oesao
414998,933,a30_34,f,ao_oesao
228911,933,a60_64,f,eo_bio_English
784129,933,a60_64,f,eo_bio_Scottish
27236,933,a35_39,m,ao_esao_Chinese
563606,933,a50_54,f,ao_wcameo
755089,933,a65_69,m,ao_oesao
823932,933,a30_34,m,eo_bio_Irish
766136,933,a40_44,f,ao_oesao
478023,933,a85_,m,ao_oesao
790990,933,a10_14,m,ao_esao_Chinese
38016,933,a35_39,f,eo_eeo_Hungarian
104064,933,a45_49,f,ao_esao_Chinese
463343,933,a45_49,m,eo_weo_German
34657,933,a45_49,f,eo_bio_Irish
418299,933,a25_29,m,ao_wcameo
887929,933,a65_69,m,ao_esao_Chinese
559262,933,a45_49,f,ao_oesao
460925,933,a0_4,f,ao_esao_Filipino
406824,933,a50_54,f,ao_esao_Filipino
76962,933,a45_49,m,ao_sao_ei
638790,933,a70_74,m,ao_wcameo
615699,933,a55_59,f,ao_sao_ei
719923,933,a30_34,f,ao_wcameo
910666,933,a45_49,m,ao_sao_ei
167492,933,a55_59,m,ao_sao_ei
631039,933,a55_59,m,eo_bio_English
89239,933,a45_49,m,onao_Canadian
813737,933,a10_14,m,ao_oesao
133143,933,a15_19,f,ao_wcameo
154385,933,a65_69,f,ao_sao_ei
425072,933,a60_64,m,ao_esao_Chinese
256328,933,a35_39,m,eo_oeeo
118173,933,a60_64,m,eo_oseo
620534,933,a80_84,m,ao_esao_Chinese
540165,933,a20_24,m,ao_sao_ei
293914,933,a65_69,m,ao_esao_Chinese
917447,933,a20_24,m,ao_esao_Filipino
25100,933,a10_14,f,ao_sao_ei
308904,933,a70_74,f,ao_sao_ei
292506,933,a55_59,m,eo_obio
406656,933,a20_24,m,ao_oesao
280715,933,a45_49,m,eo_seo_Italian
838048,933,a80_84,f,ao_esao_Chinese
324273,933,a20_24,m,ao_esao_Chinese
512054,933,a80_84,m,eo_weo_German
575168,933,a40_44,f,ao_esao_Chinese
689472,933,a45_49,f,ao_osao
521065,933,a55_59,f,eo_bio_English
306853,933,a40_44,m,eo_bio_Scottish
255746,933,a5_9,m,lcsao
499426,933,a5_9,m,ao_sao_ei
632698,933,a10_14,m,ao_esao_Chinese
446865,933,a55_59,f,ao
673118,933,a35_39,f,ao_esao_Chinese
672166,933,a35_39,m,onao_Canadian
765964,933,a35_39,f,ao_sao_ei
356607,933,a45_49,f,ao_esao_Chinese
329393,933,a30_34,f,ao_osao
674639,933,a55_59,f,ao_sao_ei
268137,933,a20_24,f,ao_esao_Chinese
254095,933,a15_19,m,ao_sao_ei
877157,933,a75_79,m,ao_esao_Chinese
205276,933,a60_64,f,ao_oesao
517641,933,a50_54,m,ao_sao_ei
373077,933,a55_59,f,ao_esao_Chinese
458823,933,a65_69,m,ao_sao_ei
301632,933,a15_19,m,onao_Canadian
483324,933,a25_29,f,ao_esao_Chinese
62010,933,a70_74,f,lcsao
302512,933,a50_54,f,naao
70474,933,a30_34,f,ao_wcameo
27072,933,a50_54,m,eo_obio
667551,933,a55_59,f,ao_esao_Chinese
13061,933,a30_34,f,eo_eeo_Russian
759666,933,a40_44,f,ao_esao_Chinese
324877,933,a35_39,m,ao_sao_ei
331964,933,a20_24,f,ao_sao_ei
645089,933,a30_34,m,eo_oseo
791609,933,a65_69,m,ao_osao
276793,933,a70_74,m,ao_esao_Chinese
409428,933,a80_84,f,ao_esao_Chinese
284058,933,a70_74,f,ao_sao_ei
753142,933,a20_24,m,ao_sao_ei
634121,933,a30_34,m,onao_Canadian
180137,933,a30_34,f,ao_oesao
258053,933,a25_29,f,ao_esao_Chinese
276562,933,a20_24,f,ao_sao_ei
83912,933,a45_49,m,eo_oeo
597882,933,a35_39,f,ao_esao_Filipino
330738,933,a55_59,f,eo_oseo
454076,933,a50_54,m,eo_bio_English
578474,933,a70_74,f,eo_bio_Scottish
540688,933,a75_79,f,ao_osao
278586,933,a55_59,m,eo_weo_German
148908,933,a60_64,f,eo_oseo
415921,933,a35_39,m,eo_obio
173602,933,a55_59,m,ao_oesao
289769,933,a80_84,f,ao_sao_ei
91635,933,a30_34,m,ao_sao_ei
720927,933,a85_,m,eo_bio_English
592116,933,a10_14,f,eo_bio_English
445236,933,a80_84,f,ao_esao_Chinese
811092,933,a55_59,f,ao_esao_Chinese
21464,933,a80_84,f,eo_bio_English
413416,933,a30_34,f,ao_esao_Chinese
338787,933,a50_54,f,ao_wcameo
375468,933,a55_59,f,eo_weo_German
248468,933,a60_64,f,eo_bio_English
449170,933,a10_14,m,ao_esao_Chinese
734357,933,a10_14,m,ao_esao_Filipino
744165,933,a55_59,f,ao_oesao
305031,933,a0_4,m,ao_esao_Chinese
274835,933,a40_44,f,eo_weo_Dutch
538436,933,a40_44,m,ao_esao_Filipino
737715,933,a40_44,m,ao
740669,933,a65_69,m,eo_bio_Scottish
710373,933,a55_59,f,ao_esao_Chinese
398778,933,a20_24,f,ao_esao_Chinese
256744,933,a65_69,m,ao_esao_Chinese
780359,933,a15_19,m,ao_sao_ei
298377,933,a55_59,m,ao_esao_Chinese
646390,933,a30_34,m,ao_esao_Filipino
150332,933,a45_49,f,eo_seo_Greek
398412,933,a55_59,f,ao_sao_ei
231134,933,a40_44,f,ao_esao_Chinese
107411,933,a25_29,f,ao_sao_ei
308352,933,a5_9,f,onao_Canadian
160646,933,a35_39,m,ao_oesao
91506,933,a30_34,m,eo_oeo
57336,933,a45_49,f,ao_esao_Filipino
511118,933,a75_79,f,onao_Canadian
754597,933,a70_74,m,eo_eeo_Russian
286717,933,a30_34,m,eo_bio_English
550541,933,a80_84,m,eo_neo
475896,933,a0_4,f,onao_Canadian
346531,933,a40_44,f,ao_esao_Chinese
647281,933,a50_54,m,eo_oseo
711823,933,a15_19,f,eo_eeo_Russian
904231,933,a25_29,f,ao_sao_ei
878277,933,a40_44,f,eo_oeo
798892,933,a25_29,m,ao_wcameo
29873,933,a55_59,m,ao_esao_Chinese
562773,933,a30_34,m,eo_eeo_Polish
131794,933,a30_34,m,eo_bio_English
63579,933,a80_84,m,ao_esao_Chinese
175015,933,a40_44,m,ao_oesao
565937,933,a25_29,f,lcsao
760665,933,a45_49,f,ao_esao_Chinese
57836,933,a15_19,f,ao_sao_ei
835961,933,a50_54,f,ao_esao_Chinese
61863,933,a40_44,m,ao_sao_ei
916137,933,a40_44,m,ao_esao_Chinese
868625,933,a35_39,f,ao_osao
775497,933,a10_14,f,ao_sao_ei
301161,933,a55_59,m,eo_eeo_Polish
685440,933,a0_4,f,ao_esao_Filipino
42620,933,a60_64,f,ao_esao_Chinese
417222,933,a30_34,f,ao_esao_Chinese
331781,933,a30_34,f,ao
878779,933,a10_14,f,ao_sao_ei
796204,933,a5_9,f,oo
416740,933,a20_24,m,naao
804055,933,a40_44,f,ao_osao
723234,933,a5_9,m,lcsao
316845,933,a50_54,m,ao_sao_ei
440172,933,a50_54,f,ao_esao_Chinese
380839,933,a65_69,f,ao_oesao
832470,933,a65_69,m,ao_sao_ei
869323,933,a40_44,m,eo_seo_Italian
625235,933,a50_54,f,ao_wcameo
389688,933,a65_69,f,onao_Canadian
42298,933,a80_84,m,eo_bio_English
697891,933,a25_29,m,ao_esao_Filipino
45062,933,a40_44,f,ao_esao_Chinese
97937,933,a20_24,m,eo_oeo
918323,933,a0_4,f,ao_wcameo
316748,933,a15_19,m,ao_osao
752560,933,a5_9,m,ao_esao_Chinese
349360,933,a50_54,f,ao_sao_ei
631051,933,a35_39,m,naao
250648,933,a55_59,f,onao_Canadian
233481,933,a60_64,m,eo_oeeo
864805,933,a40_44,m,ao_wcameo
376943,933,a60_64,f,eo_weo_German
320823,933,a20_24,m,ao_esao_Chinese
870585,933,a25_29,m,ao_osao
583567,933,a20_24,m,onao_Canadian
902978,933,a5_9,m,ao_sao_ei
769070,933,a60_64,f,ao_esao_Chinese
146763,933,a30_34,f,ao_sao_ei
200917,933,a45_49,m,lcsao
454967,933,a45_49,m,onao_Canadian
773491,933,a65_69,f,onao_Canadian
652810,933,a70_74,f,eo_bio_English
818876,933,a65_69,m,onao_Canadian
616868,933,a55_59,m,ao_esao_Chinese
758238,933,a80_84,m,ao_oesao
358328,933,a55_59,f,ao_esao_Filipino
658621,933,a50_54,m,ao_sao_ei
669884,933,a65_69,m,eo_bio_English
525298,933,a60_64,m,ao_esao_Chinese
506592,933,a60_64,m,ao_osao
325031,933,a65_69,m,eo_oeo
22284,933,a20_24,f,ao_esao_Chinese
332645,933,a55_59,f,eo_weo_German
123619,933,a50_54,f,ao_oesao
786256,933,a10_14,m,ao_sao_ei
21414,933,a35_39,f,ao_esao_Chinese
209507,933,a70_74,m,eo_bio_English
145265,933,a35_39,m,ao_sao_ei
456163,933,a0_4,f,onao_Canadian
253319,933,a40_44,f,eo_obio
889273,933,a55_59,m,ao_wcameo
734916,933,a35_39,m,ao_sao_ei
610164,933,a45_49,f,eo_seo_Italian
790715,933,a25_29,f,eo_seo_Spanish
702329,933,a20_24,m,ao_esao_Filipino
234015,933,a50_54,f,eo_bio_Scottish
209598,933,a35_39,m,ao_esao_Chinese
270113,933,a70_74,m,eo_bio_English
269816,933,a35_39,m,ao_wcameo
586517,933,a70_74,m,ao_sao_ei
578811,933,a45_49,f,eo_weo_German
484341,933,a10_14,f,eo_oseo
146201,933,a5_9,m,ao_sao_ei
523663,933,a20_24,m,ao_esao_Filipino
402418,933,a30_34,f,ao_oesao
78618,933,a15_19,f,ao_sao_ei
875148,933,a20_24,f,ao_esao_Chinese
204752,933,a45_49,m,eo_eeo_Ukrainian
730733,933,a50_54,m,ao_esao_Chinese
229952,933,a65_69,m,ao_esao_Chinese
294242,933,a5_9,m,ao_esao_Chinese
732762,933,a35_39,f,ao_esao_Chinese
177997,933,a15_19,m,ao_esao_Chinese
822283,933,a70_74,m,eo_bio_Irish
537380,933,a10_14,m,ao_esao_Filipino
672152,933,a65_69,f,ao_wcameo
876225,933,a70_74,m,ao_esao_Chinese
489899,933,a65_69,m,ao_wcameo
694395,933,a60_64,f,eo_eeo_Polish
519928,933,a25_29,m,ao_esao_Chinese
431704,933,a30_34,m,ao_sao_ei
169985,933,a10_14,f,ao_oesao
667405,933,a5_9,m,lcsao
22471,933,a60_64,m,ao_esao_Chinese
584704,933,a20_24,f,ao_esao_Chinese
516280,933,a40_44,f,eo_bio_English
204752,933,a45_49,m,eo_eeo_Ukrainian
311135,933,a0_4,m,ao_esao_Chinese
837507,933,a35_39,m,ao_wcameo
437944,933,a65_69,f,eo_oseo
17659,933,a35_39,f,onao_Canadian
401097,933,a70_74,f,ao_esao_Filipino
395817,933,a55_59,f,ao_esao_Chinese
135974,933,a0_4,m,ao_osao
62222,933,a40_44,m,ao_esao_Chinese
84890,933,a85_,m,ao_esao_Chinese
52800,933,a35_39,f,ao_esao_Filipino
208262,933,a70_74,m,eo_bio_English
640238,933,a85_,f,eo_bio_English
229031,933,a75_79,m,onao_Canadian
435845,933,a10_14,m,ao_sao_ei
330781,933,a70_74,f,eo_bio_English
611389,933,a15_19,m,ao_esao_Filipino
285046,933,a45_49,m,ao_esao_Filipino
740206,933,a65_69,f,ao_sao_ei
162362,933,a15_19,m,ao_esao_Chinese
130049,933,a15_19,f,ao_esao_Chinese
613552,933,a30_34,m,eo_bio_Scottish
909393,933,a30_34,m,lcsao
909859,933,a55_59,f,eo_bio_English
460785,933,a0_4,m,ao_esao_Chinese
232204,933,a45_49,f,onao_Canadian
314011,933,a25_29,f,ao_sao_ei
356128,933,a20_24,m,eo_bio_English
101442,933,a30_34,m,ao_wcameo
554883,933,a15_19,m,onao_Canadian
842321,933,a10_14,m,eo_eeo_Ukrainian
542319,933,a25_29,f,ao_esao_Chinese
402730,933,a50_54,m,ao_oesao
905380,933,a55_59,m,ao_esao_Filipino
638000,933,a30_34,m,ao_esao_Chinese
417256,933,a15_19,m,ao_osao
67456,933,a20_24,f,ao_esao_Chinese
98836,933,a50_54,f,eo_eeo_Russian
450194,933,a45_49,f,onao_Canadian
872809,933,a10_14,f,lcsao
656623,933,a20_24,m,ao_esao_Chinese
641309,933,a15_19,f,ao_esao_Chinese
926191,933,a60_64,f,eo_neo
501503,933,a45_49,f,ao_oesao
94136,933,a30_34,f,ao_esao_Chinese
381633,933,a25_29,f,ao_esao_Chinese
903021,933,a25_29,f,ao_sao_ei
680043,933,a35_39,f,ao_esao_Chinese
409515,933,a50_54,m,ao_esao_Chinese
408050,933,a45_49,m,ao_wcameo
924593,933,a25_29,f,oo
770763,933,a10_14,f,ao_esao_Chinese
525175,933,a55_59,f,ao_sao_ei
652775,933,a45_49,f,ao_esao_Chinese
347374,933,a20_24,m,ao_esao_Chinese
744551,933,a30_34,f,ao_sao_ei
254957,933,a15_19,m,ao_sao_ei
829860,933,a25_29,m,eo_weo_German
889237,933,a55_59,m,ao_sao_ei
553446,933,a65_69,f,eo_seo_Greek
859463,933,a75_79,f,ao_esao_Chinese
461383,933,a80_84,m,ao_esao_Chinese
599063,933,a75_79,f,ao_sao_ei
216053,933,a0_4,f,ao_esao_Chinese
928199,933,a25_29,m,ao_esao_Chinese
430164,933,a10_14,f,ao_sao_ei
353720,933,a10_14,m,ao_sao_ei
138679,933,a20_24,f,onao_Canadian
527560,933,a45_49,m,ao_osao
362432,933,a45_49,f,ao_esao_Filipino
537132,933,a80_84,f,eo_obio
815920,933,a55_59,m,ao_esao_Chinese
867049,933,a10_14,f,ao_wcameo
844710,933,a40_44,m,ao_esao_Chinese
377073,933,a0_4,m,ao_wcameo
76942,933,a35_39,f,ao_esao_Chinese
489768,933,a70_74,m,eo_seo_Italian
764354,933,a30_34,f,ao_wcameo
241316,933,a45_49,f,ao_oesao
690039,933,a0_4,m,onao_Canadian
275590,933,a55_59,f,lcsao
89603,933,a70_74,m,eo_bio_English
42111,933,a25_29,m,ao_esao_Chinese
359952,933,a70_74,m,ao_sao_ei
342720,933,a45_49,m,eo_bio_English
858816,933,a55_59,f,ao_esao_Chinese
571660,933,a25_29,f,ao_esao_Chinese
191130,933,a50_54,m,ao_esao_Chinese
740305,933,a70_74,f,eo_oseo
651645,933,a20_24,m,ao_esao_Chinese
465583,933,a55_59,m,eo_bio_English
823535,933,a40_44,f,ao_esao_Chinese
35513,933,a20_24,m,ao_esao_Chinese
313104,933,a45_49,m,onao_Canadian
265228,933,a5_9,f,onao_Canadian
494638,933,a85_,f,ao_sao_ei
191184,933,a60_64,m,eo_eeo_Ukrainian
706587,933,a25_29,f,ao_esao_Chinese
218738,933,a40_44,f,ao_sao_ei
344289,933,a0_4,m,ao_osao
59408,933,a50_54,m,onao_Canadian
4883,933,a85_,f,eo_weo_German
122529,933,a60_64,f,ao_esao_Filipino
217030,933,a30_34,m,ao_sao_ei
709353,933,a0_4,f,ao_esao_Chinese
5580,933,a40_44,m,ao_oesao
182159,933,a50_54,m,eo_bio_Scottish
5669,933,a35_39,f,ao_esao_Chinese
899741,933,a40_44,m,eo_bio_Scottish
20985,933,a55_59,f,ao_esao_Chinese
828911,933,a10_14,f,ao_osao
663485,933,a45_49,f,ao_esao_Filipino
295945,933,a65_69,m,eo_fo
245448,933,a20_24,m,oo
512001,933,a60_64,f,ao_esao_Chinese
542812,933,a65_69,m,ao_sao_ei
473830,933,a20_24,m,onao_Canadian
345670,933,a10_14,f,ao
702726,933,a35_39,m,ao_oesao
118619,933,a75_79,f,eo_fo
314851,933,a30_34,f,ao_esao_Chinese
908958,933,a50_54,m,ao_esao_Chinese
804525,933,a30_34,f,ao_sao_ei
768486,933,a20_24,f,lcsao
491736,933,a65_69,m,ao_sao_ei
722929,933,a0_4,f,ao_wcameo
363523,933,a80_84,m,eo_bio_English
798934,933,a70_74,m,ao_sao_ei
91635,933,a30_34,m,ao_sao_ei
877053,933,a40_44,f,ao_esao_Chinese
615407,933,a85_,m,eo_weo_German
70696,933,a45_49,m,ao_esao_Chinese
864065,933,a40_44,f,ao_wcameo
503629,933,a25_29,f,ao_esao_Chinese
133478,933,a0_4,f,eo_oeeo
823473,933,a65_69,m,eo_bio_English
62296,933,a50_54,f,eo_weo_German
805920,933,a10_14,m,ao_esao_Filipino
791748,933,a30_34,f,ao_esao_Chinese
591898,933,a15_19,m,ao_oesao
840050,933,a40_44,m,eo_seo_Italian
209538,933,a60_64,f,eo_bio_English
67456,933,a20_24,f,ao_esao_Chinese
90716,933,a55_59,m,eo_neo
26105,933,a55_59,m,eo_weo_Dutch
660621,933,a70_74,m,eo_obio
705886,933,a10_14,m,naao
767488,933,a10_14,m,ao_esao_Chinese
878337,933,a60_64,m,eo_eeo_Russian
510920,933,a40_44,f,ao_esao_Filipino
342936,933,a65_69,m,eo_bio_English
921364,933,a25_29,m,oco
881598,933,a40_44,m,ao_oesao
780025,933,a0_4,m,oo
673517,933,a60_64,m,ao
123536,933,a25_29,m,ao_sao_ei
2734,933,a35_39,f,onao_Canadian
455505,933,a50_54,f,eo_bio_English
101197,933,a55_59,f,ao_esao_Chinese
861624,933,a75_79,m,onao_Canadian
258496,933,a35_39,m,eo_eeo_Polish
697891,933,a25_29,m,ao_esao_Filipino
828932,933,a10_14,m,ao_esao_Chinese
508241,933,a80_84,f,ao_esao_Chinese
645287,933,a20_24,f,ao_esao_Chinese
736460,933,a0_4,m,ao_sao_ei
633285,933,a65_69,f,eo_bio_English
452208,933,a55_59,m,ao_wcameo
325100,933,a5_9,f,ao_esao_Chinese
864641,933,a30_34,m,ao_esao_Chinese
785604,933,a50_54,m,ao_sao_ei
860615,933,a70_74,m,eo_bio_English
756865,933,a15_19,m,ao_esao_Chinese
220546,933,a10_14,m,ao_sao_ei
683480,933,a30_34,m,ao_esao_Chinese
757707,933,a25_29,f,ao_oesao
506704,933,a40_44,f,ao_esao_Chinese
370719,933,a25_29,m,ao_esao_Chinese
414081,933,a50_54,f,eo_bio_Scottish
644385,933,a5_9,f,ao_esao_Chinese
862901,933,a20_24,m,ao_esao_Chinese
326437,933,a65_69,m,ao_oesao
749229,933,a0_4,m,ao_sao_ei
930281,933,a20_24,f,ao_esao_Filipino
225587,933,a55_59,m,co_Jamaican
474038,933,a45_49,f,ao_esao_Chinese
469634,933,a15_19,m,ao_esao_Chinese
674269,933,a70_74,m,eo_bio_English
734916,933,a35_39,m,ao_sao_ei
767973,933,a45_49,f,eo_seo_Spanish
386804,933,a65_69,m,ao_esao_Chinese
890722,933,a50_54,m,ao_sao_ei
234063,933,a70_74,m,eo_seo_Italian
882741,933,a60_64,m,eo_oeo
672207,933,a65_69,m,ao_esao_Chinese
418164,933,a70_74,f,eo_fo
71631,933,a45_49,f,ao_osao
727360,933,a70_74,f,eo_fo
245994,933,a50_54,f,ao_esao_Chinese
255935,933,a45_49,m,onao_Canadian
722430,933,a65_69,f,eo_oseo
865457,933,a70_74,m,eo_seo_Greek
345994,933,a35_39,f,ao_esao_Chinese
431176,933,a55_59,f,ao_esao_Chinese
343629,933,a50_54,f,ao_esao_Filipino
191402,933,a15_19,m,ao_esao_Chinese
318820,933,a0_4,f,ao_esao_Chinese
780766,933,a20_24,m,ao_esao_Chinese
210981,933,a25_29,m,ao_esao_Chinese
821505,933,a50_54,f,ao_esao_Chinese
795811,933,a40_44,m,ao_sao_ei
101706,933,a10_14,f,onao_Canadian
490519,933,a30_34,m,eo_seo_Italian
647442,933,a70_74,m,eo_seo_Greek
869031,933,a35_39,f,ao_esao_Chinese
861661,933,a0_4,f,ao_sao_ei
168952,933,a20_24,f,eo_bio_English
15039,933,a40_44,m,oo
106312,933,a50_54,m,lcsao
765806,933,a45_49,f,ao_esao_Chinese
419355,933,a10_14,m,ao_oesao
299067,933,a70_74,f,onao
390186,933,a5_9,m,ao_sao_ei
258191,933,a45_49,m,lcsao
90327,933,a45_49,m,ao_osao
214046,933,a65_69,m,ao_sao_ei
875535,933,a30_34,m,ao_sao_ei
304097,933,a10_14,m,onao_Canadian
249697,933,a20_24,m,onao_Canadian
316253,933,a15_19,f,ao_esao_Chinese
229689,933,a25_29,f,ao_esao_Chinese
874999,933,a25_29,f,ao_esao_Chinese
713403,933,a50_54,m,onao_Canadian
738460,933,a10_14,f,ao_sao_ei
10153,933,a55_59,m,ao_sao_ei
15864,933,a35_39,f,ao_esao_Chinese
427922,933,a10_14,m,ao_esao_Filipino
32336,933,a10_14,f,ao_esao_Chinese
629855,933,a40_44,m,lcsao
79543,933,a20_24,f,ao_esao_Chinese
172290,933,a40_44,m,ao_sao_ei
371565,933,a80_84,f,ao_esao_Chinese
746044,933,a40_44,m,ao_sao_ei
41084,933,a45_49,m,ao_wcameo
652151,933,a30_34,f,ao_sao_ei
664960,933,a85_,f,eo_seo_Italian
541167,933,a60_64,m,eo_fo
168738,933,a25_29,m,eo_bio_Irish
229182,933,a25_29,m,eo_bio_Irish
409623,933,a65_69,m,onao_Canadian
837842,933,a45_49,m,eo_eeo_Ukrainian
198428,933,a70_74,m,eo_bio_English
528811,933,a35_39,f,ao_esao_Filipino
563463,933,a60_64,m,ao_esao_Filipino
645353,933,a45_49,f,eo_oeeo
672492,933,a65_69,m,ao_sao_ei
318988,933,a15_19,m,onao_Canadian
856879,933,a0_4,m,ao_esao_Chinese
817958,933,a35_39,f,eo_bio_Irish
734351,933,a30_34,m,ao_esao_Chinese
74629,933,a70_74,f,ao_esao_Chinese
611119,933,a30_34,m,ao_esao_Chinese
900130,933,a85_,f,eo_fo
728328,933,a35_39,f,ao_esao_Chinese
122094,933,a55_59,f,naao
283802,933,a50_54,m,ao_esao_Filipino
761231,933,a65_69,f,eo_bio_English
716695,933,a55_59,f,eo_obio
22768,933,a60_64,m,ao_esao_Chinese
574239,933,a40_44,f,ao_esao_Chinese
758307,933,a50_54,m,ao_oesao
707937,933,a20_24,m,ao_esao_Chinese
293785,933,a55_59,m,ao_oesao
328994,933,a30_34,f,eo_oeeo
892025,933,a70_74,f,ao_esao_Chinese
724535,933,a80_84,m,eo_bio_Scottish
388835,933,a60_64,f,ao_esao_Filipino
387598,933,a70_74,m,eo_weo_German
691684,933,a65_69,m,ao_esao_Chinese
600509,933,a70_74,m,ao_sao_ei
657825,933,a25_29,f,ao_sao_ei
511166,933,a20_24,m,ao_esao_Chinese
135261,933,a50_54,f,ao_esao_Chinese
854037,933,a0_4,f,ao_esao_Chinese
478243,933,a5_9,f,eo_oeeo
491740,933,a55_59,f,eo_fo
272476,933,a40_44,f,ao_osao
195564,933,a40_44,m,ao_osao
895136,933,a25_29,m,ao_sao_ei
755848,933,a15_19,f,ao_esao_Chinese
287925,933,a40_44,f,ao_esao_Chinese
584911,933,a5_9,f,ao_oesao
94286,933,a30_34,m,ao_wcameo
225382,933,a30_34,f,onao_Canadian
818753,933,a55_59,f,ao_esao_Chinese
501146,933,a25_29,f,ao_esao_Chinese
697825,933,a0_4,f,ao_esao_Filipino
300807,933,a5_9,f,onao_Canadian
927083,933,a5_9,m,ao_oesao
812673,933,a60_64,f,ao_esao_Chinese
204986,933,a45_49,m,eo_bio_Irish
792997,933,a30_34,f,ao_wcameo
450932,933,a45_49,m,ao_oesao
327033,933,a30_34,f,ao_esao_Chinese
96497,933,a15_19,m,ao_esao_Chinese
264011,933,a65_69,m,eo_obio
358541,933,a15_19,f,onao_Canadian
929080,933,a55_59,m,eo_fo
6376,933,a10_14,f,eo_bio_English
464403,933,a80_84,m,eo_bio_English
916541,933,a10_14,m,onao_Canadian
199601,933,a25_29,f,ao_sao_ei
711314,933,a55_59,f,eo_obio
431614,933,a10_14,m,ao_esao_Chinese
138126,933,a5_9,f,ao_sao_ei
518336,933,a30_34,f,eo_bio_Irish
326283,933,a0_4,m,ao_esao_Chinese
732716,933,a15_19,f,ao_esao_Chinese
541395,933,a70_74,m,ao_esao_Chinese
906254,933,a75_79,f,ao_oesao
405591,933,a65_69,m,ao_esao_Chinese
365443,933,a65_69,f,ao_esao_Chinese
209465,933,a15_19,f,ao_esao_Filipino
6143,933,a55_59,f,ao_esao_Chinese
148573,933,a60_64,m,ao_esao_Chinese
685260,933,a70_74,m,ao_osao
693880,933,a60_64,f,ao_esao_Chinese
895828,933,a25_29,f,eo_bio_English
746555,933,a65_69,m,ao_esao_Chinese
759073,933,a15_19,m,ao_esao_Chinese
641538,933,a55_59,m,eo_weo_German
273980,933,a45_49,m,eo_obio
896829,933,a50_54,f,eo_bio_English
588487,933,a40_44,f,ao_oesao
268616,933,a75_79,m,eo_bio_Scottish
914452,933,a55_59,m,onao_Canadian
893129,933,a70_74,m,ao_esao_Chinese
877833,933,a80_84,m,ao_esao_Chinese
718494,933,a30_34,m,ao_esao_Chinese
547941,933,a10_14,f,ao_osao
420726,933,a75_79,f,ao_sao_ei
153012,933,a50_54,m,ao_esao_Chinese
265020,933,a75_79,f,ao_esao_Chinese
457322,933,a25_29,m,ao_sao_ei
77778,933,a25_29,f,ao_wcameo
51286,933,a45_49,f,ao_wcameo
21631,933,a50_54,m,ao_esao_Chinese
390147,933,a10_14,m,ao
130032,933,a10_14,f,ao_osao
500171,933,a15_19,m,ao_sao_ei
365264,933,a10_14,m,onao_Canadian
535056,933,a0_4,m,lcsao
77402,933,a0_4,f,eo_bio_English
652721,933,a25_29,f,ao_osao
336131,933,a15_19,f,ao_sao_ei
161655,933,a0_4,m,eo_oseo
598496,933,a50_54,f,ao_esao_Filipino
200323,933,a55_59,m,ao_sao_ei
410245,933,a60_64,m,ao_osao
778344,933,a20_24,m,eo_bio_English
804853,933,a50_54,f,ao_esao_Chinese
275837,933,a0_4,m,eo_weo_Dutch
139778,933,a80_84,m,ao_esao_Chinese
171412,933,a65_69,m,onao_Canadian
858259,933,a55_59,f,eo_eeo_Polish
194905,933,a40_44,m,ao_esao_Chinese
822763,933,a60_64,m,eo_oseo
720589,933,a20_24,m,ao_esao_Chinese
172290,933,a40_44,m,ao_sao_ei
364177,933,a35_39,m,eo_bio_English
600405,933,a15_19,m,ao_esao_Chinese
717036,933,a75_79,m,eo_bio_Scottish
551587,933,a0_4,m,ao_osao
374099,933,a0_4,m,ao_esao_Chinese
81731,933,a70_74,f,eo_seo_Italian
196147,933,a45_49,f,ao_oesao
704021,933,a45_49,f,ao_sao_ei
349762,933,a80_84,m,ao_esao_Chinese
211583,933,a65_69,f,ao_esao_Chinese
131986,933,a30_34,f,ao_sao_ei
260127,933,a20_24,m,ao_esao_Chinese
16392,933,a5_9,f,onao_Canadian
103420,933,a20_24,m,ao_esao_Chinese
673665,933,a20_24,m,ao_esao_Chinese
546986,933,a25_29,m,ao_sao_ei
244656,933,a10_14,m,ao_sao_ei
129604,933,a50_54,f,ao_esao_Filipino
596698,933,a50_54,m,naao
928451,933,a55_59,m,eo_bio_English
308297,933,a50_54,f,ao_esao_Filipino
355813,933,a45_49,f,ao_oesao
105170,933,a45_49,m,oo
923165,933,a35_39,f,eo_oeo
219991,933,a30_34,f,ao_osao
280485,933,a20_24,m,eo_weo_Dutch
779725,933,a15_19,f,ao_sao_ei
690687,933,a35_39,f,onao_Canadian
213913,933,a45_49,m,ao_esao_Chinese
752154,933,a40_44,m,ao_sao_ei
58788,933,a85_,f,eo_weo_German
915452,933,a35_39,m,ao_esao_Chinese
63263,933,a15_19,f,ao_oesao
718297,933,a5_9,m,ao_wcameo
39880,933,a60_64,f,eo_eeo_Hungarian
881471,933,a30_34,m,ao_esao_Chinese
779269,933,a15_19,m,ao_sao_ei
502231,933,a40_44,f,ao_esao_Chinese
172290,933,a40_44,m,ao_sao_ei
269550,933,a40_44,f,ao_esao_Chinese
196836,933,a45_49,f,ao_wcameo
327720,933,a20_24,f,ao_esao_Chinese
130459,933,a30_34,m,ao_esao_Chinese
916466,933,a60_64,m,onao_Canadian
854014,933,a25_29,f,ao_sao_ei
771292,933,a60_64,m,ao_esao_Chinese
60694,933,a35_39,m,eo_oseo
294742,933,a45_49,f,eo_eeo_Ukrainian
803782,933,a30_34,m,eo_bio_Irish
588035,933,a65_69,f,ao_esao_Chinese
323125,933,a45_49,f,lcsao
327237,933,a25_29,f,ao_oesao
731590,933,a5_9,f,eo_oeeo
253917,933,a50_54,m,eo_bio_Scottish
374000,933,a30_34,f,ao_sao_ei
42882,933,a45_49,f,eo_weo_Dutch
29135,933,a5_9,m,ao
102838,933,a45_49,f,eo_neo
311068,933,a85_,f,eo_seo_Italian
389425,933,a20_24,f,ao_esao_Filipino
294026,933,a65_69,f,ao_esao_Chinese
565988,933,a50_54,m,eo_obio
197035,933,a75_79,f,eo_weo_German
295850,933,a65_69,m,ao_sao_ei
721840,933,a45_49,m,ao_esao_Chinese
379708,933,a5_9,f,ao_esao_Filipino
93245,933,a5_9,m,eo_bio_English
580739,933,a65_69,f,ao_esao_Chinese
20893,933,a85_,f,eo_weo_German
242438,933,a40_44,m,ao_sao_ei
45362,933,a60_64,m,eo_bio_Irish
783742,933,a65_69,m,eo_bio_English
540166,933,a65_69,f,ao_esao_Chinese
224093,933,a20_24,f,ao_esao_Chinese
369250,933,a5_9,f,ao_esao_Filipino
274763,933,a10_14,f,ao_esao_Chinese
800956,933,a25_29,f,ao_oesao
610759,933,a30_34,m,ao_esao_Chinese
159641,933,a35_39,m,ao_wcameo
313136,933,a55_59,f,ao_esao_Chinese
392870,933,a25_29,f,lcsao
482051,933,a30_34,f,lcsao
877053,933,a40_44,f,ao_esao_Chinese
69794,933,a25_29,m,ao_sao_ei
365816,933,a55_59,f,ao_oesao
738337,933,a35_39,m,onao_Canadian
423119,933,a35_39,m,ao_esao_Chinese
917625,933,a5_9,f,eo_weo_Dutch
484075,933,a25_29,m,ao_esao_Chinese
737659,933,a25_29,m,eo_bio_English
370351,933,a55_59,f,ao_sao_ei
101024,933,a10_14,f,ao_sao_ei
759935,933,a45_49,f,ao_esao_Filipino
417900,933,a45_49,f,ao_esao_Chinese
213898,933,a40_44,f,ao_esao_Chinese
163866,933,a5_9,f,ao_esao_Chinese
678183,933,a55_59,f,ao_oesao
128344,933,a65_69,m,ao_oesao
858744,933,a70_74,m,onao_Canadian
846019,933,a55_59,f,eo_bio_Irish
436238,933,a75_79,m,ao_wcameo
861952,933,a55_59,f,ao_esao_Chinese
87590,933,a40_44,f,ao
185375,933,a20_24,m,ao_esao_Chinese
175692,933,a15_19,m,onao_Canadian
532798,933,a75_79,m,onao_Canadian
201155,933,a45_49,m,eo_fo
132707,933,a70_74,m,ao_wcameo
68271,933,a50_54,m,ao_esao_Chinese
218771,933,a15_19,f,eo_oeeo
623104,933,a35_39,m,ao_esao_Chinese
160892,933,a25_29,f,ao_esao_Chinese
537210,933,a45_49,f,ao_esao_Chinese
515749,933,a50_54,m,ao_esao_Chinese
211570,933,a10_14,m,eo_oseo
312455,933,a85_,f,eo_obio
441507,933,a15_19,m,ao_sao_ei
878026,933,a60_64,f,ao_sao_ei
696393,933,a60_64,f,eo_bio_English
102550,933,a75_79,m,eo_seo_Portuguese
180727,933,a10_14,f,ao_esao_Chinese
568362,933,a35_39,f,ao_esao_Chinese
596318,933,a35_39,m,eo_oseo
396860,933,a65_69,m,ao_esao_Chinese
401355,933,a40_44,m,ao_sao_ei
854722,933,a30_34,f,ao
414576,933,a35_39,m,ao_wcameo
242438,933,a40_44,m,ao_sao_ei
476835,933,a30_34,m,ao_esao_Chinese
368582,933,a55_59,f,ao_esao_Chinese
226445,933,a75_79,f,eo_eeo_Russian
87273,933,a65_69,m,ao_esao_Chinese
817889,933,a15_19,m,ao_esao_Chinese
29577,933,a45_49,m,onao_Canadian
817364,933,a60_64,f,eo_weo_Dutch
43284,933,a65_69,f,ao_esao_Chinese
661763,933,a45_49,f,ao_esao_Chinese
866978,933,a75_79,m,onao_Canadian
300847,933,a50_54,m,ao_esao_Chinese
386452,933,a35_39,m,ao_esao_Filipino
93089,933,a65_69,f,ao_esao_Chinese
388489,933,a5_9,m,ao_osao
453827,933,a55_59,f,eo_eeo_Russian
316139,933,a35_39,f,ao_oesao
129301,933,a60_64,m,eo_bio_English
216172,933,a5_9,f,ao_sao_ei
733466,933,a20_24,f,onao_Canadian
541530,933,a15_19,f,ao_esao_Chinese
164485,933,a55_59,f,ao_esao_Chinese
900463,933,a55_59,f,ao_sao_ei
323773,933,a60_64,f,ao_sao_ei
787735,933,a10_14,f,eo_bio_English
474863,933,a45_49,m,ao_esao_Chinese
433730,933,a70_74,f,ao_sao_ei
846362,933,a20_24,m,ao_esao_Chinese
62223,933,a55_59,f,ao_esao_Chinese
399982,933,a20_24,f,onao_Canadian
14217,933,a50_54,f,ao_esao_Chinese
730857,933,a40_44,f,ao_esao_Chinese
807925,933,a15_19,f,naao
207172,933,a55_59,f,ao_oesao
732762,933,a35_39,f,ao_esao_Chinese
335188,933,a0_4,m,ao_esao_Chinese
579664,933,a45_49,m,ao_sao_ei
113638,933,a5_9,m,ao_esao_Chinese
336602,933,a80_84,m,eo_weo_Dutch
753306,933,a55_59,f,eo_bio_English
663797,933,a10_14,m,ao_esao_Chinese
765350,933,a10_14,m,ao_sao_ei
509836,933,a45_49,f,ao_sao_ei
316708,933,a40_44,m,ao_sao_ei
409312,933,a30_34,m,ao_osao
468766,933,a25_29,m,ao_esao_Chinese
824395,933,a10_14,m,ao_esao_Chinese
688599,933,a55_59,f,ao_osao
665228,933,a55_59,m,ao_oesao
829150,933,a40_44,f,onao_Canadian
229320,933,a50_54,m,ao_esao_Chinese
794481,933,a30_34,m,ao_oesao
216177,933,a50_54,f,ao
233926,933,a30_34,m,ao_esao_Chinese
398230,933,a20_24,f,ao_esao_Chinese
919877,933,a5_9,m,onao_Canadian
265532,933,a60_64,f,ao_sao_ei
454412,933,a70_74,f,ao_osao
87972,933,a85_,m,ao_esao_Filipino
309531,933,a35_39,f,ao_sao_ei
444804,933,a60_64,f,ao_esao_Chinese
531103,933,a85_,m,eo_eeo_Russian
29491,933,a0_4,m,ao_oesao
117730,933,a0_4,f,ao_esao_Chinese
45075,933,a15_19,f,ao_esao_Chinese
323484,933,a60_64,f,ao_oesao
152918,933,a40_44,m,ao_esao_Chinese
488017,933,a35_39,f,ao_sao_ei
196865,933,a60_64,f,ao_esao_Chinese
25155,933,a25_29,m,ao_sao_ei
723812,933,a40_44,f,ao_esao_Filipino
376260,933,a30_34,f,eo_oseo
515542,933,a55_59,m,ao_esao_Chinese
114429,933,a0_4,m,eo_seo_Italian
607704,933,a45_49,f,ao_sao_ei
21160,933,a60_64,f,ao_esao_Chinese
303628,933,a55_59,m,onao_Canadian
665363,933,a45_49,m,onao_Canadian
755417,933,a5_9,m,ao_esao_Chinese
699291,933,a10_14,m,ao_osao
478608,933,a60_64,m,eo_bio_Irish
833246,933,a60_64,f,eo_bio_English
918021,933,a35_39,m,eo_bio_English
514868,933,a45_49,m,onao_Canadian
910384,933,a45_49,m,eo_oseo
665911,933,a70_74,f,eo_weo_German
900932,933,a70_74,m,ao
709917,933,a45_49,m,ao_esao_Chinese
84547,933,a60_64,f,ao_osao
741520,933,a75_79,m,eo_oeeo
96975,933,a85_,m,eo_weo_German
269504,933,a45_49,f,ao_esao_Chinese
467653,933,a75_79,m,onao_Canadian
529958,933,a60_64,m,ao_oesao
124147,933,a75_79,f,ao_esao_Chinese
274955,933,a40_44,f,ao_esao_Chinese
880654,933,a25_29,m,ao_esao_Chinese
269797,933,a10_14,m,ao_sao_ei
896175,933,a60_64,m,ao_esao_Chinese
718489,933,a15_19,m,ao_oesao
750990,933,a15_19,f,ao_esao_Chinese
99220,933,a70_74,f,ao_esao_Chinese
626983,933,a35_39,f,ao_wcameo
691983,933,a85_,f,eo_weo_Dutch
223310,933,a70_74,m,eo_weo_German
409535,933,a15_19,f,ao_esao_Chinese
720932,933,a60_64,f,ao_sao_ei
894583,933,a35_39,f,ao_oesao
19302,933,a10_14,f,onao_Canadian
171636,933,a65_69,m,ao_esao_Chinese
922458,933,a10_14,m,ao_osao
167931,933,a0_4,m,ao_esao_Chinese
811871,933,a35_39,m,ao_esao_Chinese
310154,933,a60_64,f,ao_sao_ei
217140,933,a60_64,m,eo_eeo_Ukrainian
600903,933,a50_54,f,ao_oesao
888483,933,a60_64,f,ao_sao_ei
218881,933,a85_,m,eo_oweo
541895,933,a65_69,m,eo_bio_English
398378,933,a35_39,m,ao_esao_Chinese
193515,933,a40_44,f,ao_sao_ei
92855,933,a40_44,m,ao_esao_Chinese
268127,933,a30_34,m,ao_esao_Chinese
430332,933,a75_79,f,ao_sao_ei
901102,933,a45_49,m,ao_esao_Filipino
692058,933,a35_39,m,ao_sao_ei
879324,933,a45_49,m,ao_esao_Chinese
518550,933,a65_69,f,eo_seo_Portuguese
79033,933,a5_9,m,ao_esao_Chinese
178059,933,a45_49,f,eo_weo_German
460833,933,a25_29,f,ao_esao_Chinese
681744,933,a15_19,f,ao_esao_Chinese
434864,933,a30_34,m,ao_esao_Chinese
408527,933,a40_44,m,ao_sao_ei
141092,933,a80_84,m,ao_esao_Chinese
720550,933,a25_29,f,ao_sao_ei
509021,933,a15_19,f,ao_sao_ei
874990,933,a15_19,f,onao_Canadian
526125,933,a65_69,m,eo_eeo_Polish
788095,933,a30_34,f,onao_Canadian
